data;

param n := 100;

param p := 20;

param m := 5;

param alpha := 10.204665184020996;

param r := 
	0	2
	1	4
	2	1
	3	3
	4	2
	5	2
	6	4
	7	4
	8	0
	9	1
	10	0
	11	4
	12	3
	13	3
	14	1
	15	0
	16	1
	17	2
	18	1
	19	3
	20	3
	21	4
	22	0
	23	0
	24	3
	25	2
	26	4
	27	2
	28	3
	29	0
	30	3
	31	3
	32	0
	33	3
	34	4
	35	4
	36	0
	37	0
	38	2
	39	1
	40	4
	41	0
	42	1
	43	4
	44	4
	45	4
	46	3
	47	0
	48	4
	49	2
	50	0
	51	4
	52	4
	53	0
	54	4
	55	2
	56	4
	57	2
	58	4
	59	2
	60	3
	61	1
	62	2
	63	0
	64	2
	65	0
	66	2
	67	3
	68	1
	69	1
	70	4
	71	3
	72	4
	73	1
	74	2
	75	3
	76	2
	77	1
	78	3
	79	0
	80	2
	81	2
	82	1
	83	1
	84	3
	85	0
	86	2
	87	4
	88	0
	89	2
	90	1
	91	0
	92	2
	93	0
	94	4
	95	0
	96	1
	97	3
	98	2
	99	4
;

param d := 
	0	4
	1	4
	2	2
	3	3
	4	2
	5	2
	6	4
	7	4
	8	1
	9	2
	10	4
	11	4
	12	3
	13	4
	14	4
	15	2
	16	3
	17	3
	18	2
	19	4
	20	3
	21	4
	22	3
	23	1
	24	3
	25	3
	26	4
	27	4
	28	3
	29	3
	30	3
	31	3
	32	0
	33	3
	34	4
	35	4
	36	4
	37	4
	38	3
	39	4
	40	4
	41	0
	42	4
	43	4
	44	4
	45	4
	46	3
	47	3
	48	4
	49	2
	50	1
	51	4
	52	4
	53	1
	54	4
	55	3
	56	4
	57	2
	58	4
	59	4
	60	4
	61	3
	62	2
	63	3
	64	4
	65	1
	66	4
	67	4
	68	3
	69	4
	70	4
	71	4
	72	4
	73	4
	74	2
	75	4
	76	3
	77	3
	78	3
	79	4
	80	3
	81	3
	82	2
	83	2
	84	4
	85	4
	86	3
	87	4
	88	4
	89	4
	90	2
	91	2
	92	2
	93	1
	94	4
	95	3
	96	3
	97	3
	98	2
	99	4
;

param c := 
	0	0	0.0
	0	1	32.572994
	0	2	86.977005
	0	3	26.400757
	0	4	80.280754
	0	5	75.43209
	0	6	68.06615
	0	7	35.35534
	0	8	12.0
	0	9	61.188232
	0	10	88.60023
	0	11	51.78803
	0	12	38.948685
	0	13	107.18675
	0	14	88.14193
	0	15	38.626415
	0	16	78.77182
	0	17	60.207973
	0	18	49.0306
	0	19	71.11259
	0	20	77.25283
	0	21	51.47815
	0	22	66.88796
	0	23	53.740116
	0	24	74.431175
	0	25	85.052925
	0	26	37.202152
	0	27	64.84597
	0	28	85.95929
	0	29	81.25269
	0	30	77.07788
	0	31	63.812225
	0	32	52.201534
	0	33	23.43075
	0	34	29.427877
	0	35	27.313
	0	36	64.815125
	0	37	52.801514
	0	38	61.294373
	0	39	55.97321
	0	40	30.413813
	0	41	55.027267
	0	42	75.60423
	0	43	56.568542
	0	44	82.75868
	0	45	54.405884
	0	46	59.03389
	0	47	53.814495
	0	48	94.371605
	0	49	24.083189
	0	50	20.248457
	0	51	95.85406
	0	52	87.80091
	0	53	80.529495
	0	54	73.409805
	0	55	75.39231
	0	56	68.154236
	0	57	26.24881
	0	58	91.66242
	0	59	20.024984
	0	60	43.011627
	0	61	28.653097
	0	62	18.384777
	0	63	89.26926
	0	64	68.0
	0	65	42.190044
	0	66	86.977005
	0	67	99.32271
	0	68	49.648766
	0	69	77.41447
	0	70	37.589893
	0	71	51.40039
	0	72	45.54119
	0	73	43.185646
	0	74	80.05623
	0	75	47.095646
	0	76	29.832869
	0	77	95.63472
	0	78	89.26926
	0	79	53.851646
	0	80	57.00877
	0	81	30.413813
	0	82	68.65858
	0	83	37.215588
	0	84	74.52516
	0	85	92.070625
	0	86	24.207438
	0	87	41.19466
	0	88	43.863426
	0	89	40.24922
	0	90	8.5440035
	0	91	57.801384
	0	92	49.729267
	0	93	94.24436
	0	94	74.30343
	0	95	33.42155
	0	96	50.990196
	0	97	22.847319
	0	98	60.00833
	0	99	24.207438
	1	0	32.572994
	1	1	0.0
	1	2	87.81799
	1	3	52.34501
	1	4	84.40379
	1	5	64.132675
	1	6	64.40497
	1	7	62.39391
	1	8	21.470911
	1	9	53.488316
	1	10	75.23962
	1	11	46.52956
	1	12	26.832815
	1	13	85.44004
	1	14	82.219215
	1	15	67.11929
	1	16	86.37129
	1	17	41.01219
	1	18	17.0
	1	19	66.70832
	1	20	85.58621
	1	21	55.9017
	1	22	81.02469
	1	23	74.46476
	1	24	74.94665
	1	25	80.05623
	1	26	62.169125
	1	27	51.78803
	1	28	97.74457
	1	29	70.035706
	1	30	61.008198
	1	31	78.492035
	1	32	23.70654
	1	33	46.69047
	1	34	32.202484
	1	35	25.0
	1	36	41.976185
	1	37	76.243034
	1	38	31.241
	1	39	65.192024
	1	40	15.033297
	1	41	22.472204
	1	42	52.201534
	1	43	51.42956
	1	44	56.35601
	1	45	44.598206
	1	46	56.938564
	1	47	75.61085
	1	48	75.66373
	1	49	17.0
	1	50	42.579338
	1	51	104.13933
	1	52	75.53807
	1	53	61.400326
	1	54	83.48653
	1	55	84.14868
	1	56	73.756355
	1	57	13.038404
	1	58	91.24144
	1	59	15.556349
	1	60	10.440307
	1	61	7.2111025
	1	62	25.0
	1	63	92.358
	1	64	50.01
	1	65	27.513634
	1	66	73.171036
	1	67	77.201035
	1	68	66.64833
	1	69	77.52419
	1	70	64.49806
	1	71	31.0
	1	72	14.3178215
	1	73	19.026299
	1	74	65.06919
	1	75	46.400433
	1	76	42.48529
	1	77	102.941734
	1	78	92.358
	1	79	23.43075
	1	80	44.14748
	1	81	24.04163
	1	82	59.20304
	1	83	54.626
	1	84	78.00641
	1	85	92.660675
	1	86	50.24938
	1	87	41.109608
	1	88	71.44928
	1	89	9.433981
	1	90	24.04163
	1	91	36.221542
	1	92	17.262676
	1	93	100.4241
	1	94	86.683334
	1	95	54.405884
	1	96	37.107952
	1	97	41.484936
	1	98	27.784887
	1	99	13.0
	2	0	86.977005
	2	1	87.81799
	2	2	0.0
	2	3	70.45566
	2	4	10.0
	2	5	34.539833
	2	6	24.083189
	2	7	71.30919
	2	8	89.560036
	2	9	36.069378
	2	10	38.013157
	2	11	41.340054
	2	12	61.05735
	2	13	68.26419
	2	14	18.110771
	2	15	75.58439
	2	16	18.439089
	2	17	57.00877
	2	18	97.45255
	2	19	22.671568
	2	20	20.518284
	2	21	35.510563
	2	22	36.40055
	2	23	54.120235
	2	24	13.0
	2	25	16.03122
	2	26	66.21933
	2	27	43.011627
	2	28	31.016125
	2	29	32.75668
	2	30	45.54119
	2	31	38.27532
	2	32	77.781746
	2	33	68.0294
	2	34	59.77458
	2	35	65.551506
	2	36	63.51378
	2	37	61.294373
	2	38	82.46211
	2	39	33.37664
	2	40	100.6479
	2	41	94.06912
	2	42	64.4748
	2	43	36.619667
	2	44	74.672615
	2	45	44.687805
	2	46	30.88689
	2	47	56.82429
	2	48	54.00926
	2	49	73.92564
	2	50	69.02898
	2	51	25.079872
	2	52	35.014282
	2	53	53.160137
	2	54	25.495098
	2	55	21.931713
	2	56	20.396078
	2	57	76.48529
	2	58	5.3851647
	2	59	93.04838
	2	60	90.80198
	2	61	81.41253
	2	62	71.8401
	2	63	7.071068
	2	64	51.971146
	2	65	61.03278
	2	66	39.115215
	2	67	66.0303
	2	68	47.434166
	2	69	10.29563
	2	70	70.88018
	2	71	62.936478
	2	72	98.005104
	2	73	72.62231
	2	74	42.44997
	2	75	42.154476
	2	76	57.31492
	2	77	22.203604
	2	78	7.071068
	2	79	82.73451
	2	80	47.38143
	2	81	64.884514
	2	82	33.83785
	2	83	54.33231
	2	84	13.152946
	2	85	5.0990195
	2	86	71.25307
	2	87	48.104053
	2	88	73.1642
	2	89	83.81527
	2	90	85.61542
	2	91	62.482
	2	92	95.131485
	2	93	18.248287
	2	94	31.144823
	2	95	60.530983
	2	96	53.15073
	2	97	65.12296
	2	98	92.021736
	2	99	77.87811
	3	0	26.400757
	3	1	52.34501
	3	2	70.45566
	3	3	0.0
	3	4	62.03225
	3	5	69.63476
	3	6	57.271286
	3	7	10.049875
	3	8	36.67424
	3	9	55.0
	3	10	82.92768
	3	11	46.09772
	3	12	43.863426
	3	13	107.48023
	3	14	76.55064
	3	15	15.132746
	3	16	58.30952
	3	17	63.51378
	3	18	69.260376
	3	19	60.41523
	3	20	56.435802
	3	21	37.696156
	3	22	43.32436
	3	23	27.802877
	3	24	59.439045
	3	25	73.05477
	3	26	10.816654
	3	27	62.241467
	3	28	62.625874
	3	29	74.62573
	3	30	75.00667
	3	31	40.16217
	3	32	64.7611
	3	33	6.3245554
	3	34	29.068884
	3	35	33.24154
	3	36	70.327805
	3	37	26.400757
	3	38	74.215904
	3	39	37.12142
	3	40	55.154327
	3	41	73.02739
	3	42	80.1561
	3	43	49.40648
	3	44	89.55445
	3	45	51.62364
	3	46	48.76474
	3	47	27.58623
	3	48	92.76314
	3	49	37.054016
	3	50	10.049875
	3	51	73.97973
	3	52	81.3019
	3	53	80.65978
	3	54	51.78803
	3	55	54.451813
	3	56	50.159744
	3	57	41.01219
	3	58	75.66373
	3	59	44.38468
	3	60	62.072536
	3	61	46.043457
	3	62	28.01785
	3	63	71.00704
	3	64	68.88396
	3	65	47.423622
	3	66	81.84131
	3	67	100.49876
	3	68	25.96151
	3	69	62.369865
	3	70	12.165525
	3	71	57.697487
	3	72	66.61081
	3	73	54.571056
	3	74	76.6942
	3	75	39.20459
	3	76	19.104973
	3	77	74.330345
	3	78	71.00704
	3	79	68.06615
	3	80	55.97321
	3	81	36.687874
	3	82	62.425957
	3	83	16.124516
	3	84	57.31492
	3	85	75.32596
	3	86	2.236068
	3	87	35.35534
	3	88	19.104973
	3	89	57.035076
	3	90	31.780497
	3	91	63.529522
	3	92	69.065186
	3	93	73.68175
	3	94	51.24451
	3	95	10.0
	3	96	52.43091
	3	97	13.0
	3	98	76.41989
	3	99	40.012497
	4	0	80.280754
	4	1	84.40379
	4	2	10.0
	4	3	62.03225
	4	4	0.0
	4	5	38.327538
	4	6	24.166092
	4	7	62.169125
	4	8	83.9345
	4	9	35.846897
	4	10	44.553337
	4	11	38.8973
	4	12	58.137768
	4	13	75.31268
	4	14	26.0
	4	15	66.21933
	4	16	8.944272
	4	17	57.706154
	4	18	95.462036
	4	19	24.04163
	4	20	10.816654
	4	21	29.546574
	4	22	26.400757
	4	23	44.28318
	4	24	11.7046995
	4	25	23.086792
	4	26	57.070133
	4	27	44.38468
	4	28	23.194826
	4	29	38.013157
	4	30	49.497475
	4	31	28.301943
	4	32	77.00649
	4	33	60.133186
	4	34	54.56189
	4	35	60.90156
	4	36	64.884514
	4	37	51.42956
	4	38	82.68011
	4	39	25.019993
	4	40	96.38464
	4	41	92.95698
	4	42	67.44627
	4	43	34.828148
	4	44	78.10249
	4	45	43.60046
	4	46	28.319605
	4	47	46.957428
	4	48	60.40695
	4	49	69.46222
	4	50	61.522354
	4	51	21.470911
	4	52	41.59327
	4	53	57.428215
	4	54	15.556349
	4	55	12.0415945
	4	56	12.165525
	4	57	72.40166
	4	58	15.264338
	4	59	88.10221
	4	60	88.45903
	4	61	77.665955
	4	62	66.309875
	4	63	9.055386
	4	64	54.08327
	4	65	58.694122
	4	66	45.276924
	4	67	72.249565
	4	68	38.078865
	4	69	11.045361
	4	70	61.611687
	4	71	62.201286
	4	72	95.587654
	4	73	70.724815
	4	74	47.095646
	4	75	38.013157
	4	76	50.447994
	4	77	19.416489
	4	78	9.055386
	4	79	82.006096
	4	80	47.169907
	4	81	60.74537
	4	82	35.735138
	4	83	46.0
	4	84	6.4031243
	4	85	13.928389
	4	86	63.0
	4	87	43.56604
	4	88	63.56886
	4	89	81.394104
	4	90	79.71198
	4	91	62.76942
	4	92	93.34881
	4	93	16.27882
	4	94	21.400934
	4	95	52.03845
	4	96	52.009613
	4	97	57.870544
	4	98	91.60786
	4	99	73.57309
	5	0	75.43209
	5	1	64.132675
	5	2	34.539833
	5	3	69.63476
	5	4	38.327538
	5	5	0.0
	5	6	16.763054
	5	7	75.073296
	5	8	73.33485
	5	9	14.764823
	5	10	13.416408
	5	11	24.166092
	5	12	39.0
	5	13	40.706264
	5	14	20.518284
	5	15	80.65978
	5	16	46.010868
	5	17	25.553865
	5	18	69.354164
	5	19	15.132746
	5	20	47.010635
	5	21	34.058773
	5	22	56.32051
	5	23	66.88796
	5	24	27.018513
	5	25	20.0
	5	26	70.724815
	5	27	12.369317
	5	28	61.03278
	5	29	6.0
	5	30	11.18034
	5	31	56.302753
	5	32	47.88528
	5	33	64.66065
	5	34	46.173584
	5	35	48.6621
	5	36	30.413813
	5	37	73.4983
	5	38	50.447994
	5	39	42.059483
	5	40	78.77182
	5	41	64.14047
	5	42	29.966648
	5	43	20.248457
	5	44	40.16217
	5	45	21.213203
	5	46	22.022715
	5	47	69.641945
	5	48	25.059929
	5	49	55.081757
	5	50	63.529522
	5	51	58.940647
	5	52	12.369317
	5	53	19.104973
	5	54	49.365982
	5	55	47.095646
	5	56	36.67424
	5	57	56.008926
	5	58	34.98571
	5	59	74.00676
	5	60	63.90618
	5	61	59.3043
	5	62	57.271286
	5	63	41.4367
	5	64	18.384777
	5	65	37.12142
	5	66	12.206555
	5	67	35.735138
	5	68	56.859474
	5	69	27.294687
	5	70	75.690155
	5	71	34.176014
	5	72	70.93659
	5	73	45.88028
	5	74	9.219544
	5	75	30.528675
	5	76	51.10773
	5	77	56.32051
	5	78	41.4367
	5	79	52.478565
	5	80	20.09975
	5	81	46.270943
	5	82	7.2111025
	5	83	55.9017
	5	84	34.0
	5	85	37.589893
	5	86	69.339745
	5	87	35.341194
	5	88	80.65978
	5	89	57.567352
	5	90	70.85902
	5	91	31.38471
	5	92	66.64083
	5	93	52.49762
	5	94	55.578773
	5	95	61.7171
	5	96	27.166155
	5	97	59.05929
	5	98	60.80296
	5	99	58.0
	6	0	68.06615
	6	1	64.40497
	6	2	24.083189
	6	3	57.271286
	6	4	24.166092
	6	5	16.763054
	6	6	0.0
	6	7	61.294373
	6	8	68.593
	6	9	12.0415945
	6	10	27.802877
	6	11	18.027756
	6	12	37.576588
	6	13	57.271286
	6	14	20.09975
	6	15	66.61081
	6	16	30.594116
	6	17	33.61547
	6	18	73.409805
	6	19	3.1622777
	6	20	31.257
	6	21	19.723083
	6	22	39.56008
	6	23	50.803543
	6	24	12.529964
	6	25	17.0
	6	26	56.61272
	6	27	20.248457
	6	28	45.54119
	6	29	19.416489
	6	30	27.166155
	6	31	39.56008
	6	32	53.75872
	6	33	53.14132
	6	34	39.051247
	6	35	43.737854
	6	36	40.718548
	6	37	57.628117
	6	38	58.821766
	6	39	25.806976
	6	40	77.83315
	6	41	70.00714
	6	42	43.737854
	6	43	13.0
	6	44	54.589375
	6	45	20.615528
	6	46	9.055386
	6	47	53.600372
	6	48	41.62932
	6	49	51.662365
	6	50	52.886673
	6	51	45.617977
	6	52	25.495098
	6	53	35.128338
	6	54	33.01515
	6	55	31.06445
	6	56	20.09975
	6	57	53.75872
	6	58	26.925823
	6	59	71.063354
	6	60	66.85058
	6	61	58.30952
	6	62	51.156624
	6	63	29.832869
	6	64	30.083218
	6	65	37.215588
	6	66	27.45906
	6	67	52.49762
	6	68	41.109608
	6	69	14.21267
	6	70	61.611687
	6	71	38.8973
	6	72	74.06078
	6	73	48.60041
	6	74	25.96151
	6	75	21.0
	6	76	40.261642
	6	77	43.416588
	6	78	29.832869
	6	79	58.728188
	6	80	23.43075
	6	81	42.44997
	6	82	12.0415945
	6	83	42.190044
	6	84	18.681541
	6	85	28.600698
	6	86	57.384666
	6	87	27.018513
	6	88	65.946945
	6	89	59.908264
	6	90	65.192024
	6	91	38.832977
	6	92	71.063354
	6	93	39.962482
	6	94	39.115215
	6	95	48.373547
	6	96	29.068884
	6	97	48.507732
	6	98	68.117546
	6	99	55.362442
	7	0	35.35534
	7	1	62.39391
	7	2	71.30919
	7	3	10.049875
	7	4	62.169125
	7	5	75.073296
	7	6	61.294373
	7	7	0.0
	7	8	46.238514
	7	9	60.811184
	7	10	88.09086
	7	11	52.49762
	7	12	52.810986
	7	13	114.1096
	7	14	79.60528
	7	15	5.8309517
	7	16	57.14018
	7	17	71.5891
	7	18	79.30952
	7	19	64.3506
	7	20	55.081757
	7	21	41.617306
	7	22	40.1995
	7	23	22.135944
	7	24	61.46544
	7	25	76.02631
	7	26	5.0990195
	7	27	68.88396
	7	28	59.03389
	7	29	79.64923
	7	30	81.46779
	7	31	37.12142
	7	32	74.330345
	7	33	16.03122
	7	34	37.94733
	7	35	42.755116
	7	36	78.72102
	7	37	18.601076
	7	38	83.74366
	7	39	38.27532
	7	40	64.84597
	7	41	83.00603
	7	42	88.19297
	7	43	55.154327
	7	44	97.94386
	7	45	58.60034
	7	46	53.413483
	7	47	21.023796
	7	48	99.03535
	7	49	47.010635
	7	50	20.0
	7	51	71.34424
	7	52	86.21485
	7	53	87.61849
	7	54	50.01
	7	55	53.08484
	7	56	50.96077
	7	57	51.0
	7	58	76.655075
	7	59	54.08327
	7	60	72.11102
	7	61	56.0803
	7	62	38.0
	7	63	70.85902
	7	64	76.27582
	7	65	56.302753
	7	66	87.20665
	7	67	107.44766
	7	68	24.186773
	7	69	64.25729
	7	70	2.236068
	7	71	66.48308
	7	72	76.655075
	7	73	64.132675
	7	74	82.73451
	7	75	45.343136
	7	76	26.832815
	7	77	72.11102
	7	78	70.85902
	7	79	77.781746
	7	80	63.245552
	7	81	46.09772
	7	82	67.941154
	7	83	19.209373
	7	84	58.24088
	7	85	75.9276
	7	86	12.165525
	7	87	42.43819
	7	88	9.055386
	7	89	67.00746
	7	90	41.4367
	7	91	72.09022
	7	92	79.101204
	7	93	72.0
	7	94	48.259712
	7	95	13.453624
	7	96	60.41523
	7	97	22.36068
	7	98	86.28442
	7	99	50.039986
	8	0	12.0
	8	1	21.470911
	8	2	89.560036
	8	3	36.67424
	8	4	83.9345
	8	5	73.33485
	8	6	68.593
	8	7	46.238514
	8	8	0.0
	8	9	60.0
	8	10	85.98837
	8	11	51.088158
	8	12	34.713108
	8	13	101.55294
	8	14	88.27797
	8	15	50.0
	8	16	83.64807
	8	17	54.781384
	8	18	37.363083
	8	19	71.44928
	8	20	82.36504
	8	21	54.42426
	8	22	73.87828
	8	23	62.801273
	8	24	76.655075
	8	25	85.47514
	8	26	47.41308
	8	27	61.81424
	8	28	92.417534
	8	29	79.30952
	8	30	73.24616
	8	31	70.93659
	8	32	43.13931
	8	33	32.449963
	8	34	29.832869
	8	35	25.019993
	8	36	58.18075
	8	37	62.76942
	8	38	51.739735
	8	39	60.90156
	8	40	18.681541
	8	41	43.863426
	8	42	68.96376
	8	43	56.142673
	8	44	75.0
	8	45	52.153618
	8	46	59.841457
	8	47	63.245552
	8	48	89.81091
	8	49	18.439089
	8	50	28.600698
	8	51	101.21265
	8	52	85.58621
	8	53	75.61085
	8	54	79.07591
	8	55	80.622574
	8	56	72.09022
	8	57	18.788294
	8	58	93.8616
	8	59	8.062258
	8	60	31.780497
	8	61	19.104973
	8	62	17.720045
	8	63	92.69843
	8	64	63.245552
	8	65	37.363083
	8	66	84.17244
	8	67	93.471924
	8	68	57.280014
	8	69	79.555016
	8	70	48.466484
	8	71	45.188496
	8	72	33.734257
	8	73	35.22783
	8	74	76.687675
	8	75	47.853943
	8	76	34.669872
	8	77	100.6479
	8	78	92.69843
	8	79	44.04543
	8	80	53.75872
	8	81	27.073973
	8	82	67.06713
	8	83	44.553337
	8	84	77.83315
	8	85	94.641426
	8	86	34.43835
	8	87	41.773197
	8	88	55.027267
	8	89	30.0
	8	90	5.0
	8	91	51.42956
	8	92	38.27532
	8	93	98.84331
	8	94	80.80223
	8	95	42.0119
	8	96	47.07441
	8	97	29.698484
	8	98	49.24429
	8	99	16.552946
	9	0	61.188232
	9	1	53.488316
	9	2	36.069378
	9	3	55.0
	9	4	35.846897
	9	5	14.764823
	9	6	12.0415945
	9	7	60.811184
	9	8	60.0
	9	9	0.0
	9	10	28.178005
	9	11	9.486833
	9	12	26.925823
	9	13	53.600372
	9	14	28.86174
	9	15	66.48308
	9	16	41.4367
	9	17	21.931713
	9	18	61.611687
	9	19	13.601471
	9	20	41.761227
	9	21	21.023796
	9	22	47.095646
	9	23	54.626
	9	24	24.41311
	9	25	26.57066
	9	26	56.63921
	9	27	10.049875
	9	28	56.044624
	9	29	20.248457
	9	30	21.095022
	9	31	46.389652
	9	32	41.725292
	9	33	49.92995
	9	34	31.780497
	9	35	35.014282
	9	36	29.410883
	9	37	60.827625
	9	38	46.872166
	9	39	30.805843
	9	40	67.44627
	9	41	58.0
	9	42	34.0
	9	43	5.656854
	9	44	45.0
	9	45	8.944272
	9	46	10.049875
	9	47	57.271286
	9	48	38.28838
	9	49	42.190044
	9	50	48.76474
	9	51	57.306194
	9	52	26.925823
	9	53	28.231188
	9	54	42.579338
	9	55	41.231056
	9	56	29.614185
	9	57	43.737854
	9	58	38.600517
	9	59	61.522354
	9	60	55.226807
	9	61	47.801674
	9	62	43.289722
	9	63	41.868843
	9	64	20.0
	9	65	26.0
	9	66	26.925823
	9	67	47.507893
	9	68	44.28318
	9	69	26.24881
	9	70	61.554855
	9	71	26.870058
	9	72	62.433964
	9	73	36.891735
	9	74	21.931713
	9	75	15.811388
	9	76	36.359318
	9	77	55.226807
	9	78	41.868843
	9	79	46.69047
	9	80	11.401754
	9	81	33.06055
	9	82	7.615773
	9	83	41.773197
	9	84	29.966648
	9	85	40.459858
	9	86	54.644306
	9	87	20.615528
	9	88	66.8431
	9	89	48.373547
	9	90	57.14018
	9	91	26.925823
	9	92	59.20304
	9	93	51.86521
	9	94	48.259712
	9	95	47.38143
	9	96	17.20465
	9	97	44.294468
	9	98	56.0803
	9	99	45.54119
	10	0	88.60023
	10	1	75.23962
	10	2	38.013157
	10	3	82.92768
	10	4	44.553337
	10	5	13.416408
	10	6	27.802877
	10	7	88.09086
	10	8	85.98837
	10	9	28.178005
	10	10	0.0
	10	11	37.576588
	10	12	51.351727
	10	13	30.805843
	10	14	20.22375
	10	15	93.60555
	10	16	53.15073
	10	17	34.713108
	10	18	78.44743
	10	19	25.23886
	10	20	54.571056
	10	21	46.69047
	10	22	66.211784
	10	23	78.60026
	10	24	34.785053
	10	25	22.0
	10	26	83.630135
	10	27	24.186773
	10	28	67.74216
	10	29	8.485281
	10	30	14.866069
	10	31	66.64833
	10	32	56.61272
	10	33	78.03204
	10	34	59.464275
	10	35	61.611687
	10	36	37.161808
	10	37	85.42833
	10	38	57.245087
	10	39	53.600372
	10	40	90.13878
	10	41	72.235725
	10	42	32.649654
	10	43	33.61547
	10	44	40.60788
	10	45	34.20526
	10	46	34.713108
	10	47	81.400246
	10	48	16.0
	10	49	67.601776
	10	50	76.941536
	10	51	63.07139
	10	52	3.0
	10	53	19.104973
	10	54	57.870544
	10	55	55.081757
	10	56	46.09772
	10	57	68.18358
	10	58	36.496574
	10	59	86.145226
	10	60	73.756355
	10	61	71.0
	10	62	70.34202
	10	63	45.044422
	10	64	25.96151
	10	65	49.09175
	10	66	2.236068
	10	67	28.01785
	10	68	68.88396
	10	69	33.955853
	10	70	88.61716
	10	71	44.407207
	10	72	80.523285
	10	73	56.435802
	10	74	10.440307
	10	75	43.908997
	10	76	64.49806
	10	77	60.133186
	10	78	45.044422
	10	79	60.74537
	10	80	32.24903
	10	81	59.03389
	10	82	20.59126
	10	83	68.88396
	10	84	41.761227
	10	85	39.45884
	10	86	82.68011
	10	87	48.754486
	10	88	93.34881
	10	89	67.89698
	10	90	83.74366
	10	91	40.261642
	10	92	75.58439
	10	93	56.142673
	10	94	64.195015
	10	95	74.8131
	10	96	39.115215
	10	97	72.47068
	10	98	67.977936
	10	99	70.256676
	11	0	51.78803
	11	1	46.52956
	11	2	41.340054
	11	3	46.09772
	11	4	38.8973
	11	5	24.166092
	11	6	18.027756
	11	7	52.49762
	11	8	51.088158
	11	9	9.486833
	11	10	37.576588
	11	11	0.0
	11	12	19.723083
	11	13	61.6198
	11	14	37.215588
	11	15	58.258045
	11	16	42.72002
	11	17	23.0
	11	18	56.586216
	11	19	20.615528
	11	20	42.544094
	11	21	16.0
	11	22	44.407207
	11	23	48.76474
	11	24	28.600698
	11	25	34.525352
	11	26	48.60041
	11	27	16.40122
	11	28	56.364883
	11	29	29.732138
	11	30	29.0
	11	31	43.104523
	11	32	38.587563
	11	33	40.804413
	11	34	22.36068
	11	35	26.076809
	11	36	31.0
	11	37	54.42426
	11	38	45.310043
	11	39	27.073973
	11	40	59.808025
	11	41	54.20332
	11	42	38.078865
	11	43	5.0990195
	11	44	48.83646
	11	45	7.071068
	11	46	10.630146
	11	47	51.24451
	11	48	46.69047
	11	49	33.734257
	11	50	39.446167
	11	51	59.816387
	11	52	36.40055
	11	53	35.22783
	11	54	42.154476
	11	55	41.59327
	11	56	30.016663
	11	57	35.735138
	11	58	44.72136
	11	59	53.15073
	11	60	49.67897
	11	61	40.311287
	11	62	34.058773
	11	63	46.227695
	11	64	24.698177
	11	65	19.849434
	11	66	36.23534
	11	67	55.0
	11	68	38.327538
	11	69	31.06445
	11	70	53.413483
	11	71	24.166092
	11	72	56.85068
	11	73	31.827662
	11	74	30.610456
	11	75	7.2111025
	11	76	27.202942
	11	77	58.137768
	11	78	46.227695
	11	79	43.56604
	11	80	12.165525
	11	81	24.5153
	11	82	17.088007
	11	83	33.83785
	11	84	32.55764
	11	85	46.141087
	11	86	45.607018
	11	87	11.18034
	11	88	59.07622
	11	89	42.638012
	11	90	48.010414
	11	91	26.476404
	11	92	54.451813
	11	93	55.17246
	11	94	47.127487
	11	95	39.051247
	11	96	13.928389
	11	97	34.98571
	11	98	53.338543
	11	99	37.363083
	12	0	38.948685
	12	1	26.832815
	12	2	61.05735
	12	3	43.863426
	12	4	58.137768
	12	5	39.0
	12	6	37.576588
	12	7	52.810986
	12	8	34.713108
	12	9	26.925823
	12	10	51.351727
	12	11	19.723083
	12	12	0.0
	12	13	68.26419
	12	14	55.7853
	12	15	58.5235
	12	16	60.959003
	12	17	21.400934
	12	18	37.64306
	12	19	39.92493
	12	20	60.440052
	12	21	31.06445
	12	22	58.694122
	12	23	57.14018
	12	24	48.259712
	12	25	53.450912
	12	26	50.447994
	12	27	27.166155
	12	28	73.4983
	12	29	45.0
	12	30	38.600517
	12	31	56.648037
	12	32	23.194826
	12	33	37.576588
	12	34	14.866069
	12	35	12.0415945
	12	36	27.018513
	12	37	61.03278
	12	38	32.0
	12	39	41.59327
	12	40	40.5216
	12	41	36.67424
	12	42	37.48333
	12	43	24.596748
	12	44	46.043457
	12	45	18.248287
	12	46	30.232433
	12	47	59.03389
	12	48	55.542778
	12	49	16.27882
	12	50	34.48188
	12	51	78.51752
	12	52	51.088158
	12	53	41.59327
	12	54	59.07622
	12	55	59.20304
	12	56	48.166378
	12	57	17.029387
	12	58	64.412735
	12	59	35.014282
	12	60	30.413813
	12	61	20.880613
	12	62	20.808653
	12	63	65.802734
	12	64	29.068884
	12	65	3.6055512
	12	66	49.497475
	12	67	60.464867
	12	68	47.518417
	12	69	50.77401
	12	70	54.405884
	12	71	13.892444
	12	72	37.48333
	12	73	13.928389
	12	74	41.976185
	12	75	20.615528
	12	76	26.476404
	12	77	77.07788
	12	78	65.802734
	12	79	27.658634
	12	80	19.104973
	12	81	8.602325
	12	82	33.24154
	12	83	38.052597
	12	84	51.739735
	12	85	65.863495
	12	86	42.48529
	12	87	16.552946
	12	88	61.13101
	12	89	23.345236
	12	90	32.89377
	12	91	20.0
	12	92	35.805027
	12	93	74.330345
	12	94	63.134777
	12	95	40.792156
	12	96	12.369317
	12	97	30.870699
	12	98	37.363083
	12	99	19.0
	13	0	107.18675
	13	1	85.44004
	13	2	68.26419
	13	3	107.48023
	13	4	75.31268
	13	5	40.706264
	13	6	57.271286
	13	7	114.1096
	13	8	101.55294
	13	9	53.600372
	13	10	30.805843
	13	11	61.6198
	13	12	68.26419
	13	13	0.0
	13	14	50.159744
	13	15	119.85408
	13	16	83.95237
	13	17	47.010635
	13	18	82.29824
	13	19	55.154327
	13	20	85.37564
	13	21	74.330345
	13	22	96.56604
	13	23	107.54069
	13	24	65.52099
	13	25	52.46904
	13	26	110.11358
	13	27	45.276924
	13	28	98.478424
	13	29	38.27532
	13	30	32.649654
	13	31	96.77293
	13	32	62.369865
	13	33	101.862656
	13	34	80.43009
	13	35	80.1561
	13	36	43.65776
	13	37	114.05701
	13	38	58.137768
	13	39	82.764725
	13	40	100.16985
	13	41	74.06078
	13	42	33.24154
	13	43	59.20304
	13	44	32.06244
	13	45	55.86591
	13	46	62.433964
	13	47	110.276924
	13	48	15.652476
	13	49	83.64807
	13	50	99.90495
	13	51	93.08598
	13	52	33.734257
	13	53	27.018513
	13	54	88.60023
	13	55	85.86617
	13	56	76.55064
	13	57	82.764725
	13	58	66.007576
	13	59	99.368004
	13	60	80.23092
	13	61	83.57033
	13	62	89.04493
	13	63	75.16648
	13	64	39.40812
	13	65	65.0
	13	66	30.364452
	13	67	8.246211
	13	68	97.41663
	13	69	64.7611
	13	70	114.97826
	13	71	56.364883
	13	72	85.58621
	13	73	67.06713
	13	74	31.906113
	13	75	68.76772
	13	76	88.391174
	13	77	90.04999
	13	78	75.16648
	13	79	64.629715
	13	80	51.739735
	13	81	76.8505
	13	82	47.169907
	13	83	95.26804
	13	84	72.53275
	13	85	69.00725
	13	86	106.7942
	13	87	72.12489
	13	88	120.4201
	13	89	76.40026
	13	90	100.6479
	13	91	50.159744
	13	92	79.30952
	13	93	86.05231
	13	94	94.92102
	13	95	100.65784
	13	96	56.61272
	13	97	95.587654
	13	98	68.0
	13	99	85.0
	14	0	88.14193
	14	1	82.219215
	14	2	18.110771
	14	3	76.55064
	14	4	26.0
	14	5	20.518284
	14	6	20.09975
	14	7	79.60528
	14	8	88.27797
	14	9	28.86174
	14	10	20.22375
	14	11	37.215588
	14	12	55.7853
	14	13	50.159744
	14	14	0.0
	14	15	84.59905
	14	16	34.928497
	14	17	45.80393
	14	18	89.06739
	14	19	17.029387
	14	20	36.67424
	14	21	38.8973
	14	22	50.606323
	14	23	65.946945
	14	24	19.104973
	14	25	3.6055512
	14	26	74.70609
	14	27	31.906113
	14	28	48.76474
	14	29	16.643316
	14	30	30.232433
	14	31	51.739735
	14	32	67.95587
	14	33	72.8011
	14	34	59.0
	14	35	63.28507
	14	36	50.931328
	14	37	73.109505
	14	38	70.93659
	14	39	41.880783
	14	40	96.30161
	14	41	84.31489
	14	42	49.648766
	14	43	32.140316
	14	44	59.05929
	14	45	37.64306
	14	46	29.15476
	14	47	68.76772
	14	48	36.124783
	14	49	70.85902
	14	50	72.780495
	14	51	43.0
	14	52	17.262676
	14	53	37.12142
	14	54	40.81666
	14	55	37.589893
	14	56	31.112698
	14	57	72.56721
	14	58	16.27882
	14	59	90.255196
	14	60	83.19255
	14	61	76.655075
	14	62	71.02816
	14	63	25.019993
	14	64	38.8973
	14	65	54.708317
	14	66	21.587032
	14	67	48.166378
	14	68	57.428215
	14	69	17.029387
	14	70	79.64923
	14	71	53.712196
	14	72	90.33826
	14	73	64.884514
	14	74	26.41969
	14	75	41.04875
	14	76	60.207973
	14	77	40.012497
	14	78	25.019993
	14	79	72.67049
	14	80	38.483765
	14	81	61.66036
	14	82	23.259407
	14	83	60.926186
	14	84	25.0
	14	85	19.235384
	14	86	76.843994
	14	87	47.010635
	14	88	83.21658
	14	89	76.55717
	14	90	85.052925
	14	91	51.613953
	14	92	86.4523
	14	93	36.013885
	14	94	47.010635
	14	95	67.23094
	14	96	45.310043
	14	97	68.44706
	14	98	81.21576
	14	99	74.330345
	15	0	38.626415
	15	1	67.11929
	15	2	75.58439
	15	3	15.132746
	15	4	66.21933
	15	5	80.65978
	15	6	66.61081
	15	7	5.8309517
	15	8	50.0
	15	9	66.48308
	15	10	93.60555
	15	11	58.258045
	15	12	58.5235
	15	13	119.85408
	15	14	84.59905
	15	15	0.0
	15	16	60.671246
	15	17	77.41447
	15	18	84.095184
	15	19	69.63476
	15	20	58.549126
	15	21	47.010635
	15	22	43.011627
	15	23	24.083189
	15	24	66.211784
	15	25	81.00617
	15	26	10.0
	15	27	74.65253
	15	28	61.294373
	15	29	85.146935
	15	30	87.20665
	15	31	40.04997
	15	32	79.83107
	15	33	21.377558
	15	34	43.65776
	15	35	48.270073
	15	36	84.5281
	15	37	18.973665
	15	38	89.26926
	15	39	42.953465
	15	40	68.68042
	15	41	88.09086
	15	42	94.02127
	15	43	60.827625
	15	44	103.75452
	15	45	64.40497
	15	46	58.898216
	15	47	22.36068
	15	48	104.73777
	15	49	52.153618
	15	50	25.179358
	15	51	74.02702
	15	52	91.67879
	15	53	93.40771
	15	54	53.338543
	15	55	56.568542
	15	56	55.362442
	15	57	56.0803
	15	58	80.95678
	15	59	57.974133
	15	60	77.00649
	15	61	61.0
	15	62	43.104523
	15	63	74.73286
	15	64	82.0975
	15	65	62.03225
	15	66	92.76314
	15	67	113.22986
	15	68	28.160255
	15	69	68.942
	15	70	5.0
	15	71	72.235725
	15	72	81.3019
	15	73	69.63476
	15	74	88.4138
	15	75	51.088158
	15	76	32.649654
	15	77	75.00667
	15	78	74.73286
	15	79	83.18654
	15	80	69.065186
	15	81	51.662365
	15	82	73.552704
	15	83	24.758837
	15	84	62.625874
	15	85	80.08121
	15	86	17.029387
	15	87	48.259712
	15	88	5.656854
	15	89	72.11102
	15	90	45.35416
	15	91	77.87811
	15	92	84.00595
	15	93	75.16648
	15	94	51.0
	15	95	19.209373
	15	96	66.24198
	15	97	27.89265
	15	98	91.5478
	15	99	55.00909
	16	0	78.77182
	16	1	86.37129
	16	2	18.439089
	16	3	58.30952
	16	4	8.944272
	16	5	46.010868
	16	6	30.594116
	16	7	57.14018
	16	8	83.64807
	16	9	41.4367
	16	10	53.15073
	16	11	42.72002
	16	12	60.959003
	16	13	83.95237
	16	14	34.928497
	16	15	60.671246
	16	16	0.0
	16	17	63.324562
	16	18	98.59513
	16	19	31.144823
	16	20	2.236068
	16	21	30.479502
	16	22	18.788294
	16	23	37.64306
	16	24	19.0
	16	25	31.95309
	16	26	52.086468
	16	27	50.695168
	16	28	15.033297
	16	29	46.270943
	16	30	57.07889
	16	31	21.189621
	16	32	81.3019
	16	33	57.271286
	16	34	55.21775
	16	35	62.008064
	16	36	70.837845
	16	37	44.598206
	16	38	87.658424
	16	39	22.847319
	16	40	97.41663
	16	41	96.83491
	16	42	74.330345
	16	43	39.357338
	16	44	85.158676
	16	45	48.30114
	16	46	32.649654
	16	47	40.16217
	16	48	68.88396
	16	49	70.60453
	16	50	59.20304
	16	51	17.804493
	16	52	50.219517
	16	53	65.06919
	16	54	7.615773
	16	55	4.1231055
	16	56	12.806249
	16	57	73.87828
	16	58	23.345236
	16	59	88.50989
	16	60	91.350975
	16	61	79.397736
	16	62	66.37017
	16	63	14.764823
	16	64	60.63827
	16	65	62.008064
	16	66	53.75872
	16	67	80.622574
	16	68	33.01515
	16	69	19.235384
	16	70	56.32051
	16	71	66.730804
	16	72	98.35141
	16	73	74.20242
	16	74	55.00909
	16	75	40.36087
	16	76	49.24429
	16	77	17.0
	16	78	14.764823
	16	79	86.28442
	16	80	52.392746
	16	81	62.369865
	16	82	42.579338
	16	83	42.755116
	16	84	12.0415945
	16	85	21.400934
	16	86	59.5399
	16	87	45.276924
	16	88	57.48913
	16	89	84.29116
	16	90	79.15807
	16	91	68.0294
	16	92	96.67471
	16	93	15.524175
	16	94	12.727922
	16	95	48.373547
	16	96	56.435802
	16	97	55.97321
	16	98	96.04166
	16	99	74.8131
	17	0	60.207973
	17	1	41.01219
	17	2	57.00877
	17	3	63.51378
	17	4	57.706154
	17	5	25.553865
	17	6	33.61547
	17	7	71.5891
	17	8	54.781384
	17	9	21.931713
	17	10	34.713108
	17	11	23.0
	17	12	21.400934
	17	13	47.010635
	17	14	45.80393
	17	15	77.41447
	17	16	63.324562
	17	17	0.0
	17	18	44.011364
	17	19	34.4093
	17	20	63.56886
	17	21	39.0
	17	22	67.26812
	17	23	71.19691
	17	24	46.141087
	17	25	44.687805
	17	26	68.44706
	17	27	14.142136
	17	28	77.7946
	17	29	30.870699
	17	30	20.09975
	17	31	66.068146
	17	32	22.36068
	17	33	57.428215
	17	34	34.828148
	17	35	33.42155
	17	36	8.0
	17	37	76.40026
	17	38	25.495098
	17	39	50.039986
	17	40	56.0357
	17	41	38.587563
	17	42	16.643316
	17	43	24.5153
	17	44	26.57066
	17	45	16.03122
	17	46	31.04835
	17	47	73.545906
	17	48	35.17101
	17	49	36.67424
	17	50	54.81788
	17	51	79.17702
	17	52	35.44009
	17	53	20.880613
	17	54	64.03124
	17	55	62.936478
	17	56	51.24451
	17	57	36.05551
	17	58	58.728188
	17	59	53.366657
	17	60	39.051247
	17	61	37.65634
	17	62	42.201897
	17	63	63.245552
	17	64	9.0
	17	65	18.027756
	17	66	32.55764
	17	67	39.115215
	17	68	60.827625
	17	69	47.707443
	17	70	72.89719
	17	71	10.049875
	17	72	45.88028
	17	73	22.0
	17	74	24.33105
	17	75	29.274563
	17	76	44.777225
	17	77	77.02597
	17	78	63.245552
	17	79	26.925823
	17	80	11.18034
	17	81	30.0
	17	82	23.345236
	17	83	54.42426
	17	84	51.894123
	17	85	60.959003
	17	86	62.425957
	17	87	29.732138
	17	88	79.20227
	17	89	33.24154
	17	90	53.66563
	17	91	5.8309517
	17	92	41.231056
	17	93	73.57309
	17	94	69.426216
	17	95	58.60034
	17	96	11.18034
	17	97	50.803543
	17	98	35.468296
	17	99	38.27532
	18	0	49.0306
	18	1	17.0
	18	2	97.45255
	18	3	69.260376
	18	4	95.462036
	18	5	69.354164
	18	6	73.409805
	18	7	79.30952
	18	8	37.363083
	18	9	61.611687
	18	10	78.44743
	18	11	56.586216
	18	12	37.64306
	18	13	82.29824
	18	14	89.06739
	18	15	84.095184
	18	16	98.59513
	18	17	44.011364
	18	18	0.0
	18	19	75.21303
	18	20	98.0816
	18	21	68.60029
	18	22	95.38344
	18	23	90.44335
	18	24	85.04117
	18	25	87.46428
	18	26	78.91768
	18	27	57.245087
	18	28	111.01801
	18	29	74.84651
	18	30	63.600315
	18	31	93.05912
	18	32	21.84033
	18	33	63.505905
	18	34	47.010635
	18	35	39.92493
	18	36	41.773197
	18	37	92.64988
	18	38	24.186773
	18	39	78.77182
	18	40	23.43075
	18	41	8.944272
	18	42	50.039986
	18	43	60.959003
	18	44	50.803543
	18	45	52.801514
	18	46	67.20863
	18	47	91.76056
	18	48	75.32596
	18	49	32.984844
	18	50	59.413803
	18	51	116.1034
	18	52	79.37884
	18	53	61.81424
	18	54	96.60745
	18	55	96.82975
	18	56	85.79627
	18	57	28.86174
	18	58	100.20978
	18	59	30.083218
	18	60	7.615773
	18	61	23.345236
	18	62	41.59327
	18	63	102.7278
	18	64	52.49762
	18	65	36.769554
	18	66	76.243034
	18	67	74.168724
	18	68	82.07923
	18	69	87.32124
	18	70	81.394104
	18	71	35.35534
	18	72	4.2426405
	18	73	24.839485
	18	74	68.007355
	18	75	58.258045
	18	76	58.189346
	18	77	114.58621
	18	78	102.7278
	18	79	18.110771
	18	80	50.77401
	18	81	38.013157
	18	82	65.863495
	18	83	70.5195
	18	84	89.09545
	18	85	102.0049
	18	86	67.18631
	18	87	53.823788
	18	88	88.362885
	18	89	14.422205
	18	90	40.60788
	18	91	38.27532
	18	92	3.0
	18	93	111.72287
	18	94	100.40418
	18	95	70.83079
	18	96	44.407207
	18	97	58.0517
	18	98	15.652476
	18	99	29.427877
	19	0	71.11259
	19	1	66.70832
	19	2	22.671568
	19	3	60.41523
	19	4	24.04163
	19	5	15.132746
	19	6	3.1622777
	19	7	64.3506
	19	8	71.44928
	19	9	13.601471
	19	10	25.23886
	19	11	20.615528
	19	12	39.92493
	19	13	55.154327
	19	14	17.029387
	19	15	69.63476
	19	16	31.144823
	19	17	34.4093
	19	18	75.21303
	19	19	0.0
	19	20	32.01562
	19	21	22.825424
	19	22	41.4367
	19	23	53.413483
	19	24	12.369317
	19	25	14.035668
	19	26	59.64059
	19	27	20.59126
	19	28	46.173584
	19	29	17.0
	19	30	26.0
	19	31	41.62932
	19	32	55.17246
	19	33	56.302753
	19	34	42.0119
	19	35	46.52956
	19	36	41.18252
	19	37	60.307545
	19	38	59.816387
	19	39	28.42534
	19	40	80.32434
	19	41	71.50524
	19	42	43.416588
	19	43	15.524175
	19	44	54.129475
	19	45	22.472204
	19	46	12.165525
	19	47	56.22277
	19	48	39.56008
	19	49	54.34151
	19	50	56.044624
	19	51	45.310043
	19	52	22.803509
	19	53	34.0
	19	54	34.234486
	19	55	32.01562
	19	56	21.587032
	19	57	56.32051
	19	58	25.0
	19	59	73.756355
	19	60	68.7968
	19	61	60.74537
	19	62	54.08327
	19	63	28.84441
	19	64	30.083218
	19	65	39.357338
	19	66	25.059929
	19	67	50.695168
	19	68	43.863426
	19	69	13.416408
	19	70	64.63745
	19	71	40.36087
	19	72	76.00658
	19	73	50.47772
	19	74	24.33105
	19	75	24.020824
	19	76	43.416588
	19	77	42.953465
	19	78	28.84441
	19	79	60.108234
	19	80	24.758837
	19	81	45.122055
	19	82	11.7046995
	19	83	45.276924
	19	84	19.104973
	19	85	26.907248
	19	86	60.53924
	19	87	30.0
	19	88	68.88396
	19	89	61.91123
	19	90	68.117546
	19	91	39.824615
	19	92	72.8011
	19	93	39.357338
	19	94	40.4475
	19	95	51.47815
	19	96	30.805843
	19	97	51.662365
	19	98	69.354164
	19	99	57.974133
	20	0	77.25283
	20	1	85.58621
	20	2	20.518284
	20	3	56.435802
	20	4	10.816654
	20	5	47.010635
	20	6	31.257
	20	7	55.081757
	20	8	82.36504
	20	9	41.761227
	20	10	54.571056
	20	11	42.544094
	20	12	60.440052
	20	13	85.37564
	20	14	36.67424
	20	15	58.549126
	20	16	2.236068
	20	17	63.56886
	20	18	98.0816
	20	19	32.01562
	20	20	0.0
	20	21	29.698484
	20	22	16.552946
	20	23	35.44009
	20	24	20.09975
	20	25	33.61547
	20	26	50.039986
	20	27	51.1957
	20	28	14.3178215
	20	29	47.518417
	20	30	58.00862
	20	31	18.973665
	20	32	81.12336
	20	33	55.542778
	20	34	54.20332
	20	35	61.073727
	20	36	71.168816
	20	37	42.379242
	20	38	87.66413
	20	39	21.470911
	20	40	96.40021
	20	41	96.519424
	20	42	74.96666
	20	43	39.39543
	20	44	85.84288
	20	45	48.332184
	20	46	32.695564
	20	47	37.94733
	20	48	70.21396
	20	49	69.656296
	20	50	57.567352
	20	51	18.867962
	20	52	51.662365
	20	53	66.007576
	20	54	5.3851647
	20	55	2.0
	20	56	12.529964
	20	57	73.0
	20	58	25.495098
	20	59	87.36704
	20	60	90.78546
	20	61	78.56844
	20	62	65.192024
	20	63	17.0
	20	64	61.188232
	20	65	61.611687
	20	66	55.108982
	20	67	81.88406
	20	68	31.0
	20	69	20.615528
	20	70	54.230988
	20	71	66.64833
	20	72	97.74457
	20	73	73.817345
	20	74	56.0803
	20	75	39.824615
	20	76	47.853943
	20	77	18.384777
	20	78	17.0
	20	79	86.09297
	20	80	52.554733
	20	81	61.554855
	20	82	43.289722
	20	83	41.0
	20	84	13.038404
	20	85	23.600847
	20	86	57.706154
	20	87	44.553337
	20	88	55.31727
	20	89	83.737686
	20	90	77.82673
	20	91	68.154236
	20	92	96.2133
	20	93	17.262676
	20	94	10.630146
	20	95	46.52956
	20	96	56.35601
	20	97	54.42426
	20	98	95.880135
	20	99	73.87828
	21	0	51.47815
	21	1	55.9017
	21	2	35.510563
	21	3	37.696156
	21	4	29.546574
	21	5	34.058773
	21	6	19.723083
	21	7	41.617306
	21	8	54.42426
	21	9	21.023796
	21	10	46.69047
	21	11	16.0
	21	12	31.06445
	21	13	74.330345
	21	14	38.8973
	21	15	47.010635
	21	16	30.479502
	21	17	39.0
	21	18	68.60029
	21	19	22.825424
	21	20	29.698484
	21	21	0.0
	21	22	28.635643
	21	23	33.61547
	21	24	23.021729
	21	25	35.44009
	21	26	37.01351
	21	27	30.675724
	21	28	42.43819
	21	29	38.209946
	21	30	42.059483
	21	31	27.166155
	21	32	52.924473
	21	33	33.955853
	21	34	25.059929
	21	35	31.622776
	21	36	47.0
	21	37	39.824615
	21	38	60.440052
	21	39	11.18034
	21	40	67.11929
	21	41	67.601776
	21	42	53.75872
	21	43	15.811388
	21	44	64.629715
	21	45	23.021729
	21	46	12.0415945
	21	47	36.249138
	21	48	58.821766
	21	49	40.22437
	21	50	34.234486
	21	51	48.270073
	21	52	44.687805
	21	53	49.24429
	21	54	28.01785
	21	55	28.319605
	21	56	18.027756
	21	57	43.416588
	21	58	40.1995
	21	59	58.59181
	21	60	61.220913
	21	61	48.9183
	21	62	36.769554
	21	63	38.27532
	21	64	40.024994
	21	65	32.649654
	21	66	45.96738
	21	67	68.47627
	21	68	23.259407
	21	69	26.019224
	21	70	42.0119
	21	71	39.293766
	21	72	68.117546
	21	73	44.777225
	21	74	42.43819
	21	75	10.770329
	21	76	22.0
	21	77	47.201694
	21	78	38.27532
	21	79	57.77543
	21	80	28.071337
	21	81	31.890438
	21	82	27.202942
	21	83	22.472204
	21	84	23.409399
	21	85	40.60788
	21	86	37.94733
	21	87	14.866069
	21	88	46.66905
	21	89	54.20332
	21	90	50.289165
	21	91	42.296574
	21	92	66.85058
	21	93	44.94441
	21	94	32.202484
	21	95	28.653097
	21	96	29.427877
	21	97	30.066593
	21	98	67.62396
	21	99	44.407207
	22	0	66.88796
	22	1	81.02469
	22	2	36.40055
	22	3	43.32436
	22	4	26.400757
	22	5	56.32051
	22	6	39.56008
	22	7	40.1995
	22	8	73.87828
	22	9	47.095646
	22	10	66.211784
	22	11	44.407207
	22	12	58.694122
	22	13	96.56604
	22	14	50.606323
	22	15	43.011627
	22	16	18.788294
	22	17	67.26812
	22	18	95.38344
	22	19	41.4367
	22	20	16.552946
	22	21	28.635643
	22	22	0.0
	22	23	19.235384
	22	24	31.906113
	22	25	47.201694
	22	26	35.35534
	22	27	57.14018
	22	28	19.313208
	22	29	58.30952
	22	30	66.4906
	22	31	3.1622777
	22	32	81.27115
	22	33	43.829212
	22	34	48.82622
	22	35	56.0357
	22	36	75.23962
	22	37	25.96151
	22	38	89.02247
	22	39	17.464249
	22	40	89.827614
	22	41	95.34149
	22	42	81.055534
	22	43	43.011627
	22	44	92.0489
	22	45	51.24451
	22	46	37.054016
	22	47	21.587032
	22	48	80.99383
	22	49	64.202805
	22	50	46.647614
	22	51	31.144823
	22	52	63.505905
	22	53	74.330345
	22	54	11.18034
	22	55	14.764823
	22	56	20.12461
	22	57	68.007355
	22	58	41.617306
	22	59	79.93122
	22	60	87.81799
	22	61	73.817345
	22	62	58.0
	22	63	33.54102
	22	64	67.06713
	22	65	60.74537
	22	66	66.309875
	22	67	92.0489
	22	68	17.464249
	22	69	33.600594
	22	70	39.051247
	22	71	67.911705
	22	72	94.33981
	22	73	72.615425
	22	74	65.52099
	22	75	39.293766
	22	76	39.59798
	22	77	32.0
	22	78	33.54102
	22	79	86.034874
	22	80	56.142673
	22	81	57.45433
	22	82	50.990196
	22	83	29.681644
	22	84	25.612497
	22	85	39.962482
	22	86	44.94441
	22	87	42.154476
	22	88	39.319206
	22	89	81.00617
	22	90	69.02898
	22	91	70.85902
	22	92	93.941475
	22	93	32.24903
	22	94	8.062258
	22	95	34.0147
	22	96	58.0517
	22	97	44.407207
	22	98	95.85927
	22	99	68.41052
	23	0	53.740116
	23	1	74.46476
	23	2	54.120235
	23	3	27.802877
	23	4	44.28318
	23	5	66.88796
	23	6	50.803543
	23	7	22.135944
	23	8	62.801273
	23	9	54.626
	23	10	78.60026
	23	11	48.76474
	23	12	57.14018
	23	13	107.54069
	23	14	65.946945
	23	15	24.083189
	23	16	37.64306
	23	17	71.19691
	23	18	90.44335
	23	19	53.413483
	23	20	35.44009
	23	21	33.61547
	23	22	19.235384
	23	23	0.0
	23	24	46.8615
	23	25	62.369865
	23	26	17.888544
	23	27	64.25729
	23	28	37.215588
	23	29	70.21396
	23	30	75.58439
	23	31	16.492422
	23	32	80.305664
	23	33	30.479502
	23	34	43.931767
	23	35	50.695168
	23	36	79.07591
	23	37	7.2111025
	23	38	89.08984
	23	39	25.0
	23	40	80.454956
	23	41	92.19544
	23	42	86.833176
	23	43	49.396355
	23	44	97.5141
	23	45	55.7853
	23	46	45.17743
	23	47	2.828427
	23	48	91.92388
	23	49	57.58472
	23	50	34.20526
	23	51	50.0
	23	52	76.2168
	23	53	82.85529
	23	54	30.083218
	23	55	33.526108
	23	56	35.0
	23	57	61.68468
	23	58	59.48109
	23	59	69.89278
	23	60	82.86133
	23	61	67.41662
	23	62	49.658836
	23	63	52.201534
	23	64	73.37575
	23	65	60.033325
	23	66	78.23682
	23	67	101.96568
	23	68	10.440307
	23	69	49.20366
	23	70	20.615528
	23	71	69.065186
	23	72	88.60023
	23	73	70.5762
	23	74	75.66373
	23	75	41.976185
	23	76	32.280025
	23	77	51.088158
	23	78	52.201534
	23	79	84.59315
	23	80	60.876926
	23	81	53.15073
	23	82	60.41523
	23	83	19.924858
	23	84	41.880783
	23	85	58.18075
	23	86	29.832869
	23	87	42.107006
	23	88	20.09975
	23	89	76.655075
	23	90	57.801384
	23	91	73.43705
	23	92	89.560036
	23	93	51.47815
	23	94	27.073973
	23	95	20.808653
	23	96	60.530983
	23	97	33.61547
	23	98	94.04786
	23	99	61.46544
	24	0	74.431175
	24	1	74.94665
	24	2	13.0
	24	3	59.439045
	24	4	11.7046995
	24	5	27.018513
	24	6	12.529964
	24	7	61.46544
	24	8	76.655075
	24	9	24.41311
	24	10	34.785053
	24	11	28.600698
	24	12	48.259712
	24	13	65.52099
	24	14	19.104973
	24	15	66.211784
	24	16	19.0
	24	17	46.141087
	24	18	85.04117
	24	19	12.369317
	24	20	20.09975
	24	21	23.021729
	24	22	31.906113
	24	23	46.8615
	24	24	0.0
	24	25	15.556349
	24	26	56.462376
	24	27	32.695564
	24	28	34.0147
	24	29	27.45906
	24	30	38.118237
	24	31	32.80244
	24	32	65.946945
	24	33	56.435802
	24	34	46.840153
	24	35	52.554733
	24	36	53.225933
	24	37	54.037025
	24	38	71.281136
	24	39	23.259407
	24	40	87.66413
	24	41	82.073135
	24	42	55.7853
	24	43	24.083189
	24	44	66.4906
	24	45	32.55764
	24	46	18.027756
	24	47	49.67897
	24	48	50.219517
	24	49	60.926186
	24	50	57.07889
	24	51	33.105892
	24	52	31.95309
	24	53	46.09772
	24	54	23.086792
	24	55	20.396078
	24	56	12.0415945
	24	57	63.505905
