data;

param n := 50;

param p := 10;

param m := 4;

param alpha := 10.786398887634277;

param r := 
	0	1
	1	2
	2	1
	3	0
	4	0
	5	2
	6	0
	7	0
	8	0
	9	0
	10	1
	11	3
	12	1
	13	2
	14	3
	15	1
	16	0
	17	0
	18	2
	19	1
	20	1
	21	0
	22	2
	23	3
	24	1
	25	0
	26	1
	27	0
	28	0
	29	3
	30	3
	31	1
	32	3
	33	2
	34	2
	35	0
	36	3
	37	1
	38	1
	39	1
	40	0
	41	2
	42	3
	43	3
	44	3
	45	1
	46	2
	47	0
	48	0
	49	1
;

param d := 
	0	3
	1	2
	2	2
	3	0
	4	2
	5	2
	6	1
	7	3
	8	0
	9	1
	10	1
	11	3
	12	3
	13	2
	14	3
	15	1
	16	2
	17	1
	18	3
	19	3
	20	3
	21	1
	22	3
	23	3
	24	2
	25	2
	26	3
	27	0
	28	2
	29	3
	30	3
	31	3
	32	3
	33	2
	34	3
	35	0
	36	3
	37	2
	38	1
	39	1
	40	1
	41	3
	42	3
	43	3
	44	3
	45	2
	46	2
	47	3
	48	1
	49	3
;

param c := 
	0	0	0.0
	0	1	44.94441
	0	2	36.05551
	0	3	50.32892
	0	4	62.968246
	0	5	71.55418
	0	6	18.027756
	0	7	52.554733
	0	8	56.293873
	0	9	35.69314
	0	10	84.17244
	0	11	101.96568
	0	12	85.44004
	0	13	33.13608
	0	14	103.00485
	0	15	82.764725
	0	16	56.462376
	0	17	89.44272
	0	18	52.392746
	0	19	97.082436
	0	20	83.546394
	0	21	73.00685
	0	22	32.984844
	0	23	48.79549
	0	24	78.77182
	0	25	43.56604
	0	26	16.763054
	0	27	77.83315
	0	28	82.764725
	0	29	38.118237
	0	30	14.56022
	0	31	13.0
	0	32	52.773098
	0	33	6.0827627
	0	34	52.924473
	0	35	93.74433
	0	36	94.59387
	0	37	42.80187
	0	38	26.907248
	0	39	69.92139
	0	40	57.77543
	0	41	75.89466
	0	42	32.01562
	0	43	46.043457
	0	44	27.294687
	0	45	62.369865
	0	46	15.524175
	0	47	30.066593
	0	48	26.24881
	0	49	94.92102
	1	0	44.94441
	1	1	0.0
	1	2	18.973665
	1	3	49.162994
	1	4	51.1957
	1	5	27.202942
	1	6	28.301943
	1	7	35.69314
	1	8	30.870699
	1	9	11.401754
	1	10	39.357338
	1	11	79.025314
	1	12	68.8767
	1	13	62.625874
	1	14	87.23531
	1	15	60.74537
	1	16	70.88018
	1	17	56.0357
	1	18	67.357254
	1	19	68.622154
	1	20	74.726166
	1	21	43.931767
	1	22	58.821766
	1	23	51.62364
	1	24	36.345562
	1	25	9.055386
	1	26	56.859474
	1	27	70.61161
	1	28	39.012817
	1	29	70.292244
	1	30	30.463093
	1	31	33.12099
	1	32	12.206555
	1	33	50.92151
	1	34	68.622154
	1	35	50.039986
	1	36	62.801273
	1	37	42.755116
	1	38	22.090721
	1	39	25.317978
	1	40	71.568146
	1	41	31.04835
	1	42	44.011364
	1	43	10.770329
	1	44	18.248287
	1	45	63.007935
	1	46	38.013157
	1	47	60.959003
	1	48	43.829212
	1	49	49.979996
	2	0	36.05551
	2	1	18.973665
	2	2	0.0
	2	3	31.06445
	2	4	36.23534
	2	5	44.04543
	2	6	18.248287
	2	7	21.400934
	2	8	21.470911
	2	9	9.055386
	2	10	54.56189
	2	11	70.434364
	2	12	56.85068
	2	13	45.276924
	2	14	75.43209
	2	15	51.088158
	2	16	51.92302
	2	17	53.851646
	2	18	48.38388
	2	19	63.06346
	2	20	59.933296
	2	21	38.078865
	2	22	41.036568
	2	23	33.06055
	2	24	43.965897
	2	25	11.401754
	2	26	43.32436
	2	27	55.154327
	2	28	48.8467
	2	29	53.075417
	2	30	22.803509
	2	31	23.086792
	2	32	19.416489
	2	33	42.0119
	2	34	49.648766
	2	35	59.464275
	2	36	59.464275
	2	37	24.083189
	2	38	25.612497
	2	39	38.013157
	2	40	52.63079
	2	41	44.407207
	2	42	48.79549
	2	43	28.071337
	2	44	19.209373
	2	45	45.276924
	2	46	36.23534
	2	47	44.04543
	2	48	26.172504
	2	49	63.51378
	3	0	50.32892
	3	1	49.162994
	3	2	31.06445
	3	3	0.0
	3	4	15.033297
	3	5	70.00714
	3	6	39.446167
	3	7	17.804493
	3	8	27.018513
	3	9	40.112343
	3	10	77.52419
	3	11	54.571056
	3	12	36.40055
	3	13	35.0
	3	14	53.0
	3	15	37.054016
	3	16	24.839485
	3	17	52.810986
	3	18	22.671568
	3	19	54.037025
	3	20	33.24154
	3	21	36.67424
	3	22	30.016663
	3	23	4.472136
	3	24	59.464275
	3	25	40.311287
	3	26	46.238514
	3	27	27.58623
	3	28	65.946945
	3	29	41.303753
	3	30	44.102154
	3	31	41.400482
	3	32	44.27189
	3	33	54.405884
	3	34	24.083189
	3	35	74.27651
	3	36	55.108982
	3	37	8.062258
	3	38	54.08327
	3	39	60.41523
	3	40	25.0
	3	41	66.37017
	3	42	74.793045
	3	43	59.0
	3	44	48.08326
	3	45	14.3178215
	3	46	58.821766
	3	47	36.124783
	3	48	24.698177
	3	49	83.40863
	4	0	62.968246
	4	1	51.1957
	4	2	36.23534
	4	3	15.033297
	4	4	0.0
	4	5	66.910385
	4	6	49.497475
	4	7	15.524175
	4	8	22.090721
	4	9	44.777225
	4	10	72.11102
	4	11	39.849716
	4	12	22.472204
	4	13	50.01
	4	14	40.36087
	4	15	22.022715
	4	16	35.846897
	4	17	39.357338
	4	18	34.928497
	4	19	39.115215
	4	20	23.769728
	4	21	24.758837
	4	22	45.044422
	4	23	19.026299
	4	24	51.47815
	4	25	42.201897
	4	26	60.728905
	4	27	19.416489
	4	28	58.18075
	4	29	56.142673
	4	30	54.451813
	4	31	52.49762
	4	32	43.011627
	4	33	67.601776
	4	34	36.249138
	4	35	65.0
	4	36	40.804413
	4	37	20.615528
	4	38	61.587337
	4	39	55.7853
	4	40	35.510563
	4	41	61.03278
	4	42	84.0238
	4	43	61.846584
	4	44	55.226807
	4	45	17.691807
	4	46	69.29646
	4	47	51.156624
	4	48	38.626415
	4	49	76.05919
	5	0	71.55418
	5	1	27.202942
	5	2	44.04543
	5	3	70.00714
	5	4	66.910385
	5	5	0.0
	5	6	55.470715
	5	7	53.160137
	5	8	44.911022
	5	9	38.28838
	5	10	13.152946
	5	11	82.5409
	5	12	78.40918
	5	13	89.140335
	5	14	94.92102
	5	15	67.89698
	5	16	93.914856
	5	17	53.66563
	5	18	90.824005
	5	19	68.942
	5	20	88.02273
	5	21	49.497475
	5	22	85.04117
	5	23	73.409805
	5	24	25.23886
	5	25	32.649654
	5	26	84.05355
	5	27	85.28775
	5	28	22.671568
	5	29	96.89685
	5	30	57.306194
	5	31	60.207973
	5	32	25.942244
	5	33	77.388626
	5	34	92.17918
	5	35	31.304953
	5	36	60.827625
	5	37	65.29931
	5	38	46.173584
	5	39	12.369317
	5	40	94.371605
	5	41	11.313708
	5	42	63.0
	5	43	26.683329
	5	44	44.28318
	5	45	82.28001
	5	46	62.361847
	5	47	87.681244
	5	48	70.0928
	5	49	25.019993
	6	0	18.027756
	6	1	28.301943
	6	2	18.248287
	6	3	39.446167
	6	4	49.497475
	6	5	55.470715
	6	6	0.0
	6	7	36.891735
	6	8	39.217342
	6	9	18.027756
	6	10	67.601776
	6	11	86.821655
	6	12	71.5891
	6	13	37.161808
	6	14	89.827614
	6	15	67.41662
	6	16	53.15073
	6	17	72.03471
	6	18	49.09175
	6	19	80.622574
	6	20	72.00694
	6	21	55.97321
	6	22	34.48188
	6	23	39.39543
	6	24	60.827625
	6	25	25.70992
	6	26	28.600698
	6	27	66.61081
	6	28	65.0
	6	29	44.294468
	6	30	5.0
	6	31	5.0990195
	6	32	34.928497
	6	33	24.083189
	6	34	50.039986
	6	35	75.9276
	6	36	77.491936
	6	37	31.38471
	6	38	17.117243
	6	39	52.554733
	6	40	54.230988
	6	41	58.694122
	6	42	35.35534
	6	43	32.01562
	6	44	13.416408
	6	45	53.225933
	6	46	19.79899
	6	47	34.88553
	6	48	21.023796
	6	49	77.87811
	7	0	52.554733
	7	1	35.69314
	7	2	21.400934
	7	3	17.804493
	7	4	15.524175
	7	5	53.160137
	7	6	36.891735
	7	7	0.0
	7	8	9.219544
	7	9	29.529646
	7	10	59.94164
	7	11	49.92995
	7	12	35.468296
	7	13	48.08326
	7	14	54.037025
	7	15	30.528675
	7	16	42.638012
	7	17	39.115215
	7	18	40.311287
	7	19	44.64303
	7	20	39.217342
	7	21	22.090721
	7	22	43.011627
	7	23	21.931713
	7	24	41.725292
	7	25	26.683329
	7	26	54.08327
	7	27	34.928497
	7	28	48.166378
	7	29	55.362442
	7	30	41.880783
	7	31	40.706264
	7	32	28.160255
	7	33	57.870544
	7	34	41.725292
	7	35	56.727417
	7	36	43.104523
	7	37	16.552946
	7	38	47.010635
	7	39	42.953465
	7	40	42.80187
	7	41	48.76474
	7	42	70.035706
	7	43	46.32494
	7	44	40.60788
	7	45	29.12044
	7	46	56.400356
	7	47	48.270073
	7	48	32.01562
	7	49	65.60488
	8	0	56.293873
	8	1	30.870699
	8	2	21.470911
	8	3	27.018513
	8	4	22.090721
	8	5	44.911022
	8	6	39.217342
	8	7	9.219544
	8	8	0.0
	8	9	27.58623
	8	10	50.990196
	8	11	49.517673
	8	12	38.013157
	8	13	56.0803
	8	14	56.435802
	8	15	30.479502
	8	16	51.855568
	8	17	33.24154
	8	18	49.517673
	8	19	41.59327
	8	20	44.553337
	8	21	16.763054
	8	22	51.078373
	8	23	31.144823
	8	24	32.526913
	8	25	22.472204
	8	26	60.133186
	8	27	41.04875
	8	28	38.948685
	8	29	63.560993
	8	30	44.011364
	8	31	43.68066
	8	32	21.213203
	8	33	61.983868
	8	34	50.931328
	8	35	47.63402
	8	36	38.327538
	8	37	25.23886
	8	38	46.09772
	8	39	34.176014
	8	40	52.009613
	8	41	39.812057
	8	42	69.656296
	8	43	41.62932
	8	44	39.824615
	8	45	37.696156
	8	46	57.706154
	8	47	55.97321
	8	48	38.832977
	8	49	56.400356
	9	0	35.69314
	9	1	11.401754
	9	2	9.055386
	9	3	40.112343
	9	4	44.777225
	9	5	38.28838
	9	6	18.027756
	9	7	29.529646
	9	8	27.58623
	9	9	0.0
	9	10	49.92995
	9	11	77.10383
	9	12	64.63745
	9	13	51.224995
	9	14	83.23461
	9	15	58.0
	9	16	60.41523
	9	17	57.77543
	9	18	56.753853
	9	19	68.50548
	9	20	68.54196
	9	21	43.266617
	9	22	47.434166
	9	23	42.0119
	9	24	43.185646
	9	25	8.0
	9	26	46.141087
	9	27	63.90618
	9	28	47.07441
	9	29	58.898216
	9	30	21.213203
	9	31	23.086792
	9	32	17.117243
	9	33	41.773197
	9	34	57.974133
	9	35	58.0517
	9	36	63.953106
	9	37	33.01515
	9	38	18.601076
	9	39	34.539833
	9	40	61.188232
	9	41	40.718548
	9	42	42.201897
	9	43	19.235384
	9	44	12.529964
	9	45	54.33231
	9	46	32.01562
	9	47	49.57822
	9	48	32.449963
	9	49	59.933296
	10	0	84.17244
	10	1	39.357338
	10	2	54.56189
	10	3	77.52419
	10	4	72.11102
	10	5	13.152946
	10	6	67.601776
	10	7	59.94164
	10	8	50.990196
	10	9	49.92995
	10	10	0.0
	10	11	81.21576
	10	12	80.1561
	10	13	99.824844
	10	14	95.189285
	10	15	69.02898
	10	16	102.0833
	10	17	51.1957
	10	18	99.29753
	10	19	66.70832
	10	20	91.24144
	10	21	51.351727
	10	22	95.48299
	10	23	81.3019
	10	24	23.021729
	10	25	43.416588
	10	26	96.04166
	10	27	89.26926
	10	28	17.464249
	10	29	107.62899
	10	30	69.77822
	10	31	72.47068
	10	32	35.35534
	10	33	90.07774
	10	34	100.68764
	10	35	21.931713
	10	36	57.974133
	10	37	73.817345
	10	38	59.20304
	10	39	17.20465
	10	40	102.396286
	10	41	11.18034
	10	42	76.02631
	10	43	39.812057
	10	44	57.00877
	10	45	88.63972
	10	46	75.43209
	10	47	98.59513
	10	48	80.72174
	10	49	12.0415945
	11	0	101.96568
	11	1	79.025314
	11	2	70.434364
	11	3	54.571056
	11	4	39.849716
	11	5	82.5409
	11	6	86.821655
	11	7	49.92995
	11	8	49.517673
	11	9	77.10383
	11	10	81.21576
	11	11	0.0
	11	12	19.0
	11	13	88.95505
	11	14	17.0
	11	15	19.416489
	11	16	69.260376
	11	17	30.149628
	11	18	70.028564
	11	19	15.033297
	11	20	30.675724
	11	21	35.22783
	11	22	84.17244
	11	23	58.0517
	11	24	58.463665
	11	25	71.50524
	11	26	100.57833
	11	27	34.713108
	11	28	63.788715
	11	29	94.33981
	11	30	91.809586
	11	31	90.55385
	11	32	67.424034
	11	33	106.929886
	11	34	71.063354
	11	35	64.00781
	11	36	24.020824
	11	37	60.40695
	11	38	95.587654
	11	39	70.2282
	11	40	68.359344
	11	41	72.53275
	11	42	119.096596
	11	43	89.40358
	11	44	89.27486
	11	45	50.01
	11	46	106.25441
	11	47	90.426765
	11	48	78.434685
	11	49	79.025314
	12	0	85.44004
	12	1	68.8767
	12	2	56.85068
	12	3	36.40055
	12	4	22.472204
	12	5	78.40918
	12	6	71.5891
	12	7	35.468296
	12	8	38.013157
	12	9	64.63745
	12	10	80.1561
	12	11	19.0
	12	12	0.0
	12	13	70.21396
	12	14	18.601076
	12	15	11.401754
	12	16	50.358715
	12	17	34.0
	12	18	51.0392
	12	19	25.0
	12	20	14.142136
	12	21	29.017237
	12	22	65.51336
	12	23	39.56008
	12	24	57.31492
	12	25	60.41523
	12	26	82.637764
	12	27	16.552946
	12	28	63.63961
	12	29	75.42546
	12	30	76.57676
	12	31	74.8131
	12	32	58.5235
	12	33	90.04999
	12	34	52.086468
	12	35	67.052216
	12	36	31.241
	12	37	42.941822
	12	38	82.46211
	12	39	66.189125
	12	40	49.497475
	12	41	70.0
	12	42	105.47511
	12	43	79.624115
	12	44	76.05919
	12	45	31.016125
	12	46	91.350975
	12	47	71.80529
	12	48	60.835846
	12	49	80.80842
	13	0	33.13608
	13	1	62.625874
	13	2	45.276924
	13	3	35.0
	13	4	50.01
	13	5	89.140335
	13	6	37.161808
	13	7	48.08326
	13	8	56.0803
	13	9	51.224995
	13	10	99.824844
	13	11	88.95505
	13	12	70.21396
	13	13	0.0
	13	14	84.758484
	13	15	72.02777
	13	16	26.870058
	13	17	86.683334
	13	18	23.43075
	13	19	89.02247
	13	20	63.324562
	13	21	69.856995
	13	22	5.0990195
	13	23	31.06445
	13	24	86.95401
	13	25	56.568542
	13	26	18.788294
	13	27	57.58472
	13	28	92.64988
	13	29	7.81025
	13	30	38.600517
	13	31	34.48188
	13	32	64.53681
	13	33	33.24154
	13	34	23.345236
	13	35	102.5768
	13	36	89.6772
	13	37	31.780497
	13	38	53.75872
	13	39	83.09633
	13	40	28.284271
	13	41	89.498604
	13	42	65.03076
	13	43	68.60029
	13	44	50.566788
	13	45	40.496914
	13	46	48.010414
	13	47	3.1622777
	13	48	19.104973
	13	49	108.40664
	14	0	103.00485
	14	1	87.23531
	14	2	75.43209
	14	3	53.0
	14	4	40.36087
	14	5	94.92102
	14	6	89.827614
	14	7	54.037025
	14	8	56.435802
	14	9	83.23461
	14	10	95.189285
	14	11	17.0
	14	12	18.601076
	14	13	84.758484
	14	14	0.0
	14	15	27.202942
	14	16	61.66036
	14	17	45.276924
	14	18	63.348244
	14	19	31.320919
	14	20	21.587032
	14	21	45.607018
	14	22	80.411446
	14	23	55.470715
	14	24	72.1734
	14	25	78.892334
	14	26	98.83825
	14	27	27.202942
	14	28	78.025635
	14	29	89.02247
	14	30	94.79452
	14	31	92.84934
	14	32	76.55717
	14	33	107.33592
	14	34	64.132675
	14	35	79.51101
	14	36	40.024994
	14	37	60.216278
	14	38	101.04455
	14	39	82.565125
	14	40	60.530983
	14	41	85.70881
	14	42	123.9879
	14	43	97.94897
	14	44	94.641426
	14	45	44.27189
	14	46	109.62208
	14	47	86.72946
	14	48	77.698135
	14	49	94.19129
	15	0	82.764725
	15	1	60.74537
	15	2	51.088158
	15	3	37.054016
	15	4	22.022715
	15	5	67.89698
	15	6	67.41662
	15	7	30.528675
	15	8	30.479502
	15	9	58.0
	15	10	69.02898
	15	11	19.416489
	15	12	11.401754
	15	13	72.02777
	15	14	27.202942
	15	15	0.0
	15	16	55.65968
	15	17	23.021729
	15	18	55.542778
	15	19	17.464249
	15	20	24.698177
	15	21	18.439089
	15	22	67.06713
	15	23	41.0
	15	24	46.09772
	15	25	52.801514
	15	26	82.2253
	15	27	25.455845
	15	28	52.34501
	15	29	78.05767
	15	30	72.40166
	15	31	71.19691
	15	32	49.648766
	15	33	87.84646
	15	34	56.753853
	15	35	55.65968
	15	36	21.400934
	15	37	41.976185
	15	38	76.38062
	15	39	55.578773
	15	40	55.027267
	15	41	59.07622
	15	42	99.824844
	15	43	71.34424
	15	44	70.035706
	15	45	36.05551
	15	46	86.83893
	15	47	73.171036
	15	48	59.908264
	15	49	69.426216
	16	0	56.462376
	16	1	70.88018
	16	2	51.92302
	16	3	24.839485
	16	4	35.846897
	16	5	93.914856
	16	6	53.15073
	16	7	42.638012
	16	8	51.855568
	16	9	60.41523
	16	10	102.0833
	16	11	69.260376
	16	12	50.358715
	16	13	26.870058
	16	14	61.66036
	16	15	55.65968
	16	16	0.0
	16	17	75.17979
	16	18	4.1231055
	16	19	73.082146
	16	20	40.1995
	16	21	60.216278
	16	22	24.41311
	16	23	20.808653
	16	24	84.29116
	16	25	62.625874
	16	26	45.0
	16	27	35.014282
	16	28	90.78546
	16	29	28.653097
	16	30	56.568542
	16	31	52.773098
	16	32	67.977936
	16	33	58.18075
	16	34	3.6055512
	16	35	98.99495
	16	36	76.15773
	16	37	28.635643
	16	38	70.028564
	16	39	84.90583
	16	40	1.4142135
	16	41	90.97253
	16	42	86.58522
	16	43	79.624115
	16	44	65.03076
	16	45	19.646883
	16	46	69.375786
	16	47	29.732138
	16	48	32.38827
	16	49	108.23123
	17	0	89.44272
	17	1	56.0357
	17	2	53.851646
	17	3	52.810986
	17	4	39.357338
	17	5	53.66563
	17	6	72.03471
	17	7	39.115215
	17	8	33.24154
	17	9	57.77543
	17	10	51.1957
	17	11	30.149628
	17	12	34.0
	17	13	86.683334
	17	14	45.276924
	17	15	23.021729
	17	16	75.17979
	17	17	0.0
	17	18	74.24958
	17	19	15.524175
	17	20	47.707443
	17	21	17.029387
	17	22	81.58431
	17	23	57.245087
	17	24	28.79236
	17	25	50.537113
	17	26	93.0
	17	27	48.270073
	17	28	33.734257
	17	29	93.62158
	17	30	76.655075
	17	31	76.687675
	17	32	43.829212
	17	33	95.189285
	17	34	75.58439
	17	35	34.234486
	17	36	7.2111025
	17	37	54.91812
	17	38	76.02631
	17	39	41.677334
	17	40	74.793045
	17	41	43.081318
	17	42	99.36297
	17	43	65.29931
	17	44	70.26379
	17	45	56.302753
	17	46	89.537704
	17	47	87.13208
	17	48	71.11259
	17	49	49.010204
	18	0	52.392746
	18	1	67.357254
	18	2	48.38388
	18	3	22.671568
	18	4	34.928497
	18	5	90.824005
	18	6	49.09175
	18	7	40.311287
	18	8	49.517673
	18	9	56.753853
	18	10	99.29753
	18	11	70.028564
	18	12	51.0392
	18	13	23.43075
	18	14	63.348244
	18	15	55.542778
	18	16	4.1231055
	18	17	74.24958
	18	18	0.0
	18	19	73.00685
	18	20	41.773197
	18	21	58.830265
	18	22	20.615528
	18	23	18.384777
	18	24	82.036575
	18	25	59.236813
	18	26	41.231056
	18	27	36.345562
	18	28	88.45903
	18	29	26.0
	18	30	52.46904
	18	31	48.6621
	18	32	64.884514
	18	33	54.20332
	18	34	1.4142135
	18	35	96.938126
	18	36	75.61085
	18	37	25.553865
	18	38	66.007576
	18	39	82.0975
	18	40	5.3851647
	18	41	88.23265
	18	42	82.46211
	18	43	75.9276
	18	44	61.073727
	18	45	20.024984
	18	46	65.25335
	18	47	26.172504
	18	48	28.284271
	18	49	105.75916
	19	0	97.082436
	19	1	68.622154
	19	2	63.06346
	19	3	54.037025
	19	4	39.115215
	19	5	68.942
	19	6	80.622574
	19	7	44.64303
	19	8	41.59327
	19	9	68.50548
	19	10	66.70832
	19	11	15.033297
	19	12	25.0
	19	13	89.02247
	19	14	31.320919
	19	15	17.464249
	19	16	73.082146
	19	17	15.524175
	19	18	73.00685
	19	19	0.0
	19	20	39.051247
	19	21	25.23886
	19	22	84.00595
	19	23	58.137768
	19	24	44.27189
	19	25	62.008064
	19	26	98.15294
	19	27	41.340054
	19	28	49.24429
	19	29	95.257545
	19	30	85.49269
	19	31	84.8646
	19	32	56.568542
	19	33	102.48902
	19	34	74.215904
	19	35	49.0
	19	36	9.0
	19	37	58.21512
	19	38	87.0919
	19	39	56.797886
	19	40	72.42237
	19	41	58.5235
	19	42	110.67972
	19	43	78.51752
	19	44	80.99383
	19	45	53.450912
	19	46	99.29753
	19	47	90.005554
	19	48	75.802376
	19	49	64.070274
	20	0	83.546394
	20	1	74.726166
	20	2	59.933296
	20	3	33.24154
	20	4	23.769728
	20	5	88.02273
	20	6	72.00694
	20	7	39.217342
	20	8	44.553337
	20	9	68.54196
	20	10	91.24144
	20	11	30.675724
	20	12	14.142136
	20	13	63.324562
	20	14	21.587032
	20	15	24.698177
	20	16	40.1995
	20	17	47.707443
	20	18	41.773197
	20	19	39.051247
	20	20	0.0
	20	21	40.024994
	20	22	59.093147
	20	23	35.0
	20	24	68.88396
	20	25	65.802734
	20	26	78.03204
	20	27	5.8309517
	20	28	75.43209
	20	29	67.44627
	20	30	76.837494
	20	31	74.41102
	20	32	65.76473
	20	33	87.458565
	20	34	42.579338
	20	35	79.84986
	20	36	45.343136
	20	37	41.036568
	20	38	85.08819
	20	39	76.1643
	20	40	39.115215
	20	41	80.622574
	20	42	107.07474
	20	43	85.44004
	20	44	78.77182
	20	45	22.847319
	20	46	91.67879
	20	47	65.39113
	20	48	57.628117
	20	49	93.00538
	21	0	73.00685
	21	1	43.931767
	21	2	38.078865
	21	3	36.67424
	21	4	24.758837
	21	5	49.497475
	21	6	55.97321
	21	7	22.090721
	21	8	16.763054
	21	9	43.266617
	21	10	51.351727
	21	11	35.22783
	21	12	29.017237
	21	13	69.856995
	21	14	45.607018
	21	15	18.439089
	21	16	60.216278
	21	17	17.029387
	21	18	58.830265
	21	19	25.23886
	21	20	40.024994
	21	21	0.0
	21	22	64.7611
	21	23	41.14608
	21	24	28.86174
	21	25	36.878178
	21	26	76.00658
	21	27	38.626415
	21	28	35.44009
	21	29	76.922035
	21	30	60.74537
	21	31	60.440052
	21	32	32.202484
	21	33	78.64477
	21	34	60.207973
	21	35	40.81666
	21	36	21.587032
	21	37	38.078865
	21	38	61.854668
	21	39	37.215588
	21	40	60.0
	21	41	41.01219
	21	42	85.44589
	21	43	54.20332
	21	44	55.758408
	21	45	42.426407
	21	46	74.24958
	21	47	70.21396
	21	48	54.08327
	21	49	53.14132
	22	0	32.984844
	22	1	58.821766
	22	2	41.036568
	22	3	30.016663
	22	4	45.044422
	22	5	85.04117
	22	6	34.48188
	22	7	43.011627
	22	8	51.078373
	22	9	47.434166
	22	10	95.48299
	22	11	84.17244
	22	12	65.51336
	22	13	5.0990195
	22	14	80.411446
	22	15	67.06713
	22	16	24.41311
	22	17	81.58431
	22	18	20.615528
	22	19	84.00595
	22	20	59.093147
	22	21	64.7611
	22	22	0.0
	22	23	26.172504
	22	24	82.1523
	22	25	52.40229
	22	26	20.615528
	22	27	53.310413
	22	28	87.92042
	22	29	12.529964
	22	30	36.496574
	22	31	32.38827
	22	32	60.1415
	22	33	34.0147
	22	34	20.808653
	22	35	97.7548
	22	36	84.59315
	22	37	26.683329
	22	38	51.41984
	22	39	78.64477
	22	40	25.806976
	22	41	85.04117
	22	42	64.381676
	22	43	65.29931
	22	44	47.759815
	22	45	36.249138
	22	46	47.169907
	22	47	6.3245554
	22	48	15.0
	22	49	103.85567
	23	0	48.79549
	23	1	51.62364
	23	2	33.06055
	23	3	4.472136
	23	4	19.026299
	23	5	73.409805
	23	6	39.39543
	23	7	21.931713
	23	8	31.144823
	23	9	42.0119
	23	10	81.3019
	23	11	58.0517
	23	12	39.56008
	23	13	31.06445
	23	14	55.470715
	23	15	41.0
	23	16	20.808653
	23	17	57.245087
	23	18	18.384777
	23	19	58.137768
	23	20	35.0
	23	21	41.14608
	23	22	26.172504
	23	23	0.0
	23	24	63.655323
	23	25	42.953465
	23	26	43.382023
	23	27	29.206163
	23	28	70.0928
	23	29	37.12142
	23	30	43.829212
	23	31	40.81666
	23	32	47.539455
	23	33	52.49762
	23	34	19.79899
	23	35	78.56844
	23	36	59.439045
	23	37	9.0
	23	38	54.81788
	23	39	64.14047
	23	40	21.095022
	23	41	70.178345
	23	42	74.68601
	23	43	61.13101
	23	44	49.0306
	23	45	13.892444
	23	46	58.30952
	23	47	32.38827
	23	48	22.671568
	23	49	87.458565
	24	0	78.77182
	24	1	36.345562
	24	2	43.965897
	24	3	59.464275
	24	4	51.47815
	24	5	25.23886
	24	6	60.827625
	24	7	41.725292
	24	8	32.526913
	24	9	43.185646
	24	10	23.021729
	24	11	58.463665
	24	12	57.31492
	24	13	86.95401
	24	14	72.1734
	24	15	46.09772
	24	16	84.29116
	24	17	28.79236
	24	18	82.036575
	24	19	44.27189
	24	20	68.88396
	24	21	28.86174
	24	22	82.1523
	24	23	63.655323
	24	24	0.0
	24	25	35.22783
	24	26	87.28116
	24	27	67.357254
	24	28	6.708204
	24	29	94.66784
	24	30	64.381676
	24	31	65.9242
	24	32	26.076809
	24	33	84.85281
	24	34	83.450584
	24	35	15.652476
	24	36	35.846897
	24	37	57.48913
	24	38	58.420887
	24	39	14.21267
	24	40	84.38602
	24	41	14.3178215
	24	42	79.81228
	24	43	42.72002
	24	44	54.037025
	24	45	68.7968
	24	46	74.10803
	24	47	86.35392
	24	48	68.42514
	24	49	24.596748
	25	0	43.56604
	25	1	9.055386
	25	2	11.401754
	25	3	40.311287
	25	4	42.201897
	25	5	32.649654
	25	6	25.70992
	25	7	26.683329
	25	8	22.472204
	25	9	8.0
	25	10	43.416588
	25	11	71.50524
	25	12	60.41523
	25	13	56.568542
	25	14	78.892334
	25	15	52.801514
	25	16	62.625874
	25	17	50.537113
	25	18	59.236813
	25	19	62.008064
	25	20	65.802734
	25	21	36.878178
	25	22	52.40229
	25	23	42.953465
	25	24	35.22783
	25	25	0.0
	25	26	53.225933
	25	27	61.611687
	25	28	39.293766
	25	29	64.3506
	25	30	29.15476
	25	31	30.805843
	25	32	9.219544
	25	33	49.648766
	25	34	60.53924
	25	35	50.219517
	25	36	56.938564
	25	37	34.20526
	25	38	25.495098
	25	39	27.294687
	25	40	63.245552
	25	41	33.61547
	25	42	48.8774
	25	43	19.646883
	25	44	19.924858
	25	45	54.037025
	25	46	39.812057
	25	47	55.226807
	25	48	37.48333
	25	49	52.83938
	26	0	16.763054
	26	1	56.859474
	26	2	43.32436
	26	3	46.238514
	26	4	60.728905
	26	5	84.05355
	26	6	28.600698
	26	7	54.08327
	26	8	60.133186
	26	9	46.141087
	26	10	96.04166
	26	11	100.57833
	26	12	82.637764
	26	13	18.788294
	26	14	98.83825
	26	15	82.2253
	26	16	45.0
	26	17	93.0
	26	18	41.231056
	26	19	98.15294
	26	20	78.03204
	26	21	76.00658
	26	22	20.615528
	26	23	43.382023
	26	24	87.28116
	26	25	53.225933
	26	26	0.0
	26	27	72.20111
	26	28	92.11406
	26	29	22.090721
	26	30	27.58623
	26	31	24.083189
	26	32	62.241467
	26	33	15.033297
	26	34	41.400482
	26	35	102.78619
	26	36	97.18539
	26	37	40.261642
	26	38	42.201897
	26	39	80.49844
	26	40	46.400433
	26	41	86.76981
	26	42	48.373547
	26	43	60.108234
	26	44	41.01219
	26	45	55.470715
	26	46	32.280025
	26	47	15.652476
	26	48	22.36068
	26	49	106.004715
	27	0	77.83315
	27	1	70.61161
	27	2	55.154327
	27	3	27.58623
	27	4	19.416489
	27	5	85.28775
	27	6	66.61081
	27	7	34.928497
	27	8	41.04875
	27	9	63.90618
	27	10	89.26926
	27	11	34.713108
	27	12	16.552946
	27	13	57.58472
	27	14	27.202942
	27	15	25.455845
	27	16	35.014282
	27	17	48.270073
	27	18	36.345562
	27	19	41.340054
	27	20	5.8309517
	27	21	38.626415
	27	22	53.310413
	27	23	29.206163
	27	24	67.357254
	27	25	61.611687
	27	26	72.20111
	27	27	0.0
	27	28	74.0
	27	29	61.846584
	27	30	71.40028
	27	31	68.88396
	27	32	62.201286
	27	33	81.68843
	27	34	37.215588
	27	35	79.15807
	27	36	46.75468
	27	37	35.468296
	27	38	80.06248
	27	39	73.68175
	27	40	34.0
	27	41	78.44743
	27	42	101.788994
	27	43	81.25269
	27	44	73.790245
	27	45	17.088007
	27	46	86.21485
	27	47	59.615433
	27	48	51.855568
	27	49	91.76056
	28	0	82.764725
	28	1	39.012817
	28	2	48.8467
	28	3	65.946945
	28	4	58.18075
	28	5	22.671568
	28	6	65.0
	28	7	48.166378
	28	8	38.948685
	28	9	47.07441
	28	10	17.464249
	28	11	63.788715
	28	12	63.63961
	28	13	92.64988
	28	14	78.025635
	28	15	52.34501
	28	16	90.78546
	28	17	33.734257
	28	18	88.45903
	28	19	49.24429
	28	20	75.43209
	28	21	35.44009
	28	22	87.92042
	28	23	70.0928
	28	24	6.708204
	28	25	39.293766
	28	26	92.11406
	28	27	74.0
	28	28	0.0
	28	29	100.40418
	28	30	68.24954
	28	31	70.0928
	28	32	30.083218
	28	33	88.84256
	28	34	89.87213
	28	35	11.045361
	28	36	40.5216
	28	37	63.702435
	28	38	61.008198
	28	39	14.3178215
	28	40	90.90655
	28	41	11.401754
	28	42	81.394104
	28	43	43.931767
	28	44	57.14018
	28	45	75.47185
	28	46	77.02597
	28	47	91.92388
	28	48	73.92564
	28	49	17.888544
	29	0	38.118237
	29	1	70.292244
	29	2	53.075417
	29	3	41.303753
	29	4	56.142673
	29	5	96.89685
	29	6	44.294468
	29	7	55.362442
	29	8	63.560993
	29	9	58.898216
	29	10	107.62899
	29	11	94.33981
	29	12	75.42546
	29	13	7.81025
	29	14	89.02247
	29	15	78.05767
	29	16	28.653097
	29	17	93.62158
	29	18	26.0
	29	19	95.257545
	29	20	67.44627
	29	21	76.922035
	29	22	12.529964
	29	23	37.12142
	29	24	94.66784
	29	25	64.3506
	29	26	22.090721
	29	27	61.846584
	29	28	100.40418
	29	29	0.0
	29	30	45.310043
	29	31	41.231056
	29	32	72.34639
	29	33	37.12142
	29	34	25.495098
	29	35	110.276924
	29	36	96.337944
	29	37	38.8973
	29	38	60.53924
	29	39	90.90655
	29	40	30.016663
	29	41	97.308784
	29	42	70.11419
	29	43	76.00658
	29	44	57.706154
	29	45	44.911022
	29	46	53.460266
	29	47	9.433981
	29	48	26.907248
	29	49	116.21101
	30	0	14.56022
	30	1	30.463093
	30	2	22.803509
	30	3	44.102154
	30	4	54.451813
	30	5	57.306194
	30	6	5.0
	30	7	41.880783
	30	8	44.011364
	30	9	21.213203
	30	10	69.77822
	30	11	91.809586
	30	12	76.57676
	30	13	38.600517
	30	14	94.79452
	30	15	72.40166
	30	16	56.568542
	30	17	76.655075
	30	18	52.46904
	30	19	85.49269
	30	20	76.837494
	30	21	60.74537
	30	22	36.496574
	30	23	43.829212
	30	24	64.381676
	30	25	29.15476
	30	26	27.58623
	30	27	71.40028
	30	28	68.24954
	30	29	45.310043
	30	30	0.0
	30	31	4.1231055
	30	32	38.327538
	30	33	20.615528
	30	34	53.338543
	30	35	79.24645
	30	36	82.219215
	30	37	36.05551
	30	38	15.231546
	30	39	55.362442
	30	40	57.706154
	30	41	61.351448
	30	42	30.870699
	30	43	32.55764
	30	44	13.453624
	30	45	57.706154
	30	46	14.866069
	30	47	36.05551
	30	48	24.186773
	30	49	80.411446
	31	0	13.0
	31	1	33.12099
	31	2	23.086792
	31	3	41.400482
	31	4	52.49762
	31	5	60.207973
	31	6	5.0990195
	31	7	40.706264
	31	8	43.68066
	31	9	23.086792
	31	10	72.47068
	31	11	90.55385
	31	12	74.8131
	31	13	34.48188
	31	14	92.84934
	31	15	71.19691
	31	16	52.773098
	31	17	76.687675
	31	18	48.6621
	31	19	84.8646
	31	20	74.41102
	31	21	60.440052
	31	22	32.38827
	31	23	40.81666
	31	24	65.9242
	31	25	30.805843
	31	26	24.083189
	31	27	68.88396
	31	28	70.0928
	31	29	41.231056
	31	30	4.1231055
	31	31	0.0
	31	32	40.024994
	31	33	19.026299
	31	34	49.497475
	31	35	81.02469
	31	36	82.006096
	31	37	33.42155
	31	38	19.313208
	31	39	57.58472
	31	40	53.935146
	31	41	63.694584
	31	42	34.176014
	31	43	36.069378
	31	44	17.029387
	31	45	54.708317
	31	46	17.492855
	31	47	31.95309
	31	48	20.396078
	31	49	82.85529
	32	0	52.773098
	32	1	12.206555
	32	2	19.416489
	32	3	44.27189
	32	4	43.011627
	32	5	25.942244
	32	6	34.928497
	32	7	28.160255
	32	8	21.213203
	32	9	17.117243
	32	10	35.35534
	32	11	67.424034
	32	12	58.5235
	32	13	64.53681
	32	14	76.55717
	32	15	49.648766
	32	16	67.977936
	32	17	43.829212
	32	18	64.884514
	32	19	56.568542
	32	20	65.76473
	32	21	32.202484
	32	22	60.1415
	32	23	47.539455
	32	24	26.076809
	32	25	9.219544
	32	26	62.241467
	32	27	62.201286
	32	28	30.083218
	32	29	72.34639
	32	30	38.327538
	32	31	40.024994
	32	32	0.0
	32	33	58.855755
	32	34	66.24198
	32	35	41.0
	32	36	50.606323
	32	37	39.357338
	32	38	33.24154
	32	39	18.601076
	32	40	68.44706
	32	41	25.0
	32	42	55.946404
	32	43	22.022715
	32	44	28.284271
	32	45	57.070133
	32	46	48.373547
	32	47	63.411354
	32	48	45.453274
	32	49	44.102154
	33	0	6.0827627
	33	1	50.92151
	33	2	42.0119
	33	3	54.405884
	33	4	67.601776
	33	5	77.388626
	33	6	24.083189
	33	7	57.870544
	33	8	61.983868
	33	9	41.773197
	33	10	90.07774
	33	11	106.929886
	33	12	90.04999
	33	13	33.24154
	33	14	107.33592
	33	15	87.84646
	33	16	58.18075
	33	17	95.189285
	33	18	54.20332
	33	19	102.48902
	33	20	87.458565
	33	21	78.64477
	33	22	34.0147
	33	23	52.49762
	33	24	84.85281
	33	25	49.648766
	33	26	15.033297
	33	27	81.68843
	33	28	88.84256
	33	29	37.12142
	33	30	20.615528
	33	31	19.026299
	33	32	58.855755
	33	33	0.0
	33	34	54.589375
	33	35	99.824844
	33	36	100.22475
	33	37	47.169907
	33	38	32.202484
	33	39	75.96052
	33	40	59.5399
	33	41	81.908485
	33	42	33.734257
	33	43	51.62364
	33	44	33.105892
	33	45	65.76473
	33	46	18.867962
	33	47	30.083218
	33	48	29.832869
	33	49	100.90094
	34	0	52.924473
	34	1	68.622154
	34	2	49.648766
	34	3	24.083189
	34	4	36.249138
	34	5	92.17918
	34	6	50.039986
	34	7	41.725292
	34	8	50.931328
	34	9	57.974133
	34	10	100.68764
	34	11	71.063354
	34	12	52.086468
	34	13	23.345236
	34	14	64.132675
	34	15	56.753853
	34	16	3.6055512
	34	17	75.58439
	34	18	1.4142135
	34	19	74.215904
	34	20	42.579338
	34	21	60.207973
	34	22	20.808653
	34	23	19.79899
	34	24	83.450584
	34	25	60.53924
	34	26	41.400482
	34	27	37.215588
	34	28	89.87213
	34	29	25.495098
	34	30	53.338543
	34	31	49.497475
	34	32	66.24198
	34	33	54.589375
	34	34	0.0
	34	35	98.35141
	34	36	76.896034
	34	37	26.925823
	34	38	67.0
	34	39	83.48653
	34	40	5.0
	34	41	89.62701
	34	42	83.198555
	34	43	77.12976
	34	44	62.1289
	34	45	21.095022
	34	46	65.96969
	34	47	26.172504
	34	48	29.15476
	34	49	107.16809
	35	0	93.74433
	35	1	50.039986
	35	2	59.464275
	35	3	74.27651
	35	4	65.0
	35	5	31.304953
	35	6	75.9276
	35	7	56.727417
	35	8	47.63402
	35	9	58.0517
	35	10	21.931713
	35	11	64.00781
	35	12	67.052216
	35	13	102.5768
	35	14	79.51101
	35	15	55.65968
	35	16	98.99495
	35	17	34.234486
	35	18	96.938126
	35	19	49.0
	35	20	79.84986
	35	21	40.81666
	35	22	97.7548
	35	23	78.56844
	35	24	15.652476
	35	25	50.219517
	35	26	102.78619
	35	27	79.15807
	35	28	11.045361
	35	29	110.276924
	35	30	79.24645
	35	31	81.02469
	35	32	41.0
	35	33	99.824844
	35	34	98.35141
	35	35	0.0
	35	36	40.0
	35	37	72.8011
	35	38	72.0
	35	39	25.079872
	35	40	99.00505
	35	41	20.880613
	35	42	92.070625
	35	43	54.589375
	35	44	68.18358
	35	45	82.61961
	35	46	88.051125
	35	47	102.0
	35	48	84.07735
	35	49	15.297058
	36	0	94.59387
	36	1	62.801273
	36	2	59.464275
	36	3	55.108982
	36	4	40.804413
	36	5	60.827625
	36	6	77.491936
	36	7	43.104523
	36	8	38.327538
	36	9	63.953106
	36	10	57.974133
	36	11	24.020824
	36	12	31.241
	36	13	89.6772
	36	14	40.024994
	36	15	21.400934
	36	16	76.15773
	36	17	7.2111025
	36	18	75.61085
	36	19	9.0
	36	20	45.343136
	36	21	21.587032
	36	22	84.59315
	36	23	59.439045
	36	24	35.846897
	36	25	56.938564
	36	26	97.18539
	36	27	46.75468
	36	28	40.5216
	36	29	96.337944
	36	30	82.219215
	36	31	82.006096
	36	32	50.606323
	36	33	100.22475
	36	34	76.896034
	36	35	40.0
	36	36	0.0
	36	37	58.137768
	36	38	82.36504
	36	39	48.8774
	36	40	75.643906
	36	41	50.159744
	36	42	105.81588
	36	43	72.249565
	36	44	76.47875
	36	45	56.797886
	36	46	95.462036
	36	47	90.35486
	36	48	75.026665
	36	49	55.081757
	37	0	42.80187
	37	1	42.755116
	37	2	24.083189
	37	3	8.062258
	37	4	20.615528
	37	5	65.29931
	37	6	31.38471
	37	7	16.552946
	37	8	25.23886
	37	9	33.01515
	37	10	73.817345
	37	11	60.40695
	37	12	42.941822
	37	13	31.780497
	37	14	60.216278
	37	15	41.976185
	37	16	28.635643
	37	17	54.91812
	37	18	25.553865
	37	19	58.21512
	37	20	41.036568
	37	21	38.078865
	37	22	26.683329
	37	23	9.0
	37	24	57.48913
	37	25	34.20526
	37	26	40.261642
	37	27	35.468296
	37	28	63.702435
	37	29	38.8973
	37	30	36.05551
	37	31	33.42155
	37	32	39.357338
	37	33	47.169907
	37	34	26.925823
	37	35	72.8011
	37	36	58.137768
	37	37	0.0
	37	38	46.173584
	37	39	56.61272
	37	40	29.15476
	37	41	62.801273
	37	42	66.730804
	37	43	52.153618
	37	44	40.261642
	37	45	22.135944
	37	46	50.803543
	37	47	32.24903
	37	48	18.027756
	37	49	80.65978
	38	0	26.907248
	38	1	22.090721
	38	2	25.612497
	38	3	54.08327
	38	4	61.587337
	38	5	46.173584
	38	6	17.117243
	38	7	47.010635
	38	8	46.09772
	38	9	18.601076
	38	10	59.20304
	38	11	95.587654
	38	12	82.46211
	38	13	53.75872
	38	14	101.04455
	38	15	76.38062
	38	16	70.028564
	38	17	76.02631
	38	18	66.007576
	38	19	87.0919
	38	20	85.08819
	38	21	61.854668
	38	22	51.41984
	38	23	54.81788
	38	24	58.420887
	38	25	25.495098
	38	26	42.201897
	38	27	80.06248
	38	28	61.008198
	38	29	60.53924
	38	30	15.231546
	38	31	19.313208
	38	32	33.24154
	38	33	32.202484
	38	34	67.0
	38	35	72.0
	38	36	82.36504
	38	37	46.173584
	38	38	0.0
	38	39	47.042534
	38	40	71.063354
	38	41	52.34501
	38	42	23.600847
	38	43	19.697716
	38	44	6.4031243
	38	45	68.30813
	38	46	16.27882
	38	47	51.264023
	38	48	38.118237
	38	49	70.61161
	39	0	69.92139
	39	1	25.317978
	39	2	38.013157
	39	3	60.41523
	39	4	55.7853
	39	5	12.369317
	39	6	52.554733
	39	7	42.953465
	39	8	34.176014
	39	9	34.539833
	39	10	17.20465
	39	11	70.2282
	39	12	66.189125
	39	13	83.09633
	39	14	82.565125
	39	15	55.578773
	39	16	84.90583
	39	17	41.677334
	39	18	82.0975
	39	19	56.797886
	39	20	76.1643
	39	21	37.215588
	39	22	78.64477
	39	23	64.14047
	39	24	14.21267
	39	25	27.294687
	39	26	80.49844
	39	27	73.68175
	39	28	14.3178215
	39	29	90.90655
	39	30	55.362442
	39	31	57.58472
	39	32	18.601076
	39	33	75.96052
	39	34	83.48653
	39	35	25.079872
	39	36	48.8774
	39	37	56.61272
	39	38	47.042534
	39	39	0.0
	39	40	85.23497
	39	41	6.4031243
	39	42	67.08204
	39	43	29.614185
	39	44	43.56604
	39	45	71.867935
	39	46	63.1981
	39	47	82.006096
	39	48	64.03124
	39	49	25.553865
	40	0	57.77543
	40	1	71.568146
	40	2	52.63079
	40	3	25.0
	40	4	35.510563
	40	5	94.371605
	40	6	54.230988
	40	7	42.80187
	40	8	52.009613
	40	9	61.188232
	40	10	102.396286
	40	11	68.359344
	40	12	49.497475
	40	13	28.284271
	40	14	60.530983
	40	15	55.027267
	40	16	1.4142135
	40	17	74.793045
	40	18	5.3851647
	40	19	72.42237
	40	20	39.115215
	40	21	60.0
	40	22	25.806976
	40	23	21.095022
	40	24	84.38602
	40	25	63.245552
	40	26	46.400433
	40	27	34.0
	40	28	90.90655
	40	29	30.016663
	40	30	57.706154
	40	31	53.935146
	40	32	68.44706
	40	33	59.5399
	40	34	5.0
	40	35	99.00505
	40	36	75.643906
	40	37	29.15476
	40	38	71.063354
	40	39	85.23497
	40	40	0.0
	40	41	91.26884
	40	42	87.80091
	40	43	80.411446
	40	44	66.007576
	40	45	18.973665
	40	46	70.60453
	40	47	31.144823
	40	48	33.54102
	40	49	108.40664
	41	0	75.89466
	41	1	31.04835
	41	2	44.407207
	41	3	66.37017
	41	4	61.03278
	41	5	11.313708
	41	6	58.694122
	41	7	48.76474
	41	8	39.812057
	41	9	40.718548
	41	10	11.18034
	41	11	72.53275
	41	12	70.0
	41	13	89.498604
	41	14	85.70881
	41	15	59.07622
	41	16	90.97253
	41	17	43.081318
	41	18	88.23265
	41	19	58.5235
	41	20	80.622574
	41	21	41.01219
	41	22	85.04117
	41	23	70.178345
	41	24	14.3178215
	41	25	33.61547
	41	26	86.76981
	41	27	78.44743
	41	28	11.401754
	41	29	97.308784
	41	30	61.351448
	41	31	63.694584
	41	32	25.0
	41	33	81.908485
	41	34	89.62701
	41	35	20.880613
	41	36	50.159744
	41	37	62.801273
	41	38	52.34501
	41	39	6.4031243
	41	40	91.26884
	41	41	0.0
	41	42	71.44928
	41	43	34.058773
	41	44	49.24429
	41	45	77.47257
	41	46	68.593
	41	47	88.40814
	41	48	70.434364
	41	49	19.235384
	42	0	32.01562
	42	1	44.011364
	42	2	48.79549
	42	3	74.793045
	42	4	84.0238
	42	5	63.0
	42	6	35.35534
	42	7	70.035706
	42	8	69.656296
	42	9	42.201897
	42	10	76.02631
	42	11	119.096596
	42	12	105.47511
	42	13	65.03076
	42	14	123.9879
	42	15	99.824844
	42	16	86.58522
	42	17	99.36297
	42	18	82.46211
	42	19	110.67972
	42	20	107.07474
	42	21	85.44589
	42	22	64.381676
	42	23	74.68601
	42	24	79.81228
	42	25	48.8774
	42	26	48.373547
	42	27	101.788994
	42	28	81.394104
	42	29	70.11419
	42	30	30.870699
	42	31	34.176014
	42	32	55.946404
	42	33	33.734257
	42	34	83.198555
	42	35	92.070625
	42	36	105.81588
	42	37	66.730804
	42	38	23.600847
	42	39	67.08204
	42	40	87.80091
	42	41	71.44928
	42	42	0.0
	42	43	37.48333
	42	44	29.832869
	42	45	88.54942
	42	46	17.262676
	42	47	62.008064
	42	48	54.405884
	42	49	88.005684
	43	0	46.043457
	43	1	10.770329
	43	2	28.071337
	43	3	59.0
	43	4	61.846584
	43	5	26.683329
	43	6	32.01562
	43	7	46.32494
	43	8	41.62932
	43	9	19.235384
	43	10	39.812057
	43	11	89.40358
	43	12	79.624115
	43	13	68.60029
	43	14	97.94897
	43	15	71.34424
	43	16	79.624115
	43	17	65.29931
	43	18	75.9276
	43	19	78.51752
	43	20	85.44004
	43	21	54.20332
	43	22	65.29931
	43	23	61.13101
	43	24	42.72002
	43	25	19.646883
	43	26	60.108234
	43	27	81.25269
	43	28	43.931767
	43	29	76.00658
	43	30	32.55764
	43	31	36.069378
	43	32	22.022715
	43	33	51.62364
	43	34	77.12976
	43	35	54.589375
	43	36	72.249565
	43	37	52.153618
	43	38	19.697716
	43	39	29.614185
	43	40	80.411446
	43	41	34.058773
	43	42	37.48333
	43	43	0.0
	43	44	19.104973
	43	45	73.061615
	43	46	35.735138
	43	47	66.573265
	43	48	50.566788
	43	49	51.47815
	44	0	27.294687
	44	1	18.248287
	44	2	19.209373
	44	3	48.08326
	44	4	55.226807
	44	5	44.28318
	44	6	13.416408
	44	7	40.60788
	44	8	39.824615
	44	9	12.529964
	44	10	57.00877
	44	11	89.27486
	44	12	76.05919
	44	13	50.566788
	44	14	94.641426
	44	15	70.035706
	44	16	65.03076
	44	17	70.26379
	44	18	61.073727
	44	19	80.99383
	44	20	78.77182
	44	21	55.758408
	44	22	47.759815
	44	23	49.0306
	44	24	54.037025
	44	25	19.924858
	44	26	41.01219
	44	27	73.790245
	44	28	57.14018
	44	29	57.706154
	44	30	13.453624
	44	31	17.029387
	44	32	28.284271
	44	33	33.105892
	44	34	62.1289
	44	35	68.18358
	44	36	76.47875
	44	37	40.261642
	44	38	6.4031243
	44	39	43.56604
	44	40	66.007576
	44	41	49.24429
	44	42	29.832869
	44	43	19.104973
	44	44	0.0
	44	45	62.361847
	44	46	20.09975
	44	47	48.30114
	44	48	33.734257
	44	49	68.007355
	45	0	62.369865
	45	1	63.007935
	45	2	45.276924
	45	3	14.3178215
	45	4	17.691807
	45	5	82.28001
	45	6	53.225933
	45	7	29.12044
	45	8	37.696156
	45	9	54.33231
	45	10	88.63972
	45	11	50.01
	45	12	31.016125
	45	13	40.496914
	45	14	44.27189
	45	15	36.05551
	45	16	19.646883
	45	17	56.302753
	45	18	20.024984
	45	19	53.450912
	45	20	22.847319
	45	21	42.426407
	45	22	36.249138
	45	23	13.892444
	45	24	68.7968
	45	25	54.037025
	45	26	55.470715
	45	27	17.088007
	45	28	75.47185
	45	29	44.911022
	45	30	57.706154
	45	31	54.708317
	45	32	57.070133
	45	33	65.76473
	45	34	21.095022
	45	35	82.61961
	45	36	56.797886
	45	37	22.135944
	45	38	68.30813
	45	39	71.867935
	45	40	18.973665
	45	41	77.47257
	45	42	88.54942
	45	43	73.061615
	45	44	62.361847
	45	45	0.0
	45	46	72.20111
	45	47	42.544094
	45	48	36.124783
	45	49	93.29523
	46	0	15.524175
	46	1	38.013157
	46	2	36.23534
	46	3	58.821766
	46	4	69.29646
	46	5	62.361847
	46	6	19.79899
	46	7	56.400356
	46	8	57.706154
	46	9	32.01562
	46	10	75.43209
	46	11	106.25441
	46	12	91.350975
	46	13	48.010414
	46	14	109.62208
	46	15	86.83893
	46	16	69.375786
	46	17	89.537704
	46	18	65.25335
	46	19	99.29753
	46	20	91.67879
	46	21	74.24958
	46	22	47.169907
	46	23	58.30952
	46	24	74.10803
	46	25	39.812057
	46	26	32.280025
	46	27	86.21485
	46	28	77.02597
	46	29	53.460266
	46	30	14.866069
	46	31	17.492855
	46	32	48.373547
	46	33	18.867962
	46	34	65.96969
	46	35	88.051125
	46	36	95.462036
	46	37	50.803543
	46	38	16.27882
	46	39	63.1981
	46	40	70.60453
	46	41	68.593
	46	42	17.262676
	46	43	35.735138
	46	44	20.09975
	46	45	72.20111
	46	46	0.0
	46	47	45.044422
	46	48	37.336308
	46	49	86.88498
	47	0	30.066593
	47	1	60.959003
	47	2	44.04543
	47	3	36.124783
	47	4	51.156624
	47	5	87.681244
	47	6	34.88553
	47	7	48.270073
	47	8	55.97321
	47	9	49.57822
	47	10	98.59513
	47	11	90.426765
	47	12	71.80529
	47	13	3.1622777
	47	14	86.72946
	47	15	73.171036
	47	16	29.732138
	47	17	87.13208
	47	18	26.172504
	47	19	90.005554
	47	20	65.39113
	47	21	70.21396
	47	22	6.3245554
	47	23	32.38827
	47	24	86.35392
	47	25	55.226807
	47	26	15.652476
	47	27	59.615433
	47	28	91.92388
	47	29	9.433981
	47	30	36.05551
	47	31	31.95309
	47	32	63.411354
	47	33	30.083218
	47	34	26.172504
	47	35	102.0
	47	36	90.35486
	47	37	32.24903
	47	38	51.264023
	47	39	82.006096
	47	40	31.144823
	47	41	88.40814
	47	42	62.008064
	47	43	66.573265
	47	44	48.30114
	47	45	42.544094
	47	46	45.044422
	47	47	0.0
	47	48	18.027756
	47	49	107.415085
	48	0	26.24881
	48	1	43.829212
	48	2	26.172504
	48	3	24.698177
	48	4	38.626415
	48	5	70.0928
	48	6	21.023796
	48	7	32.01562
	48	8	38.832977
	48	9	32.449963
	48	10	80.72174
	48	11	78.434685
	48	12	60.835846
	48	13	19.104973
	48	14	77.698135
	48	15	59.908264
	48	16	32.38827
	48	17	71.11259
	48	18	28.284271
	48	19	75.802376
	48	20	57.628117
	48	21	54.08327
	48	22	15.0
	48	23	22.671568
	48	24	68.42514
	48	25	37.48333
	48	26	22.36068
	48	27	51.855568
	48	28	73.92564
	48	29	26.907248
	48	30	24.186773
	48	31	20.396078
	48	32	45.453274
	48	33	29.832869
	48	34	29.15476
	48	35	84.07735
	48	36	75.026665
	48	37	18.027756
	48	38	38.118237
	48	39	64.03124
	48	40	33.54102
	48	41	70.434364
	48	42	54.405884
	48	43	50.566788
	48	44	33.734257
	48	45	36.124783
	48	46	37.336308
	48	47	18.027756
	48	48	0.0
	48	49	89.40358
	49	0	94.92102
	49	1	49.979996
	49	2	63.51378
	49	3	83.40863
	49	4	76.05919
	49	5	25.019993
	49	6	77.87811
	49	7	65.60488
	49	8	56.400356
	49	9	59.933296
	49	10	12.0415945
	49	11	79.025314
	49	12	80.80842
	49	13	108.40664
	49	14	94.19129
	49	15	69.426216
	49	16	108.23123
	49	17	49.010204
	49	18	105.75916
	49	19	64.070274
	49	20	93.00538
