data;

param n := 50;

param p := 20;

param m := 2;

param alpha := 10.279489517211914;

param r := 
	0	1
	1	1
	2	0
	3	0
	4	0
	5	1
	6	1
	7	1
	8	1
	9	1
	10	0
	11	0
	12	1
	13	0
	14	1
	15	0
	16	1
	17	1
	18	0
	19	0
	20	0
	21	1
	22	0
	23	0
	24	1
	25	1
	26	0
	27	0
	28	1
	29	1
	30	1
	31	0
	32	1
	33	1
	34	1
	35	1
	36	1
	37	1
	38	0
	39	0
	40	0
	41	0
	42	0
	43	1
	44	0
	45	1
	46	1
	47	1
	48	0
	49	1
;

param d := 
	0	1
	1	1
	2	1
	3	0
	4	1
	5	1
	6	1
	7	1
	8	1
	9	1
	10	0
	11	0
	12	1
	13	0
	14	1
	15	1
	16	1
	17	1
	18	1
	19	0
	20	1
	21	1
	22	1
	23	0
	24	1
	25	1
	26	0
	27	1
	28	1
	29	1
	30	1
	31	0
	32	1
	33	1
	34	1
	35	1
	36	1
	37	1
	38	0
	39	0
	40	0
	41	0
	42	0
	43	1
	44	0
	45	1
	46	1
	47	1
	48	0
	49	1
;

param c := 
	0	0	0.0
	0	1	51.24451
	0	2	52.43091
	0	3	84.34453
	0	4	75.58439
	0	5	41.773197
	0	6	45.276924
	0	7	78.26238
	0	8	75.21303
	0	9	49.76947
	0	10	63.07139
	0	11	65.9242
	0	12	93.38094
	0	13	57.801384
	0	14	84.17244
	0	15	38.052597
	0	16	44.418465
	0	17	16.124516
	0	18	66.189125
	0	19	73.00685
	0	20	72.99315
	0	21	40.311287
	0	22	100.20978
	0	23	66.287254
	0	24	16.492422
	0	25	85.61542
	0	26	76.537575
	0	27	41.62932
	0	28	43.462627
	0	29	20.615528
	0	30	43.046486
	0	31	62.0
	0	32	63.03174
	0	33	72.56721
	0	34	26.870058
	0	35	38.327538
	0	36	46.09772
	0	37	25.0
	0	38	12.0415945
	0	39	61.03278
	0	40	61.854668
	0	41	92.84934
	0	42	81.49847
	0	43	43.289722
	0	44	56.293873
	0	45	39.59798
	0	46	40.0
	0	47	64.49806
	0	48	49.162994
	0	49	51.971146
	1	0	51.24451
	1	1	0.0
	1	2	16.155495
	1	3	76.02631
	1	4	55.362442
	1	5	62.649822
	1	6	61.77378
	1	7	56.753853
	1	8	31.38471
	1	9	5.0
	1	10	70.76723
	1	11	16.492422
	1	12	55.081757
	1	13	85.49269
	1	14	44.64303
	1	15	52.3259
	1	16	13.601471
	1	17	66.287254
	1	18	18.027756
	1	19	29.732138
	1	20	67.95587
	1	21	78.26238
	1	22	66.75328
	1	23	16.124516
	1	24	65.9242
	1	25	73.53911
	1	26	92.45539
	1	27	11.18034
	1	28	70.5762
	1	29	33.06055
	1	30	58.18075
	1	31	19.849434
	1	32	27.073973
	1	33	65.51336
	1	34	68.117546
	1	35	62.968246
	1	36	27.58623
	1	37	29.0
	1	38	41.4367
	1	39	65.76473
	1	40	20.09975
	1	41	72.36712
	1	42	77.175125
	1	43	11.661903
	1	44	72.94518
	1	45	24.698177
	1	46	17.492855
	1	47	90.78546
	1	48	11.0
	1	49	80.77747
	2	0	52.43091
	2	1	16.155495
	2	2	0.0
	2	3	59.94164
	2	4	39.293766
	2	5	52.17279
	2	6	50.289165
	2	7	40.792156
	2	8	22.803509
	2	9	11.401754
	2	10	56.61272
	2	11	29.068884
	2	12	43.416588
	2	13	74.726166
	2	14	33.286633
	2	15	41.773197
	2	16	8.602325
	2	17	65.30697
	2	18	16.0
	2	19	20.615528
	2	20	52.201534
	2	21	71.00704
	2	22	53.450912
	2	23	27.802877
	2	24	64.4748
	2	25	57.384666
	2	26	78.77182
	2	27	13.928389
	2	28	60.827625
	2	29	31.906113
	2	30	46.840153
	2	31	35.510563
	2	32	12.649111
	2	33	49.648766
	2	34	62.968246
	2	35	53.460266
	2	36	13.928389
	2	37	27.45906
	2	38	40.81666
	2	39	51.40039
	2	40	9.433981
	2	41	56.568542
	2	42	61.294373
	2	43	25.0
	2	44	60.41523
	2	45	15.132746
	2	46	30.149628
	2	47	79.37884
	2	48	26.683329
	2	49	70.61161
	3	0	84.34453
	3	1	76.02631
	3	2	59.94164
	3	3	0.0
	3	4	23.43075
	3	5	47.88528
	3	6	42.941822
	3	7	23.853722
	3	8	60.307545
	3	9	71.11259
	3	10	26.907248
	3	11	87.658424
	3	12	51.24451
	3	13	55.0
	3	14	52.35456
	3	15	46.840153
	3	16	64.25729
	3	17	86.72946
	3	18	68.88396
	3	19	59.464275
	3	20	11.401754
	3	21	69.02898
	3	22	44.04543
	3	23	86.023254
	3	24	84.8646
	3	25	6.0
	3	26	39.293766
	3	27	69.89278
	3	28	53.600372
	3	29	70.00714
	3	30	43.462627
	3	31	95.38344
	3	32	52.009613
	3	33	12.0
	3	34	72.47068
	3	35	52.35456
	3	36	50.289165
	3	37	68.18358
	3	38	74.330345
	3	39	25.553865
	3	40	60.0
	3	41	20.22375
	3	42	6.3245554
	3	43	82.8734
	3	44	38.8973
	3	45	56.515484
	3	46	86.683334
	3	47	54.20332
	3	48	86.00581
	3	49	55.9017
	4	0	75.58439
	4	1	55.362442
	4	2	39.293766
	4	3	23.43075
	4	4	0.0
	4	5	49.09175
	4	6	44.418465
	4	7	2.828427
	4	8	36.878178
	4	9	50.695168
	4	10	36.345562
	4	11	65.36819
	4	12	31.0
	4	13	64.56005
	4	14	29.732138
	4	15	43.13931
	4	16	45.276924
	4	17	82.20097
	4	18	46.043457
	4	19	36.069378
	4	20	21.377558
	4	21	72.40166
	4	22	29.068884
	4	23	63.631752
	4	24	80.60397
	4	25	19.209373
	4	26	56.22277
	4	27	51.24451
	4	28	57.306194
	4	29	57.567352
	4	30	43.011627
	4	31	73.92564
	4	32	29.529646
	4	33	18.248287
	4	34	71.44928
	4	35	53.009434
	4	36	33.13608
	4	37	54.571056
	4	38	64.07808
	4	39	31.780497
	4	40	37.589893
	4	41	18.110771
	4	42	27.294687
	4	43	63.788715
	4	44	46.840153
	4	45	40.311287
	4	46	68.359344
	4	47	66.09841
	4	48	65.96969
	4	49	63.324562
	5	0	41.773197
	5	1	62.649822
	5	2	52.17279
	5	3	47.88528
	5	4	49.09175
	5	5	0.0
	5	6	5.0
	5	7	51.86521
	5	8	69.065186
	5	9	58.30952
	5	10	22.561028
	5	11	78.92401
	5	12	76.896034
	5	13	22.847319
	5	14	71.063354
	5	15	10.440307
	5	16	49.396355
	5	17	39.812057
	5	18	67.89698
	5	19	67.02985
	5	20	36.891735
	5	21	23.323807
	5	22	78.03204
	5	23	78.18568
	5	24	37.85499
	5	25	51.0392
	5	26	35.341194
	5	27	51.884487
	5	28	9.055386
	5	29	36.878178
	5	30	6.3245554
	5	31	81.12336
	5	32	55.00909
	5	33	37.802116
	5	34	24.596748
	5	35	4.472136
	5	36	38.470768
	5	37	38.209946
	5	38	35.77709
	5	39	22.36068
	5	40	59.3043
	5	41	62.241467
	5	42	43.462627
	5	43	62.425957
	5	44	14.56022
	5	45	38.27532
	5	46	63.126858
	5	47	28.301943
	5	48	67.95587
	5	49	18.439089
	6	0	45.276924
	6	1	61.77378
	6	2	50.289165
	6	3	42.941822
	6	4	44.418465
	6	5	5.0
	6	6	0.0
	6	7	47.169907
	6	8	66.007576
	6	9	57.245087
	6	10	18.110771
	6	11	77.820305
	6	12	72.73238
	6	13	24.5153
	6	14	67.26812
	6	15	9.899495
	6	16	48.30114
	6	17	44.38468
	6	18	65.734314
	6	19	64.03124
	6	20	31.906113
	6	21	28.01785
	6	22	73.43024
	6	23	76.96753
	6	24	42.44997
	6	25	46.043457
	6	26	33.286633
	6	27	51.312767
	6	28	13.0
	6	29	38.27532
	6	30	3.6055512
	6	31	80.70936
	6	32	52.086468
	6	33	32.80244
	6	34	29.529646
	6	35	9.433981
	6	36	36.40055
	6	37	39.051247
	6	38	38.27532
	6	39	17.464249
	6	40	56.88585
	6	41	57.280014
	6	42	38.626415
	6	43	62.482
	6	44	12.206555
	6	45	37.12142
	6	46	63.63961
	6	47	29.15476
	6	48	67.80118
	6	49	21.0
	7	0	78.26238
	7	1	56.753853
	7	2	40.792156
	7	3	23.853722
	7	4	2.828427
	7	5	51.86521
	7	6	47.169907
	7	7	0.0
	7	8	36.769554
	7	9	52.17279
	7	10	38.63936
	7	11	66.189125
	7	12	29.068884
	7	13	67.052216
	7	14	28.635643
	7	15	45.96738
	7	16	47.095646
	7	17	85.0
	7	18	46.647614
	7	19	36.124783
	7	20	23.086792
	7	21	75.16648
	7	22	26.400757
	7	23	64.412735
	7	24	83.40863
	7	25	19.104973
	7	26	58.077534
	7	27	53.08484
	7	28	60.033325
	7	29	60.083275
	7	30	45.80393
	7	31	75.026665
	7	32	30.463093
	7	33	20.024984
	7	34	74.27651
	7	35	55.803226
	7	36	35.35534
	7	37	57.00877
	7	38	66.70832
	7	39	34.20526
	7	40	38.483765
	7	41	16.0
	7	42	28.231188
	7	43	65.490456
	7	44	49.335587
	7	45	42.579338
	7	46	70.178345
	7	47	68.44706
	7	48	67.46851
	7	49	65.9242
	8	0	75.21303
	8	1	31.38471
	8	2	22.803509
	8	3	60.307545
	8	4	36.878178
	8	5	69.065186
	8	6	66.007576
	8	7	36.769554
	8	8	0.0
	8	9	29.15476
	8	10	66.760765
	8	11	33.24154
	8	12	24.186773
	8	13	90.199776
	8	14	14.0
	8	15	59.3043
	8	16	31.144823
	8	17	87.70975
	8	18	14.142136
	8	19	2.236068
	8	20	56.435802
	8	21	90.255196
	8	22	37.054016
	8	23	31.257
	8	24	86.76981
	8	25	55.86591
	8	26	88.86507
	8	27	35.468296
	8	28	78.10249
	8	29	54.644306
	8	30	63.007935
	8	31	44.011364
	8	32	14.142136
	8	33	53.338543
	8	34	83.81527
	8	35	71.34424
	8	36	32.280025
	8	37	50.219517
	8	38	63.51378
	8	39	61.400326
	8	40	13.453624
	8	41	49.396355
	8	42	63.82006
	8	43	42.953465
	8	44	73.82411
	8	45	36.67424
	8	46	48.754486
	8	47	93.770996
	8	48	41.761227
	8	49	87.005745
	9	0	49.76947
	9	1	5.0
	9	2	11.401754
	9	3	71.11259
	9	4	50.695168
	9	5	58.30952
	9	6	57.245087
	9	7	52.17279
	9	8	29.15476
	9	9	0.0
	9	10	65.8559
	9	11	20.615528
	9	12	52.201534
	9	13	81.154175
	9	14	41.785164
	9	15	47.92703
	9	16	8.944272
	9	17	64.288414
	9	18	17.029387
	9	19	27.294687
	9	20	62.968246
	9	21	74.672615
	9	22	63.348244
	9	23	19.924858
	9	24	63.788715
	9	25	68.70953
	9	26	87.61849
	9	27	8.246211
	9	28	66.40783
	9	29	30.594116
	9	30	53.66563
	9	31	24.839485
	9	32	23.021729
	9	33	60.53924
	9	34	65.0
	9	35	58.821766
	9	36	22.627417
	9	37	26.305893
	9	38	39.293766
	9	39	60.827625
	9	40	16.763054
	9	41	67.89698
	9	42	72.20111
	9	43	14.3178215
	9	44	68.26419
	9	45	20.12461
	9	46	19.924858
	9	47	86.33076
	9	48	15.297058
	9	49	76.55064
	10	0	63.07139
	10	1	70.76723
	10	2	56.61272
	10	3	26.907248
	10	4	36.345562
	10	5	22.561028
	10	6	18.110771
	10	7	38.63936
	10	8	66.760765
	10	9	65.8559
	10	10	0.0
	10	11	85.60374
	10	12	67.18631
	10	13	29.068884
	10	14	64.195015
	10	15	25.495098
	10	16	57.280014
	10	17	62.369865
	10	18	70.23532
	10	19	65.14599
	10	20	17.492855
	10	21	42.201897
	10	22	64.56005
	10	23	84.40379
	10	24	60.41523
	10	25	31.241
	10	26	22.36068
	10	27	61.6198
	10	28	26.925823
	10	29	53.488316
	10	30	20.024984
	10	31	90.52071
	10	32	54.230988
	10	33	19.697716
	10	34	46.818798
	10	35	26.925823
	10	36	43.27817
	10	37	53.225933
	10	38	55.108982
	10	39	5.3851647
	10	40	60.827625
	10	41	44.418465
	10	42	21.633308
	10	43	74.02702
	10	44	12.0415945
	10	45	46.75468
	10	46	76.27582
	10	47	29.832869
	10	48	78.64477
	10	49	29.206163
	11	0	65.9242
	11	1	16.492422
	11	2	29.068884
	11	3	87.658424
	11	4	65.36819
	11	5	78.92401
	11	6	77.820305
	11	7	66.189125
	11	8	33.24154
	11	9	20.615528
	11	10	85.60374
	11	11	0.0
	11	12	57.00877
	11	13	101.76935
	11	14	47.169907
	11	15	68.54196
	11	16	29.546574
	11	17	81.49847
	11	18	19.924858
	11	19	32.55764
	11	20	80.80842
	11	21	94.72592
	11	22	70.256676
	11	23	2.0
	11	24	81.3019
	11	25	84.38009
	11	26	107.647575
	11	27	27.658634
	11	28	86.977005
	11	29	49.0408
	11	30	74.24958
	11	31	11.401754
	11	32	35.846897
	11	33	78.10249
	11	34	84.38009
	11	35	79.37884
	11	36	42.43819
	11	37	45.17743
	11	38	57.035076
	11	39	80.43009
	11	40	27.784887
	11	41	80.77747
	11	42	89.64374
	11	43	22.803509
	11	44	88.68484
	11	45	40.718548
	11	46	27.313
	11	47	106.929886
	11	48	17.464249
	11	49	97.144226
	12	0	93.38094
	12	1	55.081757
	12	2	43.416588
	12	3	51.24451
	12	4	31.0
	12	5	76.896034
	12	6	72.73238
	12	7	29.068884
	12	8	24.186773
	12	9	52.201534
	12	10	67.18631
	12	11	57.00877
	12	12	0.0
	12	13	94.72592
	12	14	10.440307
	12	15	68.8767
	12	16	51.971146
	12	17	103.711136
	12	18	38.327538
	12	19	25.495098
	12	20	52.153618
	12	21	99.92497
	12	22	13.928389
	12	23	55.00909
	12	24	102.44999
	12	25	45.54119
	12	26	87.14356
	12	27	57.245087
	12	28	85.70297
	12	29	73.0
	12	30	70.5762
	12	31	68.0294
	12	32	31.06445
	12	33	49.09175
	12	34	96.38464
	12	35	80.23092
	12	36	47.38143
	12	37	68.88396
	12	38	81.34495
	12	39	62.39391
	12	40	35.468296
	12	41	34.132095
	12	42	56.515484
	12	43	66.40783
	12	44	77.10383
	12	45	53.814495
	12	46	72.11102
	12	47	96.74709
	12	48	65.734314
	12	49	92.89241
	13	0	57.801384
	13	1	85.49269
	13	2	74.726166
	13	3	55.0
	13	4	64.56005
	13	5	22.847319
	13	6	24.5153
	13	7	67.052216
	13	8	90.199776
	13	9	81.154175
	13	10	29.068884
	13	11	101.76935
	13	12	94.72592
	13	13	0.0
	13	14	90.35486
	13	15	33.24154
	13	16	72.235725
	13	17	49.729267
	13	18	90.24411
	13	19	88.27797
	13	20	46.52956
	13	21	21.023796
	13	22	93.30059
	13	23	101.0198
	13	24	47.801674
	13	25	59.908264
	13	26	23.769728
	13	27	74.68601
	13	28	15.6205
	13	29	58.258045
	13	30	27.89265
	13	31	103.8316
	13	32	76.41989
	13	33	48.754486
	13	34	32.572994
	13	35	23.021729
	13	36	60.876926
	13	37	60.216278
	13	38	55.226807
	13	39	32.89377
	13	40	81.394104
	13	41	73.43024
	13	42	49.0408
	13	43	84.90583
	13	44	17.720045
	13	45	61.09828
	13	46	85.2115
	13	47	6.708204
	13	48	90.55385
	13	49	5.8309517
	14	0	84.17244
	14	1	44.64303
	14	2	33.286633
	14	3	52.35456
	14	4	29.732138
	14	5	71.063354
	14	6	67.26812
	14	7	28.635643
	14	8	14.0
	14	9	41.785164
	14	10	64.195015
	14	11	47.169907
	14	12	10.440307
	14	13	90.35486
	14	14	0.0
	14	15	62.297672
	14	16	41.880783
	14	17	95.2103
	14	18	28.071337
	14	19	15.132746
	14	20	50.96077
	14	21	93.60555
	14	22	23.086792
	14	23	45.17743
	14	24	94.04786
	14	25	47.169907
	14	26	85.32877
	14	27	47.010635
	14	28	80.04999
	14	29	63.63961
	14	30	64.7611
	14	31	58.00862
	14	32	21.260292
	14	33	47.801674
	14	34	89.0
	14	35	74.04053
	14	36	38.600517
	14	37	59.413803
	14	38	72.18033
	14	39	59.07622
	14	40	25.079872
	14	41	38.209946
	14	42	56.859474
	14	43	55.97321
	14	44	73.061615
	14	45	44.598206
	14	46	61.68468
	14	47	93.0215
	14	48	55.31727
	14	49	87.965904
	15	0	38.052597
	15	1	52.3259
	15	2	41.773197
	15	3	46.840153
	15	4	43.13931
	15	5	10.440307
	15	6	9.899495
	15	7	45.96738
	15	8	59.3043
	15	9	47.92703
	15	10	25.495098
	15	11	68.54196
	15	12	68.8767
	15	13	33.24154
	15	14	62.297672
	15	15	0.0
	15	16	39.0
	15	17	40.24922
	15	18	57.558666
	15	19	57.21888
	15	20	35.44009
	15	21	31.320919
	15	22	71.40028
	15	23	67.77905
	15	24	38.470768
	15	25	48.8467
	15	26	43.011627
	15	27	41.677334
	15	28	19.104973
	15	29	28.653097
	15	30	6.4031243
	15	31	71.021126
	15	32	45.17743
	15	33	35.468296
	15	34	28.319605
	15	35	12.0415945
	15	36	28.160255
	15	37	29.206163
	15	38	29.614185
	15	39	23.0
	15	40	49.09175
	15	41	58.249462
	15	42	43.56604
	15	43	52.63079
	15	44	22.022715
	15	45	27.856777
	15	46	53.740116
	15	47	38.470768
	15	48	58.00862
	15	49	28.86174
	16	0	44.418465
	16	1	13.601471
	16	2	8.602325
	16	3	64.25729
	16	4	45.276924
	16	5	49.396355
	16	6	48.30114
	16	7	47.095646
	16	8	31.144823
	16	9	8.944272
	16	10	57.280014
	16	11	29.546574
	16	12	51.971146
	16	13	72.235725
	16	14	41.880783
	16	15	39.0
	16	16	0.0
	16	17	57.939625
	16	18	22.135944
	16	19	29.0
	16	20	55.470715
	16	21	66.27216
	16	22	61.68468
	16	23	28.79236
	16	24	57.245087
	16	25	62.361847
	16	26	78.873314
	16	27	6.0
	16	28	57.567352
	16	29	24.166092
	16	30	44.72136
	16	31	33.24154
	16	32	21.023796
	16	33	53.225933
	16	34	57.14018
	16	35	50.0
	16	36	14.422205
	16	37	19.697716
	16	38	33.105892
	16	39	52.34501
	16	40	17.691807
	16	41	63.07139
	16	42	64.84597
	16	43	18.681541
	16	44	59.36329
	16	45	11.18034
	16	46	23.086792
	16	47	77.388626
	16	48	21.954498
	16	49	67.6757
	17	0	16.124516
	17	1	66.287254
	17	2	65.30697
	17	3	86.72946
	17	4	82.20097
	17	5	39.812057
	17	6	44.38468
	17	7	85.0
	17	8	87.70975
	17	9	64.288414
	17	10	62.369865
	17	11	81.49847
	17	12	103.711136
	17	13	49.729267
	17	14	95.2103
	17	15	40.24922
	17	16	57.939625
	17	17	0.0
	17	18	80.05623
	17	19	85.47514
	17	20	75.39231
	17	21	29.546574
	17	22	108.93117
	17	23	81.7435
	17	24	2.0
	17	25	89.050545
	17	26	71.34424
	17	27	56.044624
	17	28	38.013157
	17	29	33.83785
	17	30	43.32436
	17	31	78.025635
	17	32	74.62573
	17	33	75.643906
	17	34	17.262676
	17	35	35.510563
	17	36	56.61272
	17	37	38.27532
	17	38	25.0
	17	39	61.68468
	17	40	74.68601
	17	41	98.270035
	17	42	82.86133
	17	43	59.07622
	17	44	53.15073
	17	45	51.10773
	17	46	56.0357
	17	47	56.32051
	17	48	65.03076
	17	49	44.14748
	18	0	66.189125
	18	1	18.027756
	18	2	16.0
	18	3	68.88396
	18	4	46.043457
	18	5	67.89698
	18	6	65.734314
	18	7	46.647614
	18	8	14.142136
	18	9	17.029387
	18	10	70.23532
	18	11	19.924858
	18	12	38.327538
	18	13	90.24411
	18	14	28.071337
	18	15	57.558666
	18	16	22.135944
	18	17	80.05623
	18	18	0.0
	18	19	13.0
	18	20	63.03174
	18	21	87.005745
	18	22	51.0
	18	23	18.027756
	18	24	79.37884
	18	25	65.21503
	18	26	92.5905
	18	27	24.698177
	18	28	76.655075
	18	29	46.238514
	18	30	62.369865
	18	31	30.149628
	18	32	16.970562
	18	33	60.1415
	18	34	78.77182
	18	35	69.354164
	18	36	29.427877
	18	37	41.785164
	18	38	55.154327
	18	39	64.884514
	18	40	9.433981
	18	41	60.926186
	18	42	71.42129
	18	43	29.681644
	18	44	75.272835
	18	45	31.06445
	18	46	35.510563
	18	47	94.641426
	18	48	27.856777
	18	49	86.313385
	19	0	73.00685
	19	1	29.732138
	19	2	20.615528
	19	3	59.464275
	19	4	36.069378
	19	5	67.02985
	19	6	64.03124
	19	7	36.124783
	19	8	2.236068
	19	9	27.294687
	19	10	65.14599
	19	11	32.55764
	19	12	25.495098
	19	13	88.27797
	19	14	15.132746
	19	15	57.21888
	19	16	29.0
	19	17	85.47514
	19	18	13.0
	19	19	0.0
	19	20	55.226807
	19	21	88.11924
	19	22	38.0
	19	23	30.594116
	19	24	84.53402
	19	25	55.17246
	19	26	87.31552
	19	27	33.42155
	19	28	76.05919
	19	29	52.43091
	19	30	61.0
	19	31	43.104523
	19	32	12.0415945
	19	33	52.153618
	19	34	81.608826
	19	35	69.260376
	19	36	30.083218
	19	37	48.010414
	19	38	61.294373
	19	39	59.77458
	19	40	11.313708
	19	41	49.24429
	19	42	62.801273
	19	43	41.231056
	19	44	72.00694
	19	45	34.43835
	19	46	47.010635
	19	47	91.92388
	19	48	40.261642
	19	49	85.02353
	20	0	72.99315
	20	1	67.95587
	20	2	52.201534
	20	3	11.401754
	20	4	21.377558
	20	5	36.891735
	20	6	31.906113
	20	7	23.086792
	20	8	56.435802
	20	9	62.968246
	20	10	17.492855
	20	11	80.80842
	20	12	52.153618
	20	13	46.52956
	20	14	50.96077
	20	15	35.44009
	20	16	55.470715
	20	17	75.39231
	20	18	63.03174
	20	19	55.226807
	20	20	0.0
	20	21	58.728188
	20	22	47.853943
	20	23	79.30952
	20	24	73.53911
	20	25	14.21267
	20	26	35.014282
	20	27	60.835846
	20	28	43.185646
	20	29	59.135437
	20	30	32.202484
	20	31	87.658424
	20	32	46.09772
	20	33	3.1622777
	20	34	61.400326
	20	35	41.340054
	20	36	41.14608
	20	37	57.558666
	20	38	63.126858
	20	39	14.866069
	20	40	53.75872
	20	41	26.925823
	20	42	9.486833
	20	43	73.82411
	20	44	29.410883
	20	45	46.818798
	20	46	77.25283
	20	47	46.818798
	20	48	77.41447
	20	49	46.615448
	21	0	40.311287
	21	1	78.26238
	21	2	71.00704
	21	3	69.02898
	21	4	72.40166
	21	5	23.323807
	21	6	28.01785
	21	7	75.16648
	21	8	90.255196
	21	9	74.672615
	21	10	42.201897
	21	11	94.72592
	21	12	99.92497
	21	13	21.023796
	21	14	93.60555
	21	15	31.320919
	21	16	66.27216
	21	17	29.546574
	21	18	87.005745
	21	19	88.11924
	21	20	58.728188
	21	21	0.0
	21	22	101.35581
	21	23	94.36631
	21	24	27.730848
	21	25	72.91776
	21	26	44.28318
	21	27	67.08204
	21	28	15.556349
	21	29	46.818798
	21	30	29.529646
	21	31	94.55686
	21	32	76.11833
	21	33	60.108234
	21	34	13.453624
	21	35	19.697716
	21	36	58.30952
	21	37	50.0
	21	38	41.18252
	21	39	43.863426
	21	40	79.22752
	21	41	84.95882
	21	42	63.82006
	21	43	74.94665
	21	44	30.528675
	21	45	56.008926
	21	46	73.92564
	21	47	27.294687
	21	48	80.95678
	21	49	16.124516
	22	0	100.20978
	22	1	66.75328
	22	2	53.450912
	22	3	44.04543
	22	4	29.068884
	22	5	78.03204
	22	6	73.43024
	22	7	26.400757
	22	8	37.054016
	22	9	63.348244
	22	10	64.56005
	22	11	70.256676
	22	12	13.928389
	22	13	93.30059
	22	14	23.086792
	22	15	71.40028
	22	16	61.68468
	22	17	108.93117
	22	18	51.0
	22	19	38.0
	22	20	47.853943
	22	21	101.35581
	22	22	0.0
	22	23	68.26419
	22	24	107.48953
	22	25	38.052597
	22	26	82.38932
	22	27	67.357254
	22	28	86.35392
	22	29	80.454956
	22	30	71.867935
	22	31	81.055534
	22	32	40.804413
	22	33	45.122055
	22	34	99.63935
	22	35	81.8352
	22	36	54.378304
	22	37	76.66159
	22	38	88.23265
	22	39	60.40695
	22	40	46.69047
	22	41	24.5153
	22	42	50.0
	22	43	77.665955
	22	44	75.61085
	22	45	61.400326
	22	46	83.198555
	22	47	94.371605
	22	48	77.64664
	22	49	92.309265
	23	0	66.287254
	23	1	16.124516
	23	2	27.802877
	23	3	86.023254
	23	4	63.631752
	23	5	78.18568
	23	6	76.96753
	23	7	64.412735
	23	8	31.257
	23	9	19.924858
	23	10	84.40379
	23	11	2.0
	23	12	55.00909
	23	13	101.0198
	23	14	45.17743
	23	15	67.77905
	23	16	28.79236
	23	17	81.7435
	23	18	18.027756
	23	19	30.594116
	23	20	79.30952
	23	21	94.36631
	23	22	68.26419
	23	23	0.0
	23	24	81.49847
	23	25	82.68011
	23	26	106.50822
	23	27	27.294687
	23	28	86.33076
	23	29	49.0
	23	30	73.409805
	23	31	13.341664
	23	32	34.132095
	23	33	76.57676
	23	34	84.21401
	23	35	78.74643
	23	36	41.340054
	23	37	45.044422
	23	38	57.14018
	23	39	79.20227
	23	40	26.076809
	23	41	78.92401
	23	42	88.09086
	23	43	23.409399
	23	44	87.70975
	23	45	39.92493
	23	46	28.178005
	23	47	106.10372
	23	48	18.35756
	23	49	96.462425
	24	0	16.492422
	24	1	65.9242
	24	2	64.4748
	24	3	84.8646
	24	4	80.60397
	24	5	37.85499
	24	6	42.44997
	24	7	83.40863
	24	8	86.76981
	24	9	63.788715
	24	10	60.41523
	24	11	81.3019
	24	12	102.44999
	24	13	47.801674
	24	14	94.04786
	24	15	38.470768
	24	16	57.245087
	24	17	2.0
	24	18	79.37884
	24	19	84.53402
	24	20	73.53911
	24	21	27.730848
	24	22	107.48953
	24	23	81.49847
	24	24	0.0
	24	25	87.23531
	24	26	69.354164
	24	27	55.542778
	24	28	36.013885
	24	29	33.24154
	24	30	41.4367
	24	31	78.10249
	24	32	73.57309
	24	33	73.82411
	24	34	15.297058
	24	35	33.54102
	24	36	55.470715
	24	37	37.64306
	24	38	24.5153
	24	39	59.77458
	24	40	73.82411
	24	41	96.56604
	24	42	80.95678
	24	43	59.008472
	24	44	51.156624
	24	45	50.119858
	24	46	56.142673
	24	47	54.405884
	24	48	65.0
	24	49	42.201897
	25	0	85.61542
	25	1	73.53911
	25	2	57.384666
	25	3	6.0
	25	4	19.209373
	25	5	51.0392
	25	6	46.043457
	25	7	19.104973
	25	8	55.86591
	25	9	68.70953
	25	10	31.241
	25	11	84.38009
	25	12	45.54119
	25	13	59.908264
	25	14	47.169907
	25	15	48.8467
	25	16	62.361847
	25	17	89.050545
	25	18	65.21503
	25	19	55.17246
	25	20	14.21267
	25	21	72.91776
	25	22	38.052597
	25	23	82.68011
	25	24	87.23531
	25	25	0.0
	25	26	45.122055
	25	27	68.154236
	25	28	57.384666
	25	29	70.178345
	25	30	46.141087
	25	31	92.574295
	25	32	48.548943
	25	33	13.416408
	25	34	75.47185
	25	35	55.470715
	25	36	48.83646
	25	37	68.007355
	25	38	75.13322
	25	39	29.068884
	25	40	56.603886
	25	41	14.3178215
	25	42	12.165525
	25	43	81.0432
	25	44	43.27817
	25	45	55.443665
	25	46	85.146935
	25	47	59.48109
	25	48	83.81527
	25	49	60.440052
	26	0	76.537575
	26	1	92.45539
	26	2	78.77182
	26	3	39.293766
	26	4	56.22277
	26	5	35.341194
	26	6	33.286633
	26	7	58.077534
	26	8	88.86507
	26	9	87.61849
	26	10	22.36068
	26	11	107.647575
	26	12	87.14356
	26	13	23.769728
	26	14	85.32877
	26	15	43.011627
	26	16	78.873314
	26	17	71.34424
	26	18	92.5905
	26	19	87.31552
	26	20	35.014282
	26	21	44.28318
	26	22	82.38932
	26	23	106.50822
	26	24	69.354164
	26	25	45.122055
	26	26	0.0
	26	27	82.80701
	26	28	33.54102
	26	29	71.561165
	26	30	36.619667
	26	31	112.04463
	26	32	76.55717
	26	33	38.052597
	26	34	54.147945
	26	35	38.27532
	26	36	65.21503
	26	37	72.20111
	26	38	71.11259
	26	39	27.730848
	26	40	83.18654
	26	41	59.439045
	26	42	32.984844
	26	43	94.76286
	26	44	21.095022
	26	45	68.0147
	26	46	96.42614
	26	47	19.235384
	26	48	99.724625
	26	49	28.160255
	27	0	41.62932
	27	1	11.18034
	27	2	13.928389
	27	3	69.89278
	27	4	51.24451
	27	5	51.884487
	27	6	51.312767
	27	7	53.08484
	27	8	35.468296
	27	9	8.246211
	27	10	61.6198
	27	11	27.658634
	27	12	57.245087
	27	13	74.68601
	27	14	47.010635
	27	15	41.677334
	27	16	6.0
	27	17	56.044624
	27	18	24.698177
	27	19	33.42155
	27	20	60.835846
	27	21	67.08204
	27	22	67.357254
	27	23	27.294687
	27	24	55.542778
	27	25	68.154236
	27	26	82.80701
	27	27	0.0
	27	28	59.615433
	27	29	22.36068
	27	30	47.707443
	27	31	29.410883
	27	32	26.57066
	27	33	58.694122
	27	34	57.035076
	27	35	52.0
	27	36	19.697716
	27	37	18.110771
	27	38	31.04835
	27	39	56.85068
	27	40	22.203604
	27	41	69.065186
	27	42	70.26379
	27	43	13.0
	27	44	62.801273
	27	45	14.866069
	27	46	17.117243
	27	47	80.13114
	27	48	17.029387
	27	49	69.856995
	28	0	43.462627
	28	1	70.5762
	28	2	60.827625
	28	3	53.600372
	28	4	57.306194
	28	5	9.055386
	28	6	13.0
	28	7	60.033325
	28	8	78.10249
	28	9	66.40783
	28	10	26.925823
	28	11	86.977005
	28	12	85.70297
	28	13	15.6205
	28	14	80.04999
	28	15	19.104973
	28	16	57.567352
	28	17	38.013157
	28	18	76.655075
	28	19	76.05919
	28	20	43.185646
	28	21	15.556349
	28	22	86.35392
	28	23	86.33076
	28	24	36.013885
	28	25	57.384666
	28	26	33.54102
	28	27	59.615433
	28	28	0.0
	28	29	42.638012
	28	30	15.297058
	28	31	88.54942
	28	32	64.03124
	28	33	44.553337
	28	34	21.095022
	28	35	7.615773
	28	36	47.26521
	28	37	44.65423
	28	38	39.824615
	28	39	28.319605
	28	40	68.18358
	28	41	69.426216
	28	42	48.548943
	28	43	69.46222
	28	44	15.811388
	28	45	46.572525
	28	46	69.63476
	28	47	21.931713
	28	48	75.17979
	28	49	10.29563
	29	0	20.615528
	29	1	33.06055
	29	2	31.906113
	29	3	70.00714
	29	4	57.567352
	29	5	36.878178
	29	6	38.27532
	29	7	60.083275
	29	8	54.644306
	29	9	30.594116
	29	10	53.488316
	29	11	49.0408
	29	12	73.0
	29	13	58.258045
	29	14	63.63961
	29	15	28.653097
	29	16	24.166092
	29	17	33.83785
	29	18	46.238514
	29	19	52.43091
	29	20	59.135437
	29	21	46.818798
	29	22	80.454956
	29	23	49.0
	29	24	33.24154
	29	25	70.178345
	29	26	71.561165
	29	27	22.36068
	29	28	42.638012
	29	29	0.0
	29	30	34.98571
	29	31	47.801674
	29	32	42.44997
	29	33	58.00862
	29	34	35.510563
	29	35	35.383614
	29	36	26.076809
	29	37	4.472136
	29	38	8.944272
	29	39	50.0
	29	40	41.340054
	29	41	75.43209
	29	42	68.359344
	29	43	28.160255
	29	44	50.47772
	29	45	19.209373
	29	46	27.294687
	29	47	64.44377
	29	48	34.20526
	29	49	52.801514
	30	0	43.046486
	30	1	58.18075
	30	2	46.840153
	30	3	43.462627
	30	4	43.011627
	30	5	6.3245554
	30	6	3.6055512
	30	7	45.80393
	30	8	63.007935
	30	9	53.66563
	30	10	20.024984
	30	11	74.24958
	30	12	70.5762
	30	13	27.89265
	30	14	64.7611
	30	15	6.4031243
	30	16	44.72136
	30	17	43.32436
	30	18	62.369865
	30	19	61.0
	30	20	32.202484
	30	21	29.529646
	30	22	71.867935
	30	23	73.409805
	30	24	41.4367
	30	25	46.141087
	30	26	36.619667
	30	27	47.707443
	30	28	15.297058
	30	29	34.98571
	30	30	0.0
	30	31	77.10383
	30	32	49.010204
	30	33	32.75668
	30	34	29.410883
	30	35	10.0
	30	36	32.984844
	30	37	35.608986
	30	38	35.44009
	30	39	18.439089
	30	40	53.600372
	30	41	56.727417
	30	42	39.56008
	30	43	58.898216
	30	44	15.6205
	30	45	33.54102
	30	46	60.108234
	30	47	32.695564
	30	48	64.202805
	30	49	24.083189
	31	0	62.0
	31	1	19.849434
	31	2	35.510563
	31	3	95.38344
	31	4	73.92564
	31	5	81.12336
	31	6	80.70936
	31	7	75.026665
	31	8	44.011364
	31	9	24.839485
	31	10	90.52071
	31	11	11.401754
	31	12	68.0294
	31	13	103.8316
	31	14	58.00862
	31	15	71.021126
	31	16	33.24154
	31	17	78.025635
	31	18	30.149628
	31	19	43.104523
	31	20	87.658424
	31	21	94.55686
	31	22	81.055534
	31	23	13.341664
	31	24	78.10249
	31	25	92.574295
	31	26	112.04463
	31	27	29.410883
	31	28	88.54942
	31	29	47.801674
	31	30	77.10383
	31	31	0.0
	31	32	44.598206
	31	33	85.146935
	31	34	83.198555
	31	35	80.9506
	31	36	47.423622
	31	37	44.598206
	31	38	54.74486
	31	39	85.56284
	31	40	36.687874
	31	41	90.13878
	31	42	96.79876
	31	43	19.646883
	31	44	92.20087
	31	45	44.04543
	31	46	22.0
	31	47	109.41663
	31	48	13.601471
	31	49	98.83825
	32	0	63.03174
	32	1	27.073973
	32	2	12.649111
	32	3	52.009613
	32	4	29.529646
	32	5	55.00909
	32	6	52.086468
	32	7	30.463093
	32	8	14.142136
	32	9	23.021729
	32	10	54.230988
	32	11	35.846897
	32	12	31.06445
	32	13	76.41989
	32	14	21.260292
	32	15	45.17743
	32	16	21.023796
	32	17	74.62573
	32	18	16.970562
	32	19	12.0415945
	32	20	46.09772
	32	21	76.11833
	32	22	40.804413
	32	23	34.132095
	32	24	73.57309
	32	25	48.548943
	32	26	76.55717
	32	27	26.57066
	32	28	64.03124
	32	29	42.44997
	32	30	49.010204
	32	31	44.598206
	32	32	0.0
	32	33	43.185646
	32	34	69.89278
	32	35	57.21888
	32	36	18.384777
	32	37	38.183765
	32	38	51.088158
	32	39	48.8467
	32	40	8.062258
	32	41	45.607018
	32	42	54.451813
	32	43	37.215588
	32	44	60.41523
	32	45	23.600847
	32	46	42.579338
	32	47	80.23092
	32	48	38.052597
	32	49	73.061615
	33	0	72.56721
	33	1	65.51336
	33	2	49.648766
	33	3	12.0
	33	4	18.248287
	33	5	37.802116
	33	6	32.80244
	33	7	20.024984
	33	8	53.338543
	33	9	60.53924
	33	10	19.697716
	33	11	78.10249
	33	12	49.09175
	33	13	48.754486
	33	14	47.801674
	33	15	35.468296
	33	16	53.225933
	33	17	75.643906
	33	18	60.1415
	33	19	52.153618
	33	20	3.1622777
	33	21	60.108234
	33	22	45.122055
	33	23	76.57676
	33	24	73.82411
	33	25	13.416408
	33	26	38.052597
	33	27	58.694122
	33	28	44.553337
	33	29	58.00862
	33	30	32.75668
	33	31	85.146935
	33	32	43.185646
	33	33	0.0
	33	34	62.1289
	33	35	42.201897
	33	36	39.0
	33	37	56.22277
	33	38	62.39391
	33	39	16.40122
	33	40	50.91169
	33	41	25.0
	33	42	11.661903
	33	43	71.693794
	33	44	31.38471
	33	45	44.922153
	33	46	75.272835
	33	47	49.335587
	33	48	75.13322
	33	49	48.548943
	34	0	26.870058
	34	1	68.117546
	34	2	62.968246
	34	3	72.47068
	34	4	71.44928
	34	5	24.596748
	34	6	29.529646
	34	7	74.27651
	34	8	83.81527
	34	9	65.0
	34	10	46.818798
	34	11	84.38009
	34	12	96.38464
	34	13	32.572994
	34	14	89.0
	34	15	28.319605
	34	16	57.14018
	34	17	17.262676
	34	18	78.77182
	34	19	81.608826
	34	20	61.400326
	34	21	13.453624
	34	22	99.63935
	34	23	84.21401
	34	24	15.297058
	34	25	75.47185
	34	26	54.147945
	34	27	57.035076
	34	28	21.095022
	34	29	35.510563
	34	30	29.410883
	34	31	83.198555
	34	32	69.89278
	34	33	62.1289
	34	34	0.0
	34	35	20.12461
	34	36	51.546097
	34	37	39.20459
	34	38	28.79236
	34	39	46.957428
	34	40	71.80529
	34	41	86.05231
	34	42	68.0294
	34	43	63.560993
	34	44	36.67424
	34	45	47.853943
	34	46	61.983868
	34	47	39.217342
	34	48	69.63476
	34	49	26.925823
	35	0	38.327538
	35	1	62.968246
	35	2	53.460266
	35	3	52.35456
	35	4	53.009434
	35	5	4.472136
	35	6	9.433981
	35	7	55.803226
	35	8	71.34424
	35	9	58.821766
	35	10	26.925823
	35	11	79.37884
	35	12	80.23092
	35	13	23.021729
	35	14	74.04053
	35	15	12.0415945
	35	16	50.0
	35	17	35.510563
	35	18	69.354164
	35	19	69.260376
	35	20	41.340054
	35	21	19.697716
	35	22	81.8352
	35	23	78.74643
	35	24	33.54102
	35	25	55.470715
	35	26	38.27532
	35	27	52.0
	35	28	7.615773
	35	29	35.383614
	35	30	10.0
	35	31	80.9506
	35	32	57.21888
	35	33	42.201897
	35	34	20.12461
	35	35	0.0
	35	36	40.04997
	35	37	37.202152
	35	38	33.286633
	35	39	26.832815
	35	40	61.03278
	35	41	66.52819
	35	42	47.92703
	35	43	61.91123
	35	44	18.110771
	35	45	39.051247
	35	46	62.201286
	35	47	29.068884
	35	48	67.601776
	35	49	17.888544
	36	0	46.09772
	36	1	27.58623
	36	2	13.928389
	36	3	50.289165
	36	4	33.13608
	36	5	38.470768
	36	6	36.40055
	36	7	35.35534
	36	8	32.280025
	36	9	22.627417
	36	10	43.27817
	36	11	42.43819
	36	12	47.38143
	36	13	60.876926
	36	14	38.600517
	36	15	28.160255
	36	16	14.422205
	36	17	56.61272
	36	18	29.427877
	36	19	30.083218
	36	20	41.14608
	36	21	58.30952
	36	22	54.378304
	36	23	41.340054
	36	24	55.470715
	36	25	48.83646
	36	26	65.21503
	36	27	19.697716
	36	28	47.26521
	36	29	26.076809
	36	30	32.984844
	36	31	47.423622
	36	32	18.384777
	36	33	39.0
	36	34	51.546097
	36	35	40.04997
	36	36	0.0
	36	37	22.36068
	36	38	34.058773
	36	39	38.209946
	36	40	21.0
	36	41	51.24451
	36	42	50.566788
	36	43	32.695564
	36	44	46.518814
	36	45	7.28011
	36	46	36.40055
	36	47	65.459915
	36	48	36.359318
	36	49	56.88585
	37	0	25.0
	37	1	29.0
	37	2	27.45906
	37	3	68.18358
	37	4	54.571056
	37	5	38.209946
	37	6	39.051247
	37	7	57.00877
	37	8	50.219517
	37	9	26.305893
	37	10	53.225933
	37	11	45.17743
	37	12	68.88396
	37	13	60.216278
	37	14	59.413803
	37	15	29.206163
	37	16	19.697716
	37	17	38.27532
	37	18	41.785164
	37	19	48.010414
	37	20	57.558666
	37	21	50.0
	37	22	76.66159
	37	23	45.044422
	37	24	37.64306
	37	25	68.007355
	37	26	72.20111
	37	27	18.110771
	37	28	44.65423
	37	29	4.472136
	37	30	35.608986
	37	31	44.598206
	37	32	38.183765
	37	33	56.22277
	37	34	39.20459
	37	35	37.202152
	37	36	22.36068
	37	37	0.0
	37	38	13.416408
	37	39	49.396355
	37	40	36.891735
	37	41	72.56721
	37	42	66.910385
	37	43	25.079872
	37	44	51.224995
	37	45	15.264338
	37	46	25.0
	37	47	66.21933
	37	48	31.016125
	37	49	54.91812
	38	0	12.0415945
	38	1	41.4367
	38	2	40.81666
	38	3	74.330345
	38	4	64.07808
	38	5	35.77709
	38	6	38.27532
	38	7	66.70832
	38	8	63.51378
	38	9	39.293766
	38	10	55.108982
	38	11	57.035076
	38	12	81.34495
	38	13	55.226807
	38	14	72.18033
	38	15	29.614185
	38	16	33.105892
	38	17	25.0
	38	18	55.154327
	38	19	61.294373
	38	20	63.126858
	38	21	41.18252
	38	22	88.23265
	38	23	57.14018
	38	24	24.5153
	38	25	75.13322
	38	26	71.11259
	38	27	31.04835
	38	28	39.824615
	38	29	8.944272
	38	30	35.44009
	38	31	54.74486
	38	32	51.088158
	38	33	62.39391
	38	34	28.79236
	38	35	33.286633
	38	36	34.058773
	38	37	13.416408
	38	38	0.0
	38	39	52.34501
	38	40	50.24938
	38	41	81.596565
	38	42	72.00694
	38	43	35.22783
	38	44	50.159744
	38	45	27.58623
	38	46	33.24154
	38	47	61.7171
	38	48	41.303753
	38	49	49.517673
	39	0	61.03278
	39	1	65.76473
	39	2	51.40039
	39	3	25.553865
	39	4	31.780497
	39	5	22.36068
	39	6	17.464249
	39	7	34.20526
	39	8	61.400326
	39	9	60.827625
	39	10	5.3851647
	39	11	80.43009
	39	12	62.39391
	39	13	32.89377
	39	14	59.07622
	39	15	23.0
	39	16	52.34501
	39	17	61.68468
	39	18	64.884514
	39	19	59.77458
	39	20	14.866069
	39	21	43.863426
	39	22	60.40695
	39	23	79.20227
	39	24	59.77458
	39	25	29.068884
	39	26	27.730848
	39	27	56.85068
	39	28	28.319605
	39	29	50.0
	39	30	18.439089
	39	31	85.56284
	39	32	48.8467
	39	33	16.40122
	39	34	46.957428
	39	35	26.832815
	39	36	38.209946
	39	37	49.396355
	39	38	52.34501
	39	39	0.0
	39	40	55.470715
	39	41	41.400482
	39	42	21.189621
	39	43	69.40461
	39	44	15.231546
	39	45	42.0119
	39	46	71.867935
	39	47	34.36568
	39	48	73.87828
	39	49	32.24903
	40	0	61.854668
	40	1	20.09975
	40	2	9.433981
	40	3	60.0
	40	4	37.589893
	40	5	59.3043
	40	6	56.88585
	40	7	38.483765
	40	8	13.453624
	40	9	16.763054
	40	10	60.827625
	40	11	27.784887
	40	12	35.468296
	40	13	81.394104
	40	14	25.079872
	40	15	49.09175
	40	16	17.691807
	40	17	74.68601
	40	18	9.433981
	40	19	11.313708
	40	20	53.75872
	40	21	79.22752
	40	22	46.69047
	40	23	26.076809
	40	24	73.82411
	40	25	56.603886
	40	26	83.18654
	40	27	22.203604
	40	28	68.18358
	40	29	41.340054
	40	30	53.600372
	40	31	36.687874
	40	32	8.062258
	40	33	50.91169
	40	34	71.80529
	40	35	61.03278
	40	36	21.0
	40	37	36.891735
	40	38	50.24938
	40	39	55.470715
	40	40	0.0
	40	41	53.450912
	40	42	62.289646
	40	43	31.04835
	40	44	66.09841
	40	45	24.04163
	40	46	36.687874
	40	47	85.61542
	40	48	31.06445
	40	49	77.64664
	41	0	92.84934
	41	1	72.36712
	41	2	56.568542
	41	3	20.22375
	41	4	18.110771
	41	5	62.241467
	41	6	57.280014
	41	7	16.0
	41	8	49.396355
	41	9	67.89698
	41	10	44.418465
	41	11	80.77747
	41	12	34.132095
	41	13	73.43024
	41	14	38.209946
	41	15	58.249462
	41	16	63.07139
	41	17	98.270035
	41	18	60.926186
	41	19	49.24429
	41	20	26.925823
	41	21	84.95882
	41	22	24.5153
	41	23	78.92401
	41	24	96.56604
	41	25	14.3178215
	41	26	59.439045
	41	27	69.065186
	41	28	69.426216
	41	29	75.43209
	41	30	56.727417
	41	31	90.13878
	41	32	45.607018
	41	33	25.0
	41	34	86.05231
	41	35	66.52819
	41	36	51.24451
	41	37	72.56721
	41	38	81.596565
	41	39	41.400482
	41	40	53.450912
	41	41	0.0
	41	42	26.476404
	41	43	81.394104
	41	44	56.302753
	41	45	58.420887
	41	46	86.145226
	41	47	73.409805
	41	48	83.18654
	41	49	73.4983
	42	0	81.49847
	42	1	77.175125
	42	2	61.294373
	42	3	6.3245554
	42	4	27.294687
	42	5	43.462627
	42	6	38.626415
	42	7	28.231188
	42	8	63.82006
	42	9	72.20111
	42	10	21.633308
	42	11	89.64374
	42	12	56.515484
	42	13	49.0408
	42	14	56.859474
	42	15	43.56604
	42	16	64.84597
	42	17	82.86133
	42	18	71.42129
	42	19	62.801273
	42	20	9.486833
	42	21	63.82006
	42	22	50.0
	42	23	88.09086
	42	24	80.95678
	42	25	12.165525
	42	26	32.984844
	42	27	70.26379
	42	28	48.548943
	42	29	68.359344
	42	30	39.56008
	42	31	96.79876
	42	32	54.451813
	42	33	11.661903
	42	34	68.0294
	42	35	47.92703
	42	36	50.566788
	42	37	66.910385
	42	38	72.00694
	42	39	21.189621
	42	40	62.289646
	42	41	26.476404
	42	42	0.0
	42	43	83.25864
	42	44	33.42155
	42	45	56.302753
	42	46	86.72946
	42	47	48.02083
	42	48	86.76981
	42	49	50.20956
	43	0	43.289722
	43	1	11.661903
	43	2	25.0
	43	3	82.8734
	43	4	63.788715
	43	5	62.425957
	43	6	62.482
	43	7	65.490456
	43	8	42.953465
	43	9	14.3178215
	43	10	74.02702
	43	11	22.803509
	43	12	66.40783
	43	13	84.90583
	43	14	55.97321
	43	15	52.63079
	43	16	18.681541
	43	17	59.07622
	43	18	29.681644
	43	19	41.231056
	43	20	73.82411
	43	21	74.94665
	43	22	77.665955
	43	23	23.409399
	43	24	59.008472
	43	25	81.0432
	43	26	94.76286
	43	27	13.0
	43	28	69.46222
	43	29	28.160255
	43	30	58.898216
	43	31	19.646883
	43	32	37.215588
	43	33	71.693794
	43	34	63.560993
	43	35	61.91123
	43	36	32.695564
	43	37	25.079872
	43	38	35.22783
	43	39	69.40461
	43	40	31.04835
	43	41	81.394104
	43	42	83.25864
	43	43	0.0
	43	44	74.330345
	43	45	27.45906
	43	46	5.8309517
	43	47	90.697296
	43	48	6.0827627
	43	49	79.755875
	44	0	56.293873
	44	1	72.94518
	44	2	60.41523
	44	3	38.8973
	44	4	46.840153
	44	5	14.56022
	44	6	12.206555
	44	7	49.335587
	44	8	73.82411
	44	9	68.26419
	44	10	12.0415945
	44	11	88.68484
	44	12	77.10383
	44	13	17.720045
	44	14	73.061615
	44	15	22.022715
	44	16	59.36329
	44	17	53.15073
	44	18	75.272835
	44	19	72.00694
	44	20	29.410883
	44	21	30.528675
	44	22	75.61085
	44	23	87.70975
	44	24	51.156624
	44	25	43.27817
	44	26	21.095022
	44	27	62.801273
	44	28	15.811388
	44	29	50.47772
	44	30	15.6205
	44	31	92.20087
	44	32	60.41523
	44	33	31.38471
	44	34	36.67424
	44	35	18.110771
	44	36	46.518814
	44	37	51.224995
	44	38	50.159744
	44	39	15.231546
	44	40	66.09841
	44	41	56.302753
	44	42	33.42155
	44	43	74.330345
	44	44	0.0
	44	45	48.259712
	44	46	75.690155
	44	47	20.024984
	44	48	79.51101
	44	49	17.20465
	45	0	39.59798
	45	1	24.698177
	45	2	15.132746
	45	3	56.515484
	45	4	40.311287
	45	5	38.27532
	45	6	37.12142
	45	7	42.579338
	45	8	36.67424
	45	9	20.12461
	45	10	46.75468
	45	11	40.718548
	45	12	53.814495
	45	13	61.09828
	45	14	44.598206
	45	15	27.856777
	45	16	11.18034
	45	17	51.10773
	45	18	31.06445
	45	19	34.43835
	45	20	46.818798
	45	21	56.008926
	45	22	61.400326
	45	23	39.92493
	45	24	50.119858
	45	25	55.443665
	45	26	68.0147
	45	27	14.866069
	45	28	46.572525
	45	29	19.209373
	45	30	33.54102
	45	31	44.04543
	45	32	23.600847
	45	33	44.922153
	45	34	47.853943
	45	35	39.051247
	45	36	7.28011
	45	37	15.264338
	45	38	27.58623
	45	39	42.0119
	45	40	24.04163
	45	41	58.420887
	45	42	56.302753
	45	43	27.45906
	45	44	48.259712
	45	45	0.0
	45	46	30.463093
	45	47	66.211784
	45	48	31.890438
	45	49	56.61272
	46	0	40.0
	46	1	17.492855
	46	2	30.149628
	46	3	86.683334
	46	4	68.359344
	46	5	63.126858
	46	6	63.63961
	46	7	70.178345
	46	8	48.754486
	46	9	19.924858
	46	10	76.27582
	46	11	27.313
	46	12	72.11102
	46	13	85.2115
	46	14	61.68468
	46	15	53.740116
	46	16	23.086792
	46	17	56.0357
	46	18	35.510563
	46	19	47.010635
	46	20	77.25283
	46	21	73.92564
	46	22	83.198555
	46	23	28.178005
	46	24	56.142673
	46	25	85.146935
	46	26	96.42614
	46	27	17.117243
	46	28	69.63476
	46	29	27.294687
	46	30	60.108234
	46	31	22.0
	46	32	42.579338
	46	33	75.272835
	46	34	61.983868
	46	35	62.201286
	46	36	36.40055
	46	37	25.0
	46	38	33.24154
	46	39	71.867935
	46	40	36.687874
	46	41	86.145226
	46	42	86.72946
	46	43	5.8309517
	46	44	75.690155
	46	45	30.463093
	46	46	0.0
	46	47	91.214035
	46	48	9.848858
	46	49	79.881165
	47	0	64.49806
	47	1	90.78546
	47	2	79.37884
	47	3	54.20332
	47	4	66.09841
	47	5	28.301943
	47	6	29.15476
	47	7	68.44706
	47	8	93.770996
	47	9	86.33076
	47	10	29.832869
	47	11	106.929886
	47	12	96.74709
	47	13	6.708204
	47	14	93.0215
	47	15	38.470768
	47	16	77.388626
	47	17	56.32051
	47	18	94.641426
	47	19	91.92388
	47	20	46.818798
	47	21	27.294687
	47	22	94.371605
	47	23	106.10372
	47	24	54.405884
	47	25	59.48109
	47	26	19.235384
	47	27	80.13114
	47	28	21.931713
	47	29	64.44377
	47	30	32.695564
	47	31	109.41663
	47	32	80.23092
	47	33	49.335587
	47	34	39.217342
	47	35	29.068884
	47	36	65.459915
	47	37	66.21933
	47	38	61.7171
	47	39	34.36568
	47	40	85.61542
	47	41	73.409805
	47	42	48.02083
	47	43	90.697296
	47	44	20.024984
	47	45	66.211784
	47	46	91.214035
	47	47	0.0
	47	48	96.25487
	47	49	12.529964
	48	0	49.162994
	48	1	11.0
	48	2	26.683329
	48	3	86.00581
	48	4	65.96969
	48	5	67.95587
	48	6	67.80118
	48	7	67.46851
	48	8	41.761227
	48	9	15.297058
	48	10	78.64477
	48	11	17.464249
	48	12	65.734314
	48	13	90.55385
	48	14	55.31727
	48	15	58.00862
	48	16	21.954498
	48	17	65.03076
	48	18	27.856777
	48	19	40.261642
	48	20	77.41447
	48	21	80.95678
	48	22	77.64664
	48	23	18.35756
	48	24	65.0
	48	25	83.81527
	48	26	99.724625
	48	27	17.029387
	48	28	75.17979
	48	29	34.20526
	48	30	64.202805
	48	31	13.601471
	48	32	38.052597
	48	33	75.13322
	48	34	69.63476
	48	35	67.601776
	48	36	36.359318
	48	37	31.016125
	48	38	41.303753
	48	39	73.87828
	48	40	31.06445
	48	41	83.18654
	48	42	86.76981
	48	43	6.0827627
	48	44	79.51101
	48	45	31.890438
	48	46	9.848858
	48	47	96.25487
	48	48	0.0
	48	49	85.47514
	49	0	51.971146
	49	1	80.77747
	49	2	70.61161
	49	3	55.9017
	49	4	63.324562
	49	5	18.439089
	49	6	21.0
	49	7	65.9242
	49	8	87.005745
	49	9	76.55064
	49	10	29.206163
	49	11	97.144226
	49	12	92.89241
	49	13	5.8309517
	49	14	87.965904
	49	15	28.86174
	49	16	67.6757
	49	17	44.14748
	49	18	86.313385
	49	19	85.02353
	49	20	46.615448
	49	21	16.124516
	49	22	92.309265
	49	23	96.462425
	49	24	42.201897
	49	25	60.440052
	49	26	28.160255
	49	27	69.856995
	49	28	10.29563
	49	29	52.801514
	49	30	24.083189
	49	31	98.83825
	49	32	73.061615
