data;

param n := 100;

param p := 20;

param m := 3;

param alpha := 11.131072998046875;

param r := 
	0	0
	1	0
	2	1
	3	0
	4	1
	5	2
	6	0
	7	0
	8	1
	9	2
	10	2
	11	0
	12	1
	13	2
	14	0
	15	1
	16	0
	17	0
	18	0
	19	1
	20	0
	21	0
	22	2
	23	2
	24	0
	25	1
	26	1
	27	2
	28	0
	29	0
	30	0
	31	1
	32	2
	33	1
	34	0
	35	2
	36	0
	37	0
	38	1
	39	1
	40	0
	41	0
	42	2
	43	1
	44	2
	45	0
	46	1
	47	0
	48	2
	49	1
	50	2
	51	2
	52	2
	53	0
	54	1
	55	1
	56	0
	57	1
	58	1
	59	0
	60	2
	61	2
	62	2
	63	2
	64	0
	65	1
	66	2
	67	2
	68	0
	69	2
	70	1
	71	0
	72	1
	73	2
	74	2
	75	1
	76	1
	77	1
	78	2
	79	0
	80	1
	81	0
	82	2
	83	2
	84	2
	85	0
	86	1
	87	1
	88	1
	89	0
	90	2
	91	2
	92	0
	93	1
	94	0
	95	1
	96	1
	97	0
	98	1
	99	2
;

param d := 
	0	1
	1	2
	2	1
	3	2
	4	2
	5	2
	6	1
	7	2
	8	1
	9	2
	10	2
	11	2
	12	1
	13	2
	14	2
	15	2
	16	0
	17	0
	18	0
	19	2
	20	0
	21	0
	22	2
	23	2
	24	1
	25	1
	26	2
	27	2
	28	1
	29	2
	30	0
	31	2
	32	2
	33	2
	34	1
	35	2
	36	0
	37	0
	38	2
	39	2
	40	2
	41	1
	42	2
	43	1
	44	2
	45	2
	46	2
	47	2
	48	2
	49	2
	50	2
	51	2
	52	2
	53	1
	54	2
	55	1
	56	1
	57	1
	58	2
	59	1
	60	2
	61	2
	62	2
	63	2
	64	1
	65	1
	66	2
	67	2
	68	0
	69	2
	70	2
	71	2
	72	2
	73	2
	74	2
	75	2
	76	2
	77	2
	78	2
	79	1
	80	1
	81	0
	82	2
	83	2
	84	2
	85	2
	86	1
	87	1
	88	2
	89	1
	90	2
	91	2
	92	0
	93	1
	94	2
	95	2
	96	2
	97	0
	98	2
	99	2
;

param c := 
	0	0	0.0
	0	1	7.81025
	0	2	61.073727
	0	3	121.21056
	0	4	75.42546
	0	5	5.8309517
	0	6	63.51378
	0	7	76.941536
	0	8	66.007576
	0	9	58.694122
	0	10	91.24144
	0	11	34.48188
	0	12	82.2253
	0	13	77.10383
	0	14	55.027267
	0	15	39.319206
	0	16	61.03278
	0	17	54.42426
	0	18	91.24144
	0	19	47.63402
	0	20	99.90495
	0	21	87.02299
	0	22	119.40268
	0	23	73.34848
	0	24	82.006096
	0	25	56.0357
	0	26	107.05606
	0	27	52.153618
	0	28	80.305664
	0	29	91.5478
	0	30	123.16656
	0	31	98.229324
	0	32	99.8599
	0	33	74.68601
	0	34	53.0
	0	35	37.48333
	0	36	110.25879
	0	37	56.0803
	0	38	34.48188
	0	39	21.931713
	0	40	29.12044
	0	41	119.55334
	0	42	71.70077
	0	43	29.966648
	0	44	90.824005
	0	45	57.45433
	0	46	21.587032
	0	47	64.53681
	0	48	68.8186
	0	49	51.47815
	0	50	96.17692
	0	51	87.47571
	0	52	109.60383
	0	53	99.53894
	0	54	98.0816
	0	55	35.510563
	0	56	115.88356
	0	57	49.47727
	0	58	106.10372
	0	59	63.788715
	0	60	46.572525
	0	61	25.079872
	0	62	59.665737
	0	63	98.71677
	0	64	52.392746
	0	65	17.720045
	0	66	64.63745
	0	67	109.29318
	0	68	101.24229
	0	69	71.19691
	0	70	86.00581
	0	71	104.20173
	0	72	97.16995
	0	73	89.140335
	0	74	89.961105
	0	75	79.025314
	0	76	97.097885
	0	77	83.57033
	0	78	67.89698
	0	79	108.81177
	0	80	108.37435
	0	81	29.681644
	0	82	12.649111
	0	83	109.01835
	0	84	85.02353
	0	85	88.09086
	0	86	98.31073
	0	87	59.211487
	0	88	3.6055512
	0	89	18.681541
	0	90	71.8401
	0	91	74.672615
	0	92	48.507732
	0	93	82.20097
	0	94	105.9481
	0	95	20.59126
	0	96	80.75271
	0	97	25.96151
	0	98	69.289246
	0	99	32.01562
	1	0	7.81025
	1	1	0.0
	1	2	62.968246
	1	3	121.16518
	1	4	71.38628
	1	5	8.062258
	1	6	63.126858
	1	7	73.24616
	1	8	61.204575
	1	9	60.0
	1	10	96.519424
	1	11	32.24903
	1	12	87.13208
	1	13	79.64923
	1	14	52.773098
	1	15	45.0
	1	16	67.06713
	1	17	58.694122
	1	18	96.519424
	1	19	48.166378
	1	20	100.41912
	1	21	93.04838
	1	22	119.2057
	1	23	69.92139
	1	24	79.12016
	1	25	51.62364
	1	26	108.60018
	1	27	51.739735
	1	28	76.11833
	1	29	95.50916
	1	30	123.76187
	1	31	100.49876
	1	32	102.47439
	1	33	73.24616
	1	34	48.373547
	1	35	32.0
	1	36	112.0714
	1	37	51.088158
	1	38	32.24903
	1	39	23.70654
	1	40	34.132095
	1	41	120.73939
	1	42	67.911705
	1	43	33.955853
	1	44	89.587944
	1	45	60.41523
	1	46	16.03122
	1	47	69.58448
	1	48	71.19691
	1	49	54.781384
	1	50	97.082436
	1	51	83.9345
	1	52	110.535065
	1	53	103.40696
	1	54	99.86491
	1	55	30.0
	1	56	117.64353
	1	57	54.451813
	1	58	106.887794
	1	59	60.166435
	1	60	43.863426
	1	61	31.144823
	1	62	64.629715
	1	63	95.50916
	1	64	57.428215
	1	65	12.0415945
	1	66	64.44377
	1	67	108.60018
	1	68	98.89894
	1	69	74.323616
	1	70	81.3019
	1	71	104.13933
	1	72	100.90094
	1	73	84.71718
	1	74	88.19297
	1	75	74.10803
	1	76	99.764725
	1	77	87.64131
	1	78	64.288414
	1	79	110.98198
	1	80	108.903625
	1	81	29.732138
	1	82	12.206555
	1	83	110.94143
	1	84	91.04944
	1	85	88.391174
	1	86	99.15644
	1	87	65.0
	1	88	4.2426405
	1	89	24.0
	1	90	73.78347
	1	91	78.84795
	1	92	53.460266
	1	93	84.38009
	1	94	108.40664
	1	95	24.5153
	1	96	76.902534
	1	97	31.06445
	1	98	67.08204
	1	99	38.470768
	2	0	61.073727
	2	1	62.968246
	2	2	0.0
	2	3	63.07139
	2	4	53.075417
	2	5	66.8431
	2	6	18.439089
	2	7	50.931328
	2	8	55.072678
	2	9	5.3851647
	2	10	49.24429
	2	11	37.48333
	2	12	38.587563
	2	13	17.464249
	2	14	31.780497
	2	15	34.928497
	2	16	39.56008
	2	17	20.396078
	2	18	49.24429
	2	19	17.117243
	2	20	40.706264
	2	21	54.48853
	2	22	61.846584
	2	23	46.66905
	2	24	47.169907
	2	25	48.104053
	2	26	46.010868
	2	27	19.646883
	2	28	57.280014
	2	29	38.327538
	2	30	63.245552
	2	31	37.589893
	2	32	39.92493
	2	33	31.304953
	2	34	49.0408
	2	35	53.037724
	2	36	49.20366
	2	37	52.810986
	2	38	37.48333
	2	39	39.40812
	2	40	36.359318
	2	41	58.728188
	2	42	48.9183
	2	43	32.80244
	2	44	41.19466
	2	45	9.219544
	2	46	55.027267
	2	47	29.681644
	2	48	9.055386
	2	49	14.142136
	2	50	36.05551
	2	51	56.302753
	2	52	49.20366
	2	53	45.01111
	2	54	37.01351
	2	55	53.15073
	2	56	54.81788
	2	57	27.018513
	2	58	46.043457
	2	59	44.102154
	2	60	35.510563
	2	61	43.046486
	2	62	27.313
	2	63	61.846584
	2	64	27.294687
	2	65	56.462376
	2	66	17.20465
	2	67	54.34151
	2	68	57.271286
	2	69	15.524175
	2	70	65.76473
	2	71	46.818798
	2	72	42.0
	2	73	65.29931
	2	74	44.14748
	2	75	63.25346
	2	76	37.336308
	2	77	32.280025
	2	78	45.607018
	2	79	48.02083
	2	80	48.8774
	2	81	34.0147
	2	82	50.77401
	2	83	48.010414
	2	84	53.037724
	2	85	30.364452
	2	86	38.27532
	2	87	36.05551
	2	88	62.201286
	2	89	44.687805
	2	90	10.816654
	2	91	26.41969
	2	92	27.0
	2	93	21.470911
	2	94	45.617977
	2	95	41.01219
	2	96	54.56189
	2	97	38.832977
	2	98	34.713108
	2	99	42.72002
	3	0	121.21056
	3	1	121.16518
	3	2	63.07139
	3	3	0.0
	3	4	69.260376
	3	5	126.65702
	3	6	58.0517
	3	7	65.14599
	3	8	80.77747
	3	9	63.631752
	3	10	82.565125
	3	11	89.80534
	3	12	77.23341
	3	13	53.935146
	3	14	71.21797
	3	15	97.49872
	3	16	94.89468
	3	17	80.36168
	3	18	82.565125
	3	19	73.60027
	3	20	22.472204
	3	21	94.89468
	3	22	3.0
	3	23	64.62198
	3	24	54.708317
	3	25	82.36504
	3	26	26.925823
	3	27	69.426216
	3	28	68.88396
	3	29	62.968246
	3	30	10.29563
	3	31	39.45884
	3	32	43.174065
	3	33	50.219517
	3	34	85.58621
	3	35	99.40322
	3	36	29.546574
	3	37	86.76981
	3	38	89.80534
	3	39	99.40322
	3	40	99.29753
	3	41	19.104973
	3	42	68.70953
	3	43	95.38344
	3	44	34.88553
	3	45	70.5762
	3	46	108.93117
	3	47	82.73451
	3	48	58.821766
	3	49	76.6942
	3	50	27.89265
	3	51	58.855755
	3	52	18.248287
	3	53	60.728905
	3	54	34.058773
	3	55	100.60318
	3	56	28.01785
	3	57	87.93179
	3	58	19.026299
	3	59	72.00694
	3	60	80.280754
	3	61	106.004715
	3	62	83.546394
	3	63	51.0
	3	64	87.0919
	3	65	111.72287
	3	66	56.727417
	3	67	15.524175
	3	68	39.012817
	3	69	62.169125
	3	70	73.68175
	3	71	17.029387
	3	72	58.940647
	3	73	69.354164
	3	74	39.56008
	3	75	77.87811
	3	76	44.72136
	3	77	66.1211
	3	78	69.354164
	3	79	34.928497
	3	80	15.132746
	3	81	91.67879
	3	82	109.3435
	3	83	31.38471
	3	84	94.641426
	3	85	33.286633
	3	86	25.70992
	3	87	92.22798
	3	88	121.511314
	3	89	106.850365
	3	90	54.08327
	3	91	70.11419
	3	92	88.23265
	3	93	47.67599
	3	94	39.56008
	3	95	102.625534
	3	96	65.0
	3	97	101.597244
	3	98	58.830265
	3	99	105.702415
	4	0	75.42546
	4	1	71.38628
	4	2	53.075417
	4	3	69.260376
	4	4	0.0
	4	5	79.07591
	4	6	34.828148
	4	7	4.1231055
	4	8	12.727922
	4	9	48.08326
	4	10	101.607086
	4	11	42.047592
	4	12	91.214035
	4	13	64.49806
	4	14	25.079872
	4	15	76.55717
	4	16	90.21086
	4	17	70.60453
	4	18	101.607086
	4	19	43.908997
	4	20	58.0
	4	21	107.563934
	4	22	66.40783
	4	23	6.708204
	4	24	14.56022
	4	25	19.924858
	4	26	73.171036
	4	27	36.891735
	4	28	5.0990195
	4	29	87.23531
	4	30	76.687675
	4	31	74.215904
	4	32	78.84795
	4	33	26.24881
	4	34	23.409399
	4	35	40.496914
	4	36	78.23043
	4	37	21.954498
	4	38	42.047592
	4	39	59.413803
	4	40	69.92139
	4	41	79.30952
	4	42	4.472136
	4	43	64.84597
	4	44	35.35534
	4	45	60.876926
	4	46	55.542778
	4	47	82.13403
	4	48	59.405388
	4	49	62.201286
	4	50	59.3043
	4	51	13.601471
	4	52	69.065186
	4	53	91.787796
	4	54	69.2315
	4	55	42.379242
	4	56	82.02438
	4	57	74.62573
	4	58	65.03076
	4	59	12.165525
	4	60	30.265491
	4	61	74.953316
	4	62	78.873314
	4	63	25.806976
	4	64	76.27582
	4	65	59.439045
	4	66	36.40055
	4	67	53.75872
	4	68	33.600594
	4	69	67.20119
	4	70	13.038404
	4	71	55.578773
	4	72	88.63972
	4	73	14.3178215
	4	74	29.832869
	4	75	10.770329
	4	76	77.491936
	4	77	83.21658
	4	78	8.5440035
	4	79	80.75271
	4	80	64.28063
	4	81	50.635956
	4	82	63.126858
	4	83	78.40918
	4	84	106.10372
	4	85	48.507732
	4	86	60.133186
	4	87	86.608315
	4	88	73.82411
	4	89	70.71068
	4	90	56.603886
	4	91	79.025314
	4	92	74.094536
	4	93	63.560993
	4	94	81.58431
	4	95	65.76473
	4	96	5.8309517
	4	97	70.0928
	4	98	18.867962
	4	99	79.69943
	5	0	5.8309517
	5	1	8.062258
	5	2	66.8431
	5	3	126.65702
	5	4	79.07591
	5	5	0.0
	5	6	68.8186
	5	7	80.80842
	5	8	69.115845
	5	9	64.381676
	5	10	96.69022
	5	11	39.0
	5	12	87.80091
	5	13	82.92768
	5	14	59.615433
	5	15	44.72136
	5	16	66.189125
	5	17	60.166435
	5	18	96.69022
	5	19	53.15073
	5	20	105.47511
	5	21	92.13577
	5	22	124.80785
	5	23	77.36925
	5	24	86.33076
	5	25	59.413803
	5	26	112.805145
	5	27	57.428215
	5	28	83.86298
	5	29	97.308784
	5	30	128.76335
	5	31	104.04326
	5	32	105.68822
	5	33	79.64923
	5	34	56.22277
	5	35	40.012497
	5	36	116.03879
	5	37	59.03389
	5	38	39.0
	5	39	27.58623
	5	40	34.785053
	5	41	125.25574
	5	42	75.50497
	5	43	35.77709
	5	44	95.880135
	5	45	63.28507
	5	46	24.0
	5	47	70.0928
	5	48	74.63243
	5	49	57.306194
	5	50	101.82338
	5	51	91.44397
	5	52	115.260574
	5	53	105.30907
	5	54	103.85567
	5	55	38.013157
	5	56	121.65936
	5	57	55.081757
	5	58	111.73182
	5	59	67.68308
	5	60	50.92151
	5	61	30.413813
	5	62	65.25335
	5	63	102.88343
	5	64	57.974133
	5	65	20.0
	5	66	70.0
	5	67	114.546936
	5	68	105.848946
	5	69	77.02597
	5	70	89.20202
	5	71	109.63576
	5	72	102.9563
	5	73	92.541885
	5	74	94.81033
	5	75	82.05486
	5	76	102.92716
	5	77	89.31965
	5	78	71.80529
	5	79	114.62112
	5	80	113.951744
	5	81	35.0
	5	82	17.492855
	5	83	114.80853
	5	84	90.13878
	5	85	93.60555
	5	86	103.947105
	5	87	64.49806
	5	88	5.3851647
	5	89	24.351591
	5	90	77.62087
	5	91	80.411446
	5	92	54.120235
	5	93	88.005684
	5	94	111.77209
	5	95	26.41969
	5	96	84.5281
	5	97	31.622776
	5	98	73.92564
	5	99	37.054016
	6	0	63.51378
	6	1	63.126858
	6	2	18.439089
	6	3	58.0517
	6	4	34.828148
	6	5	68.8186
	6	6	0.0
	6	7	32.526913
	6	8	38.27532
	6	9	13.892444
	6	10	66.85058
	6	11	32.01562
	6	12	56.400356
	6	13	30.675724
	6	14	17.029387
	6	15	48.166378
	6	16	57.245087
	6	17	37.576588
	6	18	66.85058
	6	19	16.763054
	6	20	38.013157
	6	21	72.835434
	6	22	56.0803
	6	23	28.319605
	6	24	29.068884
	6	25	33.13608
	6	26	49.0408
	6	27	11.401754
	6	28	38.8973
	6	29	53.488316
	6	30	61.220913
	6	31	45.17743
	6	32	49.010204
	6	33	14.142136
	6	34	35.0
	6	35	44.011364
	6	36	53.450912
	6	37	38.118237
	6	38	32.01562
	6	39	42.059483
	6	40	45.54119
	6	41	59.5399
	6	42	30.805843
	6	43	40.792156
	6	44	28.160255
	6	45	26.925823
	6	46	51.224995
	6	47	48.010414
	6	48	24.698177
	6	49	29.732138
	6	50	35.77709
	6	51	38.078865
	6	52	48.8774
	6	53	58.940647
	6	54	41.976185
	6	55	44.777225
	6	56	58.5235
	6	57	43.011627
	6	58	44.94441
	6	59	26.925823
	6	60	24.351591
	6	61	51.971146
	6	62	45.276924
	6	63	44.64303
	6	64	44.011364
	6	65	53.814495
	6	66	2.0
	6	67	45.79301
	6	68	42.0
	6	69	32.449963
	6	70	47.38143
	6	71	41.036568
	6	72	55.7853
	6	73	46.8615
	6	74	29.068884
	6	75	45.221676
	6	76	47.010635
	6	77	48.76474
	6	78	27.784887
	6	79	54.129475
	6	80	46.400433
	6	81	33.83785
	6	82	51.40039
	6	83	52.886673
	6	84	71.42129
	6	85	25.806976
	6	86	37.589893
	6	87	53.66563
	6	88	63.600315
	6	89	50.92151
	6	90	22.472204
	6	91	44.20407
	6	92	42.72002
	6	93	31.257
	6	94	53.338543
	6	95	46.238514
	6	96	36.124783
	6	97	47.07441
	6	98	16.27882
	6	99	54.08327
	7	0	76.941536
	7	1	73.24616
	7	2	50.931328
	7	3	65.14599
	7	4	4.1231055
	7	5	80.80842
	7	6	32.526913
	7	7	0.0
	7	8	16.40122
	7	9	46.09772
	7	10	99.0202
	7	11	43.046486
	7	12	88.72993
	7	13	61.587337
	7	14	24.738634
	7	15	75.96052
	7	16	88.752464
	7	17	69.065186
	7	18	99.0202
	7	19	42.953465
	7	20	54.00926
	7	21	105.36128
	7	22	62.297672
	7	23	4.472136
	7	24	10.440307
	7	25	22.36068
	7	26	69.260376
	7	27	35.77709
	7	28	6.4031243
	7	29	84.21995
	7	30	72.56721
	7	31	70.60453
	7	32	75.28612
	7	33	22.847319
	7	34	25.942244
	7	35	42.953465
	7	36	74.330345
	7	37	25.0
	7	38	43.046486
	7	39	60.074955
	7	40	69.856995
	7	41	75.23962
	7	42	5.3851647
	7	43	64.7611
	7	44	31.257
	7	45	59.03389
	7	46	57.567352
	7	47	80.280754
	7	48	56.85068
	7	49	60.74537
	7	50	55.443665
	7	51	10.770329
	7	52	65.03076
	7	53	88.56636
	7	54	65.51336
	7	55	44.777225
	7	56	78.05767
	7	57	73.43024
	7	58	61.008198
	7	59	13.152946
	7	60	31.0
	7	61	75.13322
	7	62	77.201035
	7	63	22.825424
	7	64	74.94665
	7	65	61.400326
	7	66	33.970577
	7	67	49.648766
	7	68	29.832869
	7	69	64.66065
	7	70	14.866069
	7	71	51.47815
	7	72	85.42833
	7	73	14.764823
	7	74	25.70992
	7	75	14.3178215
	7	76	74.0
	7	77	80.44874
	7	78	9.055386
	7	79	76.941536
	7	80	60.207973
	7	81	51.156624
	7	82	64.49806
	7	83	74.54529
	7	84	103.947105
	7	85	44.72136
	7	86	56.22277
	7	87	85.146935
	7	88	75.50497
	7	89	71.25307
	7	90	53.823788
	7	91	76.57676
	7	92	72.94518
	7	93	60.373837
	7	94	77.87811
	7	95	66.27216
	7	96	4.1231055
	7	97	70.21396
	7	98	16.27882
	7	99	79.555016
	8	0	66.007576
	8	1	61.204575
	8	2	55.072678
	8	3	80.77747
	8	4	12.727922
	8	5	69.115845
	8	6	38.27532
	8	7	16.40122
	8	8	0.0
	8	9	49.73932
	8	10	104.316826
	8	11	34.785053
	8	12	93.64828
	8	13	68.94926
	8	14	23.600847
	8	15	72.94518
	8	16	89.106674
	8	17	70.0928
	8	18	104.316826
	8	19	42.44997
	8	20	67.601776
	8	21	108.81177
	8	22	78.0
	8	23	16.155495
	8	24	26.41969
	8	25	10.440307
	8	26	82.0975
	8	27	36.40055
	8	28	16.124516
	8	29	91.76056
	8	30	87.64131
	8	31	81.49847
	8	32	85.84288
	8	33	34.0147
	8	34	13.038404
	8	35	29.427877
	8	36	87.05171
	8	37	10.198039
	8	38	34.785053
	8	39	52.49762
	8	40	64.84597
	8	41	89.44272
	8	42	12.083046
	8	43	59.94164
	8	44	46.173584
	8	45	61.611687
	8	46	45.17743
	8	47	82.46211
	8	48	62.649822
	8	49	61.6198
	8	50	68.06615
	8	51	26.24881
	8	52	78.91768
	8	53	97.123634
	8	54	77.10383
	8	55	31.400637
	8	56	91.26884
	8	57	72.91776
	8	58	74.8131
	8	59	11.401754
	8	60	24.698177
	8	61	69.079666
	8	62	78.64477
	8	63	38.418747
	8	64	74.96666
	8	65	49.162994
	8	66	40.16217
	8	67	65.39113
	8	68	46.227695
	8	69	70.21396
	8	70	20.09975
	8	71	66.21933
	8	72	93.96276
	8	73	23.769728
	8	74	41.231056
	8	75	13.038404
	8	76	84.17244
	8	77	86.815895
	8	78	12.0415945
	8	79	89.02247
	8	80	74.52516
	8	81	44.38468
	8	82	54.230988
	8	83	87.005745
	8	84	107.200745
	8	85	57.035076
	8	86	69.18092
	8	87	85.56284
	8	88	64.03124
	8	89	63.89053
	8	90	60.74537
	8	91	81.49233
	8	92	72.249565
	8	93	69.12308
	8	94	89.27486
	8	95	59.135437
	8	96	18.439089
	8	97	64.4748
	8	98	25.019993
	8	99	74.68601
	9	0	58.694122
	9	1	60.0
	9	2	5.3851647
	9	3	63.631752
	9	4	48.08326
	9	5	64.381676
	9	6	13.892444
	9	7	46.09772
	9	8	49.73932
	9	9	0.0
	9	10	54.589375
	9	11	32.984844
	9	12	43.908997
	9	13	22.090721
	9	14	26.400757
	9	15	36.124783
	9	16	43.382023
	9	17	23.769728
	9	18	54.589375
	9	19	12.649111
	9	20	41.617306
	9	21	59.548298
	9	22	62.177166
	9	23	41.773197
	9	24	42.941822
	9	25	42.72002
	9	26	48.60041
	9	27	14.3178215
	9	28	52.40229
	9	29	43.56604
	9	30	64.66065
	9	31	41.231056
	9	32	43.965897
	9	33	27.513634
	9	34	43.68066
	9	35	48.166378
	9	36	52.153618
	9	37	47.434166
	9	38	32.984844
	9	39	36.796738
	9	40	35.846897
	9	41	60.876926
	9	42	43.863426
	9	43	31.764761
	9	44	39.012817
	9	45	13.038404
	9	46	51.078373
	9	47	34.20526
	9	48	14.035668
	9	49	16.27882
	9	50	37.536648
	9	51	51.971146
	9	52	50.931328
	9	53	50.08992
	9	54	39.962482
	9	55	48.373547
	9	56	57.68882
	9	57	29.614185
	9	58	47.507893
	9	59	38.832977
	9	60	30.265491
	9	61	42.544094
	9	62	31.38471
	9	63	58.189346
	9	64	30.364452
	9	65	52.773098
	9	66	13.0
	9	67	53.75872
	9	68	54.451813
	9	69	20.880613
	9	70	60.876926
	9	71	46.957428
	9	72	47.042534
	9	73	60.60528
	9	74	41.303753
	9	75	58.137768
	9	76	41.484936
	9	77	37.64306
	9	78	40.459858
	9	79	51.42956
	9	80	50.0
	9	81	30.528675
	9	82	47.801674
	9	83	51.10773
	9	84	58.0517
	9	85	30.413813
	9	86	39.698868
	9	87	39.812057
	9	88	59.548298
	9	89	43.266617
	9	90	14.56022
	9	91	31.764761
	9	92	29.427877
	9	93	25.298222
	9	94	49.396355
	9	95	39.20459
	9	96	49.819675
	9	97	38.013157
	9	98	30.0
	9	99	43.174065
	10	0	91.24144
	10	1	96.519424
	10	2	49.24429
	10	3	82.565125
	10	4	101.607086
	10	5	96.69022
	10	6	66.85058
	10	7	99.0202
	10	8	104.316826
	10	9	54.589375
	10	10	0.0
	10	11	82.0
	10	12	10.770329
	10	13	38.209946
	10	14	80.9506
	10	15	51.971146
	10	16	31.780497
	10	17	39.20459
	10	18	0.0
	10	19	63.90618
	10	20	64.62198
	10	21	13.341664
	10	22	83.198555
	10	23	95.0
	10	24	93.38094
	10	25	97.082436
	10	26	55.7315
	10	27	68.44706
	10	28	105.42296
	10	29	19.646883
	10	30	76.321686
	10	31	43.174065
	10	32	39.45884
	10	33	77.155685
	10	34	97.6934
	10	35	98.48858
	10	36	54.147945
	10	37	101.636604
	10	38	82.0
	10	39	75.00667
	10	40	62.39391
	10	41	67.06713
	10	42	97.65244
	10	43	63.03174
	10	44	80.21222
	10	45	43.65776
	10	46	95.189285
	10	47	27.018513
	10	48	42.201897
	10	49	46.09772
	10	50	58.694122
	10	51	102.55243
	10	52	64.327286
	10	53	23.086792
	10	54	49.0408
	10	55	98.0612
	10	56	58.0
	10	57	42.107006
	10	58	64.288414
	10	59	93.29523
	10	60	83.57033
	10	61	66.287254
	10	62	32.01562
	10	63	105.11898
	10	64	39.115215
	10	65	95.02105
	10	66	65.21503
	10	67	83.00603
	10	68	97.082436
	10	69	34.4093
	10	70	113.85078
	10	71	73.1642
	10	72	24.020824
	10	73	112.698715
	10	74	85.42833
	10	75	112.0714
	10	76	37.85499
	10	77	19.209373
	10	78	94.57801
	10	79	49.0408
	10	80	68.41052
	10	81	74.672615
	10	82	86.05231
	10	83	52.153618
	10	84	13.928389
	10	85	62.968246
	10	86	60.166435
	10	87	32.572994
	10	88	93.904205
	10	89	72.691124
	10	90	45.343136
	10	91	22.825424
	10	92	43.104523
	10	93	41.617306
	10	94	44.04543
	10	95	72.1734
	10	96	102.30347
	10	97	65.490456
	10	98	82.800964
	10	99	60.166435
	11	0	34.48188
	11	1	32.24903
	11	2	37.48333
	11	3	89.80534
	11	4	42.047592
	11	5	39.0
	11	6	32.01562
	11	7	43.046486
	11	8	34.785053
	11	9	32.984844
	11	10	82.0
	11	11	0.0
	11	12	71.38628
	11	13	54.91812
	11	14	20.615528
	11	15	40.311287
	11	16	59.682495
	11	17	43.32436
	11	18	82.0
	11	19	20.396078
	11	20	70.0
	11	21	83.00603
	11	22	87.69264
	11	23	39.20459
	11	24	47.539455
	11	25	24.351591
	11	26	80.06248
	11	27	21.095022
	11	28	47.095646
	11	29	75.00667
	11	30	93.23626
	11	31	74.0
	11	32	76.922035
	11	33	41.04875
	11	34	22.36068
	11	35	16.492422
	11	36	84.095184
	11	37	26.41969
	11	38	0.0
	11	39	17.720045
	11	40	30.805843
	11	41	91.26884
	11	42	38.0
	11	43	26.24881
	11	44	57.428215
	11	45	39.115215
	11	46	19.209373
	11	47	56.302753
	11	48	46.52956
	11	49	35.902645
	11	50	67.41662
	11	51	53.338543
	11	52	80.70936
	11	53	82.1523
	11	54	72.09022
	11	55	16.124516
	11	56	89.44272
	11	57	43.416588
	11	58	76.843994
	11	59	30.0
	11	60	12.165525
	11	61	34.43835
	11	62	51.62364
	11	63	64.327286
	11	64	46.06517
	11	65	21.931713
	11	66	33.600594
	11	67	76.6942
	11	68	66.85058
	11	69	52.03845
	11	70	53.75872
	11	71	72.862885
	11	72	79.22752
	11	73	56.22277
	11	74	55.946404
	11	75	47.539455
	11	76	74.46476
	11	77	68.06615
	11	78	34.0147
	11	79	83.9345
	11	80	78.40918
	11	81	10.0
	11	82	21.84033
	11	83	83.25864
	11	84	81.154175
	11	85	57.801384
	11	86	69.339745
	11	87	56.435802
	11	88	33.61547
	11	89	29.12044
	11	90	47.539455
	11	91	60.40695
	11	92	42.544094
	11	93	58.24088
	11	94	82.219215
	11	95	24.351591
	11	96	47.010635
	11	97	30.016663
	11	98	34.928497
	11	99	40.496914
	12	0	82.2253
	12	1	87.13208
	12	2	38.587563
	12	3	77.23341
	12	4	91.214035
	12	5	87.80091
	12	6	56.400356
	12	7	88.72993
	12	8	93.64828
	12	9	43.908997
	12	10	10.770329
	12	11	71.38628
	12	12	0.0
	12	13	28.84441
	12	14	70.23532
	12	15	43.32436
	12	16	25.495098
	12	17	29.0
	12	18	10.770329
	12	19	53.14132
	12	20	57.72348
	12	21	18.384777
	12	22	77.52419
	12	23	84.646324
	12	24	83.450584
	12	25	86.33076
	12	26	51.009804
	12	27	57.697487
	12	28	95.131485
	12	29	15.811388
	12	30	72.06247
	12	31	38.0
	12	32	35.22783
	12	33	67.17886
	12	34	86.925255
	12	35	87.86353
	12	36	50.358715
	12	37	90.873535
	12	38	71.38628
	12	39	65.06919
	12	40	53.15073
	12	41	63.387695
	12	42	87.20092
	12	43	53.338543
	12	44	71.34424
	12	45	32.89377
	12	46	85.02353
	12	47	17.720045
	12	48	31.890438
	12	49	35.510563
	12	50	51.662365
	12	51	92.65527
	12	52	59.07622
	12	53	22.472204
	12	54	43.185646
	12	55	87.47571
	12	56	54.91812
	12	57	32.75668
	12	58	58.420887
	12	59	82.68011
	12	60	72.8011
	12	61	57.567352
	12	62	22.561028
	12	63	95.80188
	12	64	29.832869
	12	65	85.02353
	12	66	54.81788
	12	67	75.96052
	12	68	88.32327
	12	69	24.083189
	12	70	103.58572
	12	71	66.21933
	12	72	21.931713
	12	73	102.59142
	12	74	76.27582
	12	75	101.607086
	12	76	33.06055
	12	77	11.18034
	12	78	84.05355
	12	79	45.705578
	12	80	62.514
	12	81	64.28063
	12	82	76.321686
	12	83	48.373547
	12	84	17.720045
	12	85	54.56189
	12	86	53.366657
	12	87	25.23886
	12	88	84.723076
	12	89	63.560993
	12	90	35.383614
	12	91	12.206555
	12	92	33.734257
	12	93	33.105892
	12	94	40.792156
	12	95	62.649822
	12	96	92.09777
	12	97	56.293873
	12	98	72.47068
	12	99	52.0
	13	0	77.10383
	13	1	79.64923
	13	2	17.464249
	13	3	53.935146
	13	4	64.49806
	13	5	82.92768
	13	6	30.675724
	13	7	61.587337
	13	8	68.94926
	13	9	22.090721
	13	10	38.209946
	13	11	54.91812
	13	12	28.84441
	13	13	0.0
	13	14	46.872166
	13	15	45.486263
	13	16	41.109608
	13	17	27.294687
	13	18	38.209946
	13	19	34.525352
	13	20	32.06244
	13	21	47.010635
	13	22	53.460266
	13	23	57.801384
	13	24	55.31727
	13	25	63.348244
	13	26	31.906113
	13	27	36.013885
	13	28	67.95587
	13	29	22.847319
	13	30	51.62364
	13	31	21.260292
	13	32	22.825424
	13	33	39.20459
	13	34	64.77654
	13	35	70.256676
	13	36	34.058773
	13	37	68.24954
	13	38	54.91812
	13	39	55.946404
	13	40	50.20956
	13	41	45.276924
	13	42	60.827625
	13	43	47.63402
	13	44	42.544094
	13	45	19.849434
	13	46	72.42237
	13	47	29.017237
	13	48	8.5440035
	13	49	26.172504
	13	50	26.172504
	13	51	64.44377
	13	52	37.336308
	13	53	28.442924
	13	54	22.472204
	13	55	70.45566
	13	56	39.698868
	13	57	34.88553
	13	58	35.17101
	13	59	57.58472
	13	60	52.03845
	13	61	56.586216
	13	62	29.614185
	13	63	67.00746
	13	64	33.61547
	13	65	73.736015
	13	66	28.79236
	13	67	49.25444
	13	68	59.5399
	13	69	8.246211
	13	70	76.27582
	13	71	40.012497
	13	72	25.317978
	13	73	74.8131
	13	74	47.434166
	13	75	75.17979
	13	76	20.12461
	13	77	19.104973
	13	78	58.18075
	13	79	31.890438
	13	80	38.832977
	13	81	51.264023
	13	82	67.53518
	13	83	32.55764
	13	84	46.06517
	13	85	26.24881
	13	86	28.284271
	13	87	38.327538
	13	88	78.54935
	13	89	59.665737
	13	90	8.246211
	13	91	18.027756
	13	92	35.35534
	13	93	6.3245554
	13	94	28.84441
	13	95	56.61272
	13	96	64.63745
	13	97	53.075417
	13	98	45.65085
	13	99	54.405884
	14	0	55.027267
	14	1	52.773098
	14	2	31.780497
	14	3	71.21797
	14	4	25.079872
	14	5	59.615433
	14	6	17.029387
	14	7	24.738634
	14	8	23.600847
	14	9	26.400757
	14	10	80.9506
	14	11	20.615528
	14	12	70.23532
	14	13	46.872166
	14	14	0.0
	14	15	51.47815
	14	16	65.946945
	14	17	46.66905
	14	18	80.9506
	14	19	19.209373
	14	20	53.225933
	14	21	85.2115
	14	22	68.88396
	14	23	20.396078
	14	24	27.294687
	14	25	16.492422
	14	26	65.52099
	14	27	12.806249
	14	28	30.083218
	14	29	69.375786
	14	30	75.802376
	14	31	62.201286
	14	32	66.0303
	14	33	21.213203
	14	34	18.027756
	14	35	28.301943
	14	36	70.0928
	14	37	21.377558
	14	38	20.615528
	14	39	36.124783
	14	40	45.122055
	14	41	75.23962
	14	42	20.615528
	14	43	40.024994
	14	44	37.536648
	14	45	38.013157
	14	46	38.600517
	14	47	58.898216
	14	48	39.849716
	14	49	38.183765
	14	50	51.86521
	14	51	34.058773
	14	52	64.4748
	14	53	75.31268
	14	54	58.855755
	14	55	29.410883
	14	56	75.0
	14	57	50.0
	14	58	60.41523
	14	59	13.601471
	14	60	9.219544
	14	61	50.48762
	14	62	55.17246
	14	63	44.28318
	14	64	51.855568
	14	65	41.880783
	14	66	19.026299
	14	67	57.280014
	14	68	46.238514
	14	69	47.169907
	14	70	38.013157
	14	71	54.644306
	14	72	72.18033
	14	73	39.217342
	14	74	35.510563
	14	75	33.600594
	14	76	64.0
	14	77	63.90618
	14	78	16.552946
	14	79	71.021126
	14	80	61.294373
	14	81	27.073973
	14	82	42.379242
	14	83	69.63476
	14	84	83.60024
	14	85	41.231056
	14	86	53.488316
	14	87	62.369865
	14	88	54.230988
	14	89	47.0
	14	90	38.63936
	14	91	58.137768
	14	92	49.40648
	14	93	48.09366
	14	94	70.34913
	14	95	42.0
	14	96	28.86174
	14	97	45.54119
	14	98	14.3178215
	14	99	54.81788
	15	0	39.319206
	15	1	45.0
	15	2	34.928497
	15	3	97.49872
	15	4	76.55717
	15	5	44.72136
	15	6	48.166378
	15	7	75.96052
	15	8	72.94518
	15	9	36.124783
	15	10	51.971146
	15	11	40.311287
	15	12	43.32436
	15	13	45.486263
	15	14	51.47815
	15	15	0.0
	15	16	22.203604
	15	17	18.439089
	15	18	51.971146
	15	19	33.24154
	15	20	75.026665
	15	21	48.09366
	15	22	96.462425
	15	23	71.51224
	15	24	75.9276
	15	25	63.007935
	15	26	77.388626
	15	27	40.5216
	15	28	81.5414
	15	29	54.378304
	15	30	96.60228
	15	31	66.21933
	15	32	66.52819
	15	33	62.289646
	15	34	61.846584
	15	35	55.21775
	15	36	79.40403
	15	37	66.068146
	15	38	40.311287
	15	39	26.400757
	15	40	11.401754
	15	41	90.73588
	15	42	72.09022
	15	43	14.422205
	15	44	75.10659
	15	45	26.925823
	15	46	46.818798
	15	47	25.632011
	15	48	38.910152
	15	49	20.880613
	15	50	69.856995
	15	51	84.20214
	15	52	82.29824
	15	53	62.433964
	15	54	67.95587
	15	55	54.08327
	15	56	85.0
	15	57	11.401754
	15	58	79.624115
	15	59	64.84597
	15	60	48.259712
	15	61	14.3178215
	15	62	21.023796
	15	63	92.39589
	15	64	13.892444
	15	65	45.607018
	15	66	48.04165
	15	67	89.26926
	15	68	90.088844
	15	69	37.802116
	15	70	89.470665
	15	71	81.608826
	15	72	60.464867
	15	73	90.62009
	15	74	77.02597
	15	75	84.59905
	15	76	63.702435
	15	77	46.32494
	15	78	68.0294
	15	79	76.6942
	15	80	82.85529
	15	81	30.479502
	15	82	35.69314
	15	83	77.801025
	15	84	46.09772
	15	85	65.25335
	15	86	72.09022
	15	87	20.0
	15	88	42.107006
	15	89	21.0
	15	90	43.462627
	15	91	37.44329
	15	92	10.630146
	15	93	51.62364
	15	94	72.91776
	15	95	21.587032
	15	96	80.05623
	15	97	14.142136
	15	98	61.846584
	15	99	9.219544
	16	0	61.03278
	16	1	67.06713
	16	2	39.56008
	16	3	94.89468
	16	4	90.21086
	16	5	66.189125
	16	6	57.245087
	16	7	88.752464
	16	8	89.106674
	16	9	43.382023
	16	10	31.780497
	16	11	59.682495
	16	12	25.495098
	16	13	41.109608
	16	14	65.946945
	16	15	22.203604
	16	16	0.0
	16	17	19.723083
	16	18	31.780497
	16	19	46.75468
	16	20	73.171036
	16	21	26.0
	16	22	94.53042
	16	23	84.31489
	16	24	86.313385
	16	25	79.98125
	16	26	70.88018
	16	27	53.413483
	16	28	94.86833
	16	29	40.0
	16	30	91.67879
	16	31	58.189346
	16	32	56.859474
	16	33	70.77429
	16	34	79.51101
	16	35	75.591
	16	36	71.51224
	16	37	83.737686
	16	38	59.682495
	16	39	48.08326
	16	40	33.54102
	16	41	84.118965
	16	42	85.8021
	16	43	35.735138
	16	44	80.04999
	16	45	30.463093
	16	46	68.68042
	16	47	12.165525
	16	48	38.327538
	16	49	28.01785
	16	50	67.26812
	16	51	95.29428
	16	52	77.665955
	16	53	47.507893
	16	54	61.846584
	16	55	74.68601
	16	56	76.6942
	16	57	16.40122
	16	58	75.95393
	16	59	79.51101
	16	60	65.192024
	16	61	36.0
	16	62	12.369317
	16	63	101.390335
	16	64	14.142136
	16	65	67.68308
	16	66	56.364883
	16	67	90.02222
	16	68	96.56604
	16	69	33.01515
	16	70	103.227905
	16	71	81.02469
	16	72	46.400433
	16	73	103.46497
	16	74	83.52245
	16	75	99.48869
	16	76	54.230988
	16	77	32.75668
	16	78	82.006096
	16	79	67.62396
	16	80	79.762146
	16	81	50.537113
	16	82	57.870544
	16	83	69.641945
	16	84	24.0
	16	85	66.189125
	16	86	69.354164
	16	87	3.6055512
	16	88	64.0
	16	89	43.104523
	16	90	43.289722
	16	91	25.632011
	16	92	17.20465
	16	93	47.26521
	16	94	63.07139
	16	95	43.737854
	16	96	92.64988
	16	97	36.345562
	16	98	73.061615
	16	99	29.15476
	17	0	54.42426
	17	1	58.694122
	17	2	20.396078
	17	3	80.36168
	17	4	70.60453
	17	5	60.166435
	17	6	37.576588
	17	7	69.065186
	17	8	70.0928
	17	9	23.769728
	17	10	39.20459
	17	11	43.32436
	17	12	29.0
	17	13	27.294687
	17	14	46.66905
	17	15	18.439089
	17	16	19.723083
	17	17	0.0
	17	18	39.20459
	17	19	27.658634
	17	20	57.974133
	17	21	39.812057
	17	22	79.555016
	17	23	64.63745
	17	24	66.64083
	17	25	61.400326
	17	26	59.16925
	17	27	33.970577
	17	28	75.21303
	17	29	37.161808
	17	30	78.79086
	17	31	47.801674
	17	32	48.104053
	17	33	51.264023
	17	34	61.294373
	17	35	59.77458
	17	36	61.03278
	17	37	65.459915
	17	38	43.32436
	17	39	36.124783
	17	40	25.495098
	17	41	72.56032
	17	42	66.21933
	17	43	24.738634
	17	44	61.522354
	17	45	11.18034
	17	46	56.0357
	17	47	13.0
	17	48	21.587032
	17	49	8.485281
	17	50	52.49762
	17	51	75.591
	17	52	64.4748
	17	53	45.188496
	17	54	49.73932
	17	55	59.20304
	17	56	66.61081
	17	57	7.615773
	17	58	62.03225
	17	59	60.1415
	17	60	46.872166
	17	61	31.06445
	17	62	8.602325
	17	63	81.9329
	17	64	7.0
	17	65	56.0357
	17	66	36.769554
	17	67	73.43705
	17	68	77.665955
	17	69	19.416489
	17	70	83.60024
	17	71	65.11528
	17	72	42.941822
	17	73	83.761566
	17	74	64.53681
	17	75	80.05623
	17	76	45.276924
	17	77	29.15476
	17	78	62.482
	17	79	58.258045
	17	80	65.459915
	17	81	35.510563
	17	82	47.518417
	17	83	59.405388
	17	84	38.013157
	17	85	49.25444
	17	86	54.708317
	17	87	16.124516
	17	88	56.61272
	17	89	35.846897
	17	90	26.476404
	17	91	20.248457
	17	92	8.062258
	17	93	33.54102
	17	94	54.48853
	17	95	34.20526
	17	96	72.94518
	17	97	28.635643
	17	98	53.338543
	17	99	27.58623
	18	0	91.24144
	18	1	96.519424
	18	2	49.24429
	18	3	82.565125
	18	4	101.607086
	18	5	96.69022
	18	6	66.85058
	18	7	99.0202
	18	8	104.316826
	18	9	54.589375
	18	10	0.0
	18	11	82.0
	18	12	10.770329
	18	13	38.209946
	18	14	80.9506
	18	15	51.971146
	18	16	31.780497
	18	17	39.20459
	18	18	0.0
	18	19	63.90618
	18	20	64.62198
	18	21	13.341664
	18	22	83.198555
	18	23	95.0
	18	24	93.38094
	18	25	97.082436
	18	26	55.7315
	18	27	68.44706
	18	28	105.42296
	18	29	19.646883
	18	30	76.321686
	18	31	43.174065
	18	32	39.45884
	18	33	77.155685
	18	34	97.6934
	18	35	98.48858
	18	36	54.147945
	18	37	101.636604
	18	38	82.0
	18	39	75.00667
	18	40	62.39391
	18	41	67.06713
	18	42	97.65244
	18	43	63.03174
	18	44	80.21222
	18	45	43.65776
	18	46	95.189285
	18	47	27.018513
	18	48	42.201897
	18	49	46.09772
	18	50	58.694122
	18	51	102.55243
	18	52	64.327286
	18	53	23.086792
	18	54	49.0408
	18	55	98.0612
	18	56	58.0
	18	57	42.107006
	18	58	64.288414
	18	59	93.29523
	18	60	83.57033
	18	61	66.287254
	18	62	32.01562
	18	63	105.11898
	18	64	39.115215
	18	65	95.02105
	18	66	65.21503
	18	67	83.00603
	18	68	97.082436
	18	69	34.4093
	18	70	113.85078
	18	71	73.1642
	18	72	24.020824
	18	73	112.698715
	18	74	85.42833
	18	75	112.0714
	18	76	37.85499
	18	77	19.209373
	18	78	94.57801
	18	79	49.0408
	18	80	68.41052
	18	81	74.672615
	18	82	86.05231
	18	83	52.153618
	18	84	13.928389
	18	85	62.968246
	18	86	60.166435
	18	87	32.572994
	18	88	93.904205
	18	89	72.691124
	18	90	45.343136
	18	91	22.825424
	18	92	43.104523
	18	93	41.617306
	18	94	44.04543
	18	95	72.1734
	18	96	102.30347
	18	97	65.490456
	18	98	82.800964
	18	99	60.166435
	19	0	47.63402
	19	1	48.166378
	19	2	17.117243
	19	3	73.60027
	19	4	43.908997
	19	5	53.15073
	19	6	16.763054
	19	7	42.953465
	19	8	42.44997
	19	9	12.649111
	19	10	63.90618
	19	11	20.396078
	19	12	53.14132
	19	13	34.525352
	19	14	19.209373
	19	15	33.24154
	19	16	46.75468
	19	17	27.658634
	19	18	63.90618
	19	19	0.0
	19	20	52.34501
	19	21	66.88796
	19	22	71.84706
	19	23	38.483765
	19	24	42.755116
	19	25	33.83785
	19	26	60.74537
	19	27	7.28011
	19	28	48.76474
	19	29	55.081757
	19	30	75.66373
	19	31	53.851646
	19	32	56.61272
	19	33	30.149628
	19	34	34.0
	19	35	36.0
	19	36	64.49806
	19	37	38.078865
	19	38	20.396078
	19	39	25.806976
	19	40	29.068884
	19	41	72.62231
	19	42	39.446167
	19	43	24.186773
	19	44	44.922153
	19	45	20.248457
	19	46	38.483765
	19	47	40.22437
	19	48	26.172504
	19	49	19.209373
	19	50	48.9183
	19	51	50.96077
	19	52	62.369865
	19	53	62.008064
	19	54	52.35456
	19	55	36.05551
	19	56	69.97142
	19	57	30.805843
	19	58	58.728188
	19	59	32.80244
	19	60	19.697716
	19	61	35.35534
	19	62	36.23534
	19	63	59.413803
	19	64	32.649654
	19	65	40.311287
	19	66	17.464249
	19	67	62.177166
	19	68	58.21512
	19	69	32.06244
	19	70	56.938564
	19	71	56.61272
	19	72	59.03389
	19	73	57.697487
	19	74	45.54119
	19	75	52.801514
	19	76	54.120235
	19	77	48.507732
	19	78	35.510563
	19	79	63.97656
	19	80	60.827625
	19	81	18.439089
	19	82	36.069378
	19	83	63.529522
	19	84	65.192024
	19	85	40.459858
	19	86	50.990196
	19	87	43.185646
	19	88	48.104053
	19	89	34.176014
	19	90	27.202942
	19	91	41.484936
	19	92	30.232433
	19	93	37.94733
	19	94	62.03225
	19	95	29.546574
	19	96	47.010635
	19	97	30.413813
	19	98	28.635643
	19	99	38.052597
	20	0	99.90495
	20	1	100.41912
	20	2	40.706264
	20	3	22.472204
	20	4	58.0
	20	5	105.47511
	20	6	38.013157
	20	7	54.00926
	20	8	67.601776
	20	9	41.617306
	20	10	64.62198
	20	11	70.0
	20	12	57.72348
	20	13	32.06244
	20	14	53.225933
	20	15	75.026665
	20	16	73.171036
	20	17	57.974133
	20	18	64.62198
	20	19	52.34501
	20	20	0.0
	20	21	75.96052
	20	22	21.587032
	20	23	52.086468
	20	24	44.181442
	20	25	66.760765
	20	26	15.811388
	20	27	49.0408
	20	28	59.211487
	20	29	45.188496
	20	30	23.345236
	20	31	22.803509
	20	32	27.658634
	20	33	33.955853
	20	34	69.57011
	20	35	81.41253
	20	36	20.880613
	20	37	71.568146
	20	38	70.0
	20	39	77.987175
	20	40	77.02597
	20	41	22.135944
	20	42	56.142673
	20	43	73.24616
	20	44	23.537205
	20	45	48.104053
	20	46	89.20202
	20	47	61.073727
	20	48	36.40055
	20	49	54.230988
	20	50	6.0827627
	20	51	51.1957
	20	52	11.401754
	20	53	45.221676
	20	54	16.40122
	20	55	82.36504
	20	56	24.083189
	20	57	65.52099
	20	58	7.28011
	20	59	57.271286
	20	60	61.77378
	20	61	83.725746
	20	62	61.522354
	20	63	47.853943
	20	64	64.7611
	20	65	91.67879
	20	66	36.40055
	20	67	18.384777
	20	68	36.891735
	20	69	40.1995
	20	70	65.9242
	20	71	8.5440035
	20	72	42.72002
	20	73	62.58594
	20	74	29.832869
	20	75	68.117546
	20	76	28.01785
	20	77	46.572525
	20	78	55.578773
	20	79	24.596748
	20	80	8.485281
	20	81	70.71068
	20	82	88.391174
	20	83	21.540659
	20	84	75.43209
	20	85	12.206555
	20	86	4.472136
	20	87	70.34913
	20	88	100.44899
	20	89	84.87638
	20	90	31.622776
	20	91	49.162994
	20	92	65.802734
	20	93	26.0
	20	94	27.202942
	20	95	80.80223
	20	96	55.226807
	20	97	79.40403
	20	98	43.174065
	20	99	83.25864
	21	0	87.02299
	21	1	93.04838
	21	2	54.48853
	21	3	94.89468
	21	4	107.563934
	21	5	92.13577
	21	6	72.835434
	21	7	105.36128
	21	8	108.81177
	21	9	59.548298
	21	10	13.341664
	21	11	83.00603
	21	12	18.384777
	21	13	47.010635
	21	14	85.2115
	21	15	48.09366
	21	16	26.0
	21	17	39.812057
	21	18	13.341664
	21	19	66.88796
	21	20	75.96052
	21	21	0.0
	21	22	95.35198
	21	23	101.13852
	21	24	100.76706
	21	25	100.70253
	21	26	68.26419
	21	27	72.42237
	21	28	111.73182
	21	29	32.06244
	21	30	89.08984
	21	31	55.443665
	21	32	52.086468
	21	33	84.50444
	21	34	100.84642
	21	35	99.368004
	21	36	67.00746
	21	37	104.95713
	21	38	83.00603
	21	39	73.34848
	21	40	59.3043
	21	41	80.0
	21	42	103.392456
	21	43	61.0
	21	44	89.55445
	21	45	47.201694
	21	46	93.941475
	21	47	26.832815
	21	48	49.0408
	21	49	47.88528
	21	50	69.92139
	21	51	109.98637
	21	52	76.655075
	21	53	36.345562
	21	54	61.0
	21	55	98.681305
	21	56	71.063354
	21	57	40.261642
	21	58	76.29548
	21	59	98.23441
	21	60	86.4523
	21	61	62.0
	21	62	31.38471
	21	63	113.71895
	21	64	37.363083
	21	65	93.214806
	21	66	71.42129
	21	67	94.254974
	21	68	106.55046
	21	69	41.400482
	21	70	120.21647
	21	71	84.48077
	21	72	37.054016
	21	73	119.55334
	21	74	94.33981
	21	75	117.68602
	21	76	50.24938
	21	77	29.410883
	21	78	100.005
	21	79	62.008064
	21	80	80.411446
	21	81	74.63243
	21	82	83.60024
	21	83	65.00769
	21	84	2.0
	21	85	72.91776
	21	86	71.568146
	21	87	28.160255
	21	88	90.0
	21	89	69.065186
	21	90	53.009434
	21	91	29.410883
	21	92	41.231056
	21	93	51.47815
	21	94	57.00877
	21	95	69.46222
	21	96	108.903625
	21	97	62.201286
	21	98	89.09545
	21	99	55.081757
	22	0	119.40268
	22	1	119.2057
	22	2	61.846584
	22	3	3.0
	22	4	66.40783
	22	5	124.80785
	22	6	56.0803
	22	7	62.297672
	22	8	78.0
	22	9	62.177166
	22	10	83.198555
	22	11	87.69264
	22	12	77.52419
	22	13	53.460266
	22	14	68.88396
	22	15	96.462425
	22	16	94.53042
	22	17	79.555016
	22	18	83.198555
	22	19	71.84706
	22	20	21.587032
	22	21	95.35198
	22	22	0.0
	22	23	61.846584
	22	24	51.86521
	22	25	79.755875
	22	26	27.856777
	22	27	67.47592
	22	28	65.96969
	22	29	63.560993
	22	30	13.0
	22	31	40.024994
	22	32	43.965897
	22	33	47.801674
	22	34	83.00603
	22	35	97.00516
	22	36	30.88689
	22	37	84.118965
	22	38	87.69264
	22	39	97.65244
	22	40	97.94386
	22	41	21.260292
	22	42	65.9242
	22	43	93.941475
	22	44	32.24903
	22	45	69.57011
	22	46	106.77547
	22	47	82.38932
	22	48	57.974133
	22	49	75.61085
	22	50	27.294687
	22	51	55.9017
	22	52	18.973665
	22	53	61.68468
	22	54	34.36568
	22	55	98.23441
	22	56	29.832869
	22	57	87.0919
	22	58	19.104973
	22	59	69.354164
	22	60	77.987175
	22	61	104.6518
	22	62	83.02409
	22	63	48.0
	22	64	86.34813
	22	65	109.62208
	22	66	54.81788
	22	67	12.649111
	22	68	36.013885
	22	69	61.66036
	22	70	70.71068
	22	71	15.264338
	22	72	59.77458
	22	73	66.37017
	22	74	36.769554
	22	75	74.953316
	22	76	45.35416
	22	77	66.37017
	22	78	66.64083
	22	79	36.23534
	22	80	15.033297
	22	81	89.81091
	22	82	107.44766
	22	83	32.649654
	22	84	95.036835
	22	85	31.764761
	22	86	25.179358
	22	87	91.787796
	22	88	119.632774
	22	89	105.30907
	22	90	53.160137
	22	91	70.00714
	22	92	87.36132
	22	93	47.26521
	22	94	40.718548
	22	95	101.0198
	22	96	62.0967
	22	97	100.18483
	22	98	56.302753
	22	99	104.54664
	23	0	73.34848
	23	1	69.92139
	23	2	46.66905
	23	3	64.62198
	23	4	6.708204
	23	5	77.36925
	23	6	28.319605
	23	7	4.472136
	23	8	16.155495
	23	9	41.773197
	23	10	95.0
	23	11	39.20459
	23	12	84.646324
	23	13	57.801384
	23	14	20.396078
	23	15	71.51224
	23	16	84.31489
	23	17	64.63745
	23	18	95.0
	23	19	38.483765
	23	20	52.086468
	23	21	101.13852
	23	22	61.846584
	23	23	0.0
	23	24	10.630146
	23	25	20.0
	23	26	67.02985
	23	27	31.304953
	23	28	10.630146
	23	29	80.529495
	23	30	71.568146
	23	31	67.68308
	23	32	72.277245
	23	33	19.646883
	23	34	23.600847
	23	35	40.311287
	23	36	72.06247
	23	37	23.345236
	23	38	39.20459
	23	39	56.008926
	23	40	65.51336
	23	41	73.68175
	23	42	4.1231055
	23	43	60.41523
	23	44	30.083218
	23	45	54.67175
	23	46	54.42426
	23	47	75.9276
	23	48	52.801514
	23	49	56.302753
	23	50	53.08484
	23	51	14.142136
	23	52	63.28507
	23	53	85.08819
	23	54	62.801273
	23	55	42.059483
	23	56	76.00658
	23	57	68.96376
	23	58	59.211487
	23	59	9.848858
	23	60	27.073973
	23	61	70.85902
	23	62	72.8011
	23	63	25.632011
	23	64	70.491135
	23	65	58.189346
	23	66	29.832869
	23	67	49.24429
	23	68	31.144823
	23	69	60.60528
	23	70	19.104973
	23	71	50.219517
	23	72	81.939
	23	73	19.235384
	23	74	25.079872
	23	75	17.464249
	23	76	70.88018
	23	77	76.55064
	23	78	5.8309517
	23	79	74.431175
	23	80	58.694122
	23	81	47.042534
	23	82	60.827625
	23	83	72.1734
	23	84	99.70457
	23	85	42.190044
	23	86	54.00926
	23	87	80.70936
	23	88	72.03471
	23	89	67.11929
	23	90	49.92995
	23	91	72.47068
	23	92	68.47627
	23	93	56.859474
	23	94	75.13322
	23	95	62.1289
	23	96	8.5440035
	23	97	65.9242
	23	98	12.206555
	23	99	75.18643
	24	0	82.006096
	24	1	79.12016
	24	2	47.169907
	24	3	54.708317
	24	4	14.56022
	24	5	86.33076
	24	6	29.068884
	24	7	10.440307
	24	8	26.41969
	24	9	42.941822
	24	10	93.38094
	24	11	47.539455
	24	12	83.450584
	24	13	55.31727
	24	14	27.294687
	24	15	75.9276
	24	16	86.313385
	24	17	66.64083
	24	18	93.38094
	24	19	42.755116
	24	20	44.181442
	24	21	100.76706
	24	22	51.86521
	24	23	10.630146
	24	24	0.0
	24	25	30.479502
	24	26	59.682495
	24	27	35.510563
	24	28	15.033297
	24	29	77.42093
	24	30	62.169125
	24	31	62.03225
	24	32	66.85058
	24	33	16.27882
	24	34	34.058773
	24	35	50.47772
	24	36	64.77654
	24	37	33.970577
	24	38	47.539455
	24	39	63.387695
	24	40	71.25307
	24	41	65.06919
	24	42	14.422205
	24	43	66.189125
	24	44	21.023796
	24	45	55.946404
	24	46	63.97656
	24	47	76.8505
	24	48	51.739735
	24	49	58.694122
	24	50	46.09772
