data;

param n := 50;

param p := 10;

param m := 5;

param alpha := 10.724760055541992;

param r := 
	0	0
	1	4
	2	2
	3	2
	4	0
	5	4
	6	4
	7	3
	8	3
	9	1
	10	4
	11	2
	12	2
	13	4
	14	3
	15	1
	16	2
	17	1
	18	1
	19	4
	20	0
	21	4
	22	4
	23	1
	24	0
	25	0
	26	3
	27	0
	28	1
	29	1
	30	2
	31	2
	32	2
	33	3
	34	0
	35	1
	36	3
	37	0
	38	3
	39	1
	40	2
	41	1
	42	3
	43	3
	44	3
	45	3
	46	4
	47	1
	48	4
	49	2
;

param d := 
	0	1
	1	4
	2	2
	3	2
	4	1
	5	4
	6	4
	7	4
	8	4
	9	1
	10	4
	11	4
	12	4
	13	4
	14	4
	15	1
	16	3
	17	1
	18	1
	19	4
	20	2
	21	4
	22	4
	23	3
	24	2
	25	2
	26	3
	27	3
	28	3
	29	4
	30	4
	31	3
	32	3
	33	4
	34	1
	35	1
	36	4
	37	4
	38	4
	39	2
	40	4
	41	2
	42	4
	43	4
	44	4
	45	3
	46	4
	47	4
	48	4
	49	3
;

param c := 
	0	0	0.0
	0	1	81.8352
	0	2	63.505905
	0	3	102.41582
	0	4	21.470911
	0	5	50.20956
	0	6	85.70297
	0	7	82.87943
	0	8	99.32271
	0	9	75.16648
	0	10	43.965897
	0	11	81.9329
	0	12	46.518814
	0	13	93.08598
	0	14	82.96987
	0	15	50.289165
	0	16	38.078865
	0	17	26.172504
	0	18	40.804413
	0	19	11.0
	0	20	13.341664
	0	21	46.06517
	0	22	47.296936
	0	23	101.13852
	0	24	61.522354
	0	25	14.3178215
	0	26	58.258045
	0	27	2.236068
	0	28	55.713554
	0	29	54.589375
	0	30	67.26812
	0	31	63.97656
	0	32	51.47815
	0	33	56.0357
	0	34	47.539455
	0	35	52.43091
	0	36	70.00714
	0	37	35.35534
	0	38	74.94665
	0	39	61.294373
	0	40	63.03174
	0	41	90.44335
	0	42	53.413483
	0	43	19.723083
	0	44	85.07056
	0	45	65.551506
	0	46	104.23531
	0	47	78.492035
	0	48	8.062258
	0	49	37.336308
	1	0	81.8352
	1	1	0.0
	1	2	24.04163
	1	3	32.24903
	1	4	80.622574
	1	5	32.24903
	1	6	14.764823
	1	7	4.472136
	1	8	34.785053
	1	9	57.070133
	1	10	43.908997
	1	11	44.407207
	1	12	38.013157
	1	13	11.313708
	1	14	90.75792
	1	15	79.05694
	1	16	80.60397
	1	17	66.0303
	1	18	41.109608
	1	19	90.697296
	1	20	90.73588
	1	21	37.802116
	1	22	64.56005
	1	23	22.803509
	1	24	22.135944
	1	25	95.80188
	1	26	27.658634
	1	27	81.400246
	1	28	84.00595
	1	29	44.14748
	1	30	15.231546
	1	31	37.65634
	1	32	43.185646
	1	33	66.189125
	1	34	52.23983
	1	35	34.928497
	1	36	52.34501
	1	37	70.83079
	1	38	27.89265
	1	39	24.166092
	1	40	67.08204
	1	41	25.942244
	1	42	32.280025
	1	43	77.00649
	1	44	48.414875
	1	45	88.56636
	1	46	28.284271
	1	47	10.29563
	1	48	88.814415
	1	49	78.64477
	2	0	63.505905
	2	1	24.04163
	2	2	0.0
	2	3	55.081757
	2	4	67.601776
	2	5	22.135944
	2	6	36.0
	2	7	27.45906
	2	8	56.142673
	2	9	37.589893
	2	10	21.213203
	2	11	56.938564
	2	12	17.0
	2	13	34.43835
	2	14	94.57801
	2	15	74.726166
	2	16	72.33948
	2	17	43.840622
	2	18	24.33105
	2	19	73.53911
	2	20	74.330345
	2	21	17.464249
	2	22	40.5216
	2	23	46.840153
	2	24	21.260292
	2	25	77.820305
	2	26	26.24881
	2	27	63.560993
	2	28	80.65358
	2	29	20.22375
	2	30	18.384777
	2	31	42.426407
	2	32	40.706264
	2	33	65.30697
	2	34	48.466484
	2	35	30.88689
	2	36	31.780497
	2	37	62.39391
	2	38	14.56022
	2	39	3.1622777
	2	40	68.60029
	2	41	46.270943
	2	42	27.784887
	2	43	55.17246
	2	44	61.400326
	2	45	87.46428
	2	46	52.17279
	2	47	28.071337
	2	48	71.17584
	2	49	70.34913
	3	0	102.41582
	3	1	32.24903
	3	2	55.081757
	3	3	0.0
	3	4	94.847244
	3	5	53.66563
	3	6	19.235384
	3	7	28.071337
	3	8	7.071068
	3	9	89.26926
	3	10	72.277245
	3	11	32.55764
	3	12	65.52099
	3	13	26.832815
	3	14	82.05486
	3	15	82.764725
	3	16	89.04493
	3	17	92.47703
	3	18	64.884514
	3	19	109.22454
	3	20	108.30051
	3	21	64.84597
	3	22	95.036835
	3	23	14.142136
	3	24	42.544094
	3	25	115.10864
	3	26	44.418465
	3	27	101.4002
	3	28	85.79627
	3	29	75.23962
	3	30	39.293766
	3	31	41.400482
	3	32	53.075417
	3	33	67.62396
	3	34	60.60528
	3	35	50.0
	3	36	84.59315
	3	37	80.80223
	3	38	60.016663
	3	39	54.33231
	3	40	65.14599
	3	41	12.0415945
	3	42	49.09175
	3	43	102.45975
	3	44	34.058773
	3	45	86.833176
	3	46	8.944272
	3	47	27.45906
	3	48	108.07405
	3	49	87.36704
	4	0	21.470911
	4	1	80.622574
	4	2	67.601776
	4	3	94.847244
	4	4	0.0
	4	5	48.703182
	4	6	80.70936
	4	7	80.49844
	4	8	90.52071
	4	9	88.32327
	4	10	52.34501
	4	11	69.339745
	4	12	52.009613
	4	13	91.235954
	4	14	62.169125
	4	15	29.427877
	4	16	16.763054
	4	17	42.190044
	4	18	43.289722
	4	19	19.026299
	4	20	16.27882
	4	21	51.0392
	4	22	63.529522
	4	23	96.519424
	4	24	58.60034
	4	25	25.179358
	4	26	53.712196
	4	27	19.235384
	4	28	34.48188
	4	29	64.93843
	4	30	65.39113
	4	31	53.75872
	4	32	41.773197
	4	33	37.85499
	4	34	34.828148
	4	35	46.647614
	4	36	82.46211
	4	37	16.763054
	4	38	81.154175
	4	39	64.77654
	4	40	44.72136
	4	41	82.87943
	4	42	48.76474
	4	43	39.623226
	4	44	71.693794
	4	45	44.27189
	4	46	98.40732
	4	47	74.793045
	4	48	20.09975
	4	49	16.27882
	5	0	50.20956
	5	1	32.24903
	5	2	22.135944
	5	3	53.66563
	5	4	48.703182
	5	5	0.0
	5	6	35.805027
	5	7	32.80244
	5	8	51.86521
	5	9	55.86591
	5	10	22.803509
	5	11	42.755116
	5	12	16.155495
	5	13	43.266617
	5	14	73.409805
	5	15	52.63079
	5	16	51.0
	5	17	39.293766
	5	18	11.401754
	5	19	58.60034
	5	20	58.5235
	5	21	14.866069
	5	22	47.07441
	5	23	50.990196
	5	24	11.401754
	5	25	63.89053
	5	26	10.049875
	5	27	49.57822
	5	28	58.5235
	5	29	32.449963
	5	30	17.20465
	5	31	24.698177
	5	32	19.209373
	5	33	43.416588
	5	34	26.400757
	5	35	10.0
	5	36	49.517673
	5	37	41.0
	5	38	36.687874
	5	39	18.973665
	5	40	47.201694
	5	41	42.154476
	5	42	7.615773
	5	43	48.8467
	5	44	47.07441
	5	45	65.39113
	5	46	54.405884
	5	47	28.319605
	5	48	56.85068
	5	49	49.0
	6	0	85.70297
	6	1	14.764823
	6	2	36.0
	6	3	19.235384
	6	4	80.70936
	6	5	35.805027
	6	6	0.0
	6	7	10.29563
	6	8	20.396078
	6	9	71.30919
	6	10	53.160137
	6	11	31.780497
	6	12	46.486557
	6	13	15.811388
	6	14	80.60397
	6	15	73.756355
	6	16	77.62087
	6	17	73.82411
	6	18	46.647614
	6	19	93.38094
	6	20	92.84934
	6	21	45.88028
	6	22	75.802376
	6	23	15.811388
	6	24	24.41311
	6	25	98.99495
	6	26	27.58623
	6	27	84.89994
	6	28	77.92946
	6	29	56.0803
	6	30	20.248457
	6	31	30.594116
	6	32	39.812057
	6	33	59.5399
	6	34	48.466484
	6	35	34.20526
	6	36	66.287254
	6	37	68.44706
	6	38	42.379242
	6	39	35.128338
	6	40	59.008472
	6	41	11.18034
	6	42	32.55764
	6	43	84.118965
	6	44	35.35534
	6	45	81.055534
	6	46	18.601076
	6	47	8.246211
	6	48	91.92388
	6	49	75.76939
	7	0	82.87943
	7	1	4.472136
	7	2	27.45906
	7	3	28.071337
	7	4	80.49844
	7	5	32.80244
	7	6	10.29563
	7	7	0.0
	7	8	30.364452
	7	9	61.39218
	7	10	46.518814
	7	11	40.496914
	7	12	40.311287
	7	13	10.770329
	7	14	87.64131
	7	15	77.31753
	7	16	79.555016
	7	17	68.26419
	7	18	42.44997
	7	19	91.400215
	7	20	91.26335
	7	21	39.962482
	7	22	67.911705
	7	23	19.697716
	7	24	21.954498
	7	25	96.67471
	7	26	26.925823
	7	27	82.32861
	7	28	82.05486
	7	29	47.67599
	7	30	15.6205
	7	31	35.128338
	7	32	41.773197
	7	33	64.00781
	7	34	50.803543
	7	35	34.176014
	7	36	56.568542
	7	37	69.92139
	7	38	32.280025
	7	39	27.202942
	7	40	64.49806
	7	41	21.470911
	7	42	31.780497
	7	43	79.05694
	7	44	44.407207
	7	45	86.209045
	7	46	24.738634
	7	47	7.071068
	7	48	89.64374
	7	49	77.62087
	8	0	99.32271
	8	1	34.785053
	8	2	56.142673
	8	3	7.071068
	8	4	90.52071
	8	5	51.86521
	8	6	20.396078
	8	7	30.364452
	8	8	0.0
	8	9	91.67879
	8	10	71.84706
	8	11	25.96151
	8	12	64.93843
	8	13	31.400637
	8	14	75.10659
	8	15	76.941536
	8	16	83.81527
	8	17	91.09336
	8	18	63.245552
	8	19	105.60303
	8	20	104.48445
	8	21	64.132675
	8	22	95.257545
	8	23	20.248457
	8	24	41.231056
	8	25	111.60645
	8	26	42.154476
	8	27	98.1835
	8	28	79.70571
	8	29	76.00658
	8	30	39.115215
	8	31	36.769554
	8	32	48.9183
	8	33	61.7171
	8	34	55.9017
	8	35	47.010635
	8	36	86.683334
	8	37	75.9276
	8	38	62.641838
	8	39	55.00909
	8	40	58.872746
	8	41	10.049875
	8	42	46.518814
	8	43	100.65784
	8	44	27.166155
	8	45	80.36168
	8	46	15.811388
	8	47	28.071337
	8	48	104.62313
	8	49	82.20097
	9	0	75.16648
	9	1	57.070133
	9	2	37.589893
	9	3	89.26926
	9	4	88.32327
	9	5	55.86591
	9	6	71.30919
	9	7	61.39218
	9	8	91.67879
	9	9	0.0
	9	10	37.589893
	9	11	94.51455
	9	12	41.400482
	9	13	64.070274
	9	14	128.97287
	9	15	104.44616
	9	16	98.48858
	9	17	49.0408
	9	18	51.0392
	9	19	86.145226
	9	20	88.362885
	9	21	42.80187
	9	22	29.614185
	9	23	78.160095
	9	24	58.5235
	9	25	88.005684
	9	26	62.801273
	9	27	76.321686
	9	28	110.788086
	9	29	24.698177
	9	30	55.9017
	9	31	79.20227
	9	32	74.96666
	9	33	98.23441
	9	34	81.055534
	9	35	65.795135
	9	36	6.4031243
	9	37	89.44272
	9	38	29.274563
	9	39	39.962482
	9	40	102.7278
	9	41	82.28001
	9	42	63.03174
	9	43	58.21512
	9	44	98.9798
	9	45	118.98319
	9	46	84.29116
	9	47	64.195015
	9	48	83.09633
	9	49	96.66437
	10	0	43.965897
	10	1	43.908997
	10	2	21.213203
	10	3	72.277245
	10	4	52.34501
	10	5	22.803509
	10	6	53.160137
	10	7	46.518814
	10	8	71.84706
	10	9	37.589893
	10	10	0.0
	10	11	65.51336
	10	12	7.0
	10	13	54.91812
	10	14	92.65527
	10	15	66.88796
	10	16	61.09828
	10	17	22.627417
	10	18	14.21267
	10	19	54.571056
	10	20	55.9017
	10	21	8.062258
	10	22	24.33105
	10	23	66.211784
	10	24	31.016125
	10	25	58.189346
	10	26	32.38827
	10	27	44.38468
	10	28	73.24616
	10	29	13.0
	10	30	32.984844
	10	31	47.434166
	10	32	39.962482
	10	33	61.522354
	10	34	44.598206
	10	35	32.31099
	10	36	31.304953
	10	37	51.894123
	10	38	31.016125
	10	39	20.0
	10	40	66.6033
	10	41	61.81424
	10	42	30.364452
	10	43	33.970577
	10	44	69.856995
	10	45	81.608826
	10	46	70.93659
	10	47	44.922153
	10	48	51.92302
	10	49	59.236813
	11	0	81.9329
	11	1	44.407207
	11	2	56.938564
	11	3	32.55764
	11	4	69.339745
	11	5	42.755116
	11	6	31.780497
	11	7	40.496914
	11	8	25.96151
	11	9	94.51455
	11	10	65.51336
	11	11	0.0
	11	12	58.694122
	11	13	47.539455
	11	14	50.08992
	11	15	51.86521
	11	16	60.108234
	11	17	80.024994
	11	18	53.235325
	11	19	86.313385
	11	20	84.59905
	11	21	57.48913
	11	22	89.822044
	11	23	42.190044
	11	24	36.249138
	11	25	92.574295
	11	26	33.24154
	11	27	80.411446
	11	28	54.120235
	11	29	73.736015
	11	30	38.832977
	11	31	19.026299
	11	32	30.805843
	11	33	36.619667
	11	34	34.88553
	11	35	34.058773
	11	36	88.588936
	11	37	53.413483
	11	38	68.24954
	11	39	54.589375
	11	40	33.105892
	11	41	24.186773
	11	42	35.35534
	11	43	87.69264
	11	44	4.472136
	11	45	54.405884
	11	46	40.04997
	11	47	34.20526
	11	48	85.90693
	11	49	58.694122
	12	0	46.518814
	12	1	38.013157
	12	2	17.0
	12	3	65.52099
	12	4	52.009613
	12	5	16.155495
	12	6	46.486557
	12	7	40.311287
	12	8	64.93843
	12	9	41.400482
	12	10	7.0
	12	11	58.694122
	12	12	0.0
	12	13	49.20366
	12	14	87.72685
	12	15	63.505905
	12	16	58.940647
	12	17	28.01785
	12	18	9.848858
	12	19	56.648037
	12	20	57.567352
	12	21	1.4142135
	12	22	31.257
	12	23	59.94164
	12	24	24.020824
	12	25	60.835846
	12	26	25.495098
	12	27	46.615448
	12	28	69.77106
	12	29	16.970562
	12	30	26.24881
	12	31	40.853397
	12	32	34.20526
	12	33	56.85068
	12	34	39.698868
	12	35	25.942244
	12	36	35.0
	12	37	49.335587
	12	38	29.274563
	12	39	15.0
	12	40	61.522354
	12	41	54.91812
	12	42	23.769728
	12	43	39.051247
	12	44	63.06346
	12	45	77.698135
	12	46	64.4748
	12	47	38.27532
	12	48	54.230988
	12	49	57.00877
	13	0	93.08598
	13	1	11.313708
	13	2	34.43835
	13	3	26.832815
	13	4	91.235954
	13	5	43.266617
	13	6	15.811388
	13	7	10.770329
	13	8	31.400637
	13	9	64.070274
	13	10	54.91812
	13	11	47.539455
	13	12	49.20366
	13	13	0.0
	13	14	96.317184
	13	15	87.69264
	13	16	90.24966
	13	17	77.201035
	13	18	52.40229
	13	19	101.8332
	13	20	101.788994
	13	21	49.0408
	13	22	74.672615
	13	23	14.142136
	13	24	32.649654
	13	25	107.00467
	13	26	37.696156
	13	27	92.61749
	13	28	92.26592
	13	29	54.08327
	13	30	26.076809
	13	31	45.01111
	13	32	52.392746
	13	33	74.06078
	13	34	61.39218
	13	35	44.94441
	13	36	60.033325
	13	37	80.65358
	13	38	35.014282
	13	39	34.98571
	13	40	74.10803
	13	41	25.0
	13	42	42.544094
	13	43	88.23831
	13	44	50.990196
	13	45	96.02083
	13	46	20.396078
	13	47	17.262676
	13	48	100.0
	13	49	88.32327
	14	0	82.96987
	14	1	90.75792
	14	2	94.57801
	14	3	82.05486
	14	4	62.169125
	14	5	73.409805
	14	6	80.60397
	14	7	87.64131
	14	8	75.10659
	14	9	128.97287
	14	10	92.65527
	14	11	50.08992
	14	12	87.72685
	14	13	96.317184
	14	14	0.0
	14	15	32.75668
	14	16	45.54119
	14	17	95.880135
	14	18	78.492035
	14	19	80.75271
	14	20	77.52419
	14	21	86.313385
	14	22	113.600174
	14	23	92.26592
	14	24	74.30343
	14	25	86.46965
	14	26	68.60029
	14	27	80.77747
	14	28	28.071337
	14	29	104.69002
	14	30	80.05623
	14	31	53.712196
	14	32	54.20332
	14	33	31.241
	14	34	48.08326
	14	35	63.82006
	14	36	122.57651
	14	37	48.104053
	14	38	108.55874
	14	39	91.525955
	14	40	26.24881
	14	41	74.24284
	14	42	66.85058
	14	43	98.08669
	14	44	48.010414
	14	45	19.104973
	14	46	90.005554
	14	47	80.65358
	14	48	82.20097
	14	49	45.891174
	15	0	50.289165
	15	1	79.05694
	15	2	74.726166
	15	3	82.764725
	15	4	29.427877
	15	5	52.63079
	15	6	73.756355
	15	7	77.31753
	15	8	76.941536
	15	9	104.44616
	15	10	66.88796
	15	11	51.86521
	15	12	63.505905
	15	13	87.69264
	15	14	32.75668
	15	15	0.0
	15	16	13.0
	15	17	65.43699
	15	18	53.66563
	15	19	48.166378
	15	20	45.044422
	15	21	62.169125
	15	22	84.8646
	15	23	88.60023
	15	24	58.137768
	15	25	54.037025
	15	26	52.086468
	15	27	48.08326
	15	28	6.4031243
	15	29	79.755875
	15	30	65.06919
	15	31	43.174065
	15	32	36.013885
	15	33	15.264338
	15	34	27.073973
	15	35	45.276924
	15	36	98.11218
	15	37	16.40122
	15	38	89.28606
	15	39	71.568146
	15	40	19.849434
	15	41	71.867935
	15	42	48.373547
	15	43	66.24198
	15	44	52.63079
	15	45	15.811388
	15	46	88.60023
	15	47	70.45566
	15	48	49.497475
	15	49	13.152946
	16	0	38.078865
	16	1	80.60397
	16	2	72.33948
	16	3	89.04493
	16	4	16.763054
	16	5	51.0
	16	6	77.62087
	16	7	79.555016
	16	8	83.81527
	16	9	98.48858
	16	10	61.09828
	16	11	60.108234
	16	12	58.940647
	16	13	90.24966
	16	14	45.54119
	16	15	13.0
	16	16	0.0
	16	17	55.9017
	16	18	49.24429
	16	19	35.22783
	16	20	32.06244
	16	21	57.72348
	16	22	76.40026
	16	23	93.10747
	16	24	58.694122
	16	25	41.04875
	16	26	52.95281
	16	27	35.846897
	16	28	17.720045
	16	29	74.094536
	16	30	65.76473
	16	31	47.88528
	16	32	37.94733
	16	33	24.698177
	16	34	29.15476
	16	35	45.705578
	16	36	92.309265
	16	37	10.0
	16	38	86.70064
	16	39	69.260376
	16	40	30.870699
	16	41	77.52419
	16	42	48.507732
	16	43	55.21775
	16	44	61.6198
	16	45	27.513634
	16	46	93.941475
	16	47	73.082146
	16	48	36.67424
	16	49	2.0
	17	0	26.172504
	17	1	66.0303
	17	2	43.840622
	17	3	92.47703
	17	4	42.190044
	17	5	39.293766
	17	6	73.82411
	17	7	68.26419
	17	8	91.09336
	17	9	49.0408
	17	10	22.627417
	17	11	80.024994
	17	12	28.01785
	17	13	77.201035
	17	14	95.880135
	17	15	65.43699
	17	16	55.9017
	17	17	0.0
	17	18	27.89265
	17	19	37.12142
	17	20	39.45884
	17	21	28.301943
	17	22	21.540659
	17	23	87.81799
	17	24	49.979996
	17	25	39.115215
	17	26	49.24429
	17	27	27.45906
	17	28	71.70077
	17	29	30.083218
	17	30	53.66563
	17	31	61.008198
	17	32	50.24938
	17	33	65.30697
	17	34	50.96077
	17	35	46.173584
	17	36	44.04543
	17	37	49.0408
	17	38	52.478565
	17	39	42.520584
	17	40	71.693794
	17	41	81.27115
	17	42	45.54119
	17	43	11.401754
	17	44	84.0
	17	45	81.21576
	17	46	92.13034
	17	47	65.74192
	17	48	34.058773
	17	49	54.451813
	18	0	40.804413
	18	1	41.109608
	18	2	24.33105
	18	3	64.884514
	18	4	43.289722
	18	5	11.401754
	18	6	46.647614
	18	7	42.44997
	18	8	63.245552
	18	9	51.0392
	18	10	14.21267
	18	11	53.235325
	18	12	9.848858
	18	13	52.40229
	18	14	78.492035
	18	15	53.66563
	18	16	49.24429
	18	17	27.89265
	18	18	0.0
	18	19	50.119858
	18	20	50.566788
	18	21	8.5440035
	18	22	37.336308
	18	23	61.400326
	18	24	22.36068
	18	25	54.91812
	18	26	21.377558
	18	27	40.496914
	18	28	59.94164
	18	29	26.400757
	18	30	27.018513
	18	31	34.525352
	18	32	25.942244
	18	33	47.423622
	18	34	30.413813
	18	35	19.235384
	18	36	44.65423
	18	37	39.56008
	18	38	38.0
	18	39	21.587032
	18	40	52.40229
	18	41	53.488316
	18	42	18.0
	18	43	37.576588
	18	44	57.428215
	18	45	67.95587
	18	46	65.192024
	18	47	38.832977
	18	48	48.02083
	18	49	47.296936
	19	0	11.0
	19	1	90.697296
	19	2	73.53911
	19	3	109.22454
	19	4	19.026299
	19	5	58.60034
	19	6	93.38094
	19	7	91.400215
	19	8	105.60303
	19	9	86.145226
	19	10	54.571056
	19	11	86.313385
	19	12	56.648037
	19	13	101.8332
	19	14	80.75271
	19	15	48.166378
	19	16	35.22783
	19	17	37.12142
	19	18	50.119858
	19	19	0.0
	19	20	3.6055512
	19	21	56.0803
	19	22	58.0517
	19	23	109.041275
	19	24	69.656296
	19	25	6.3245554
	19	26	65.795135
	19	27	10.198039
	19	28	52.773098
	19	29	65.490456
	19	30	75.802376
	19	31	69.339745
	19	32	56.859474
	19	33	56.718605
	19	34	51.42956
	19	35	59.413803
	19	36	81.00617
	19	37	35.510563
	19	38	85.44004
	19	39	71.17584
	19	40	63.63961
	19	41	97.18539
	19	42	60.827625
	19	43	29.732138
	19	44	89.050545
	19	45	62.369865
	19	46	111.72287
	19	47	86.55634
	19	48	3.1622777
	19	49	35.057095
	20	0	13.341664
	20	1	90.73588
	20	2	74.330345
	20	3	108.30051
	20	4	16.27882
	20	5	58.5235
	20	6	92.84934
	20	7	91.26335
	20	8	104.48445
	20	9	88.362885
	20	10	55.9017
	20	11	84.59905
	20	12	57.567352
	20	13	101.788994
	20	14	77.52419
	20	15	45.044422
	20	16	32.06244
	20	17	39.45884
	20	18	50.566788
	20	19	3.6055512
	20	20	0.0
	20	21	56.920998
	20	22	60.63827
	20	23	108.57716
	20	24	69.40461
	20	25	9.0
	20	26	65.29931
	20	27	12.0415945
	20	28	49.497475
	20	29	67.18631
	20	30	75.716576
	20	31	68.007355
	20	32	55.605755
	20	33	54.129475
	20	34	49.73932
	20	35	58.728188
	20	36	83.09633
	20	37	32.984844
	20	38	86.58522
	20	39	71.867935
	20	40	61.0
	20	41	96.26006
	20	42	60.307545
	20	43	32.695564
	20	44	87.20665
	20	45	59.03389
	20	46	111.07205
	20	47	86.21485
	20	48	6.4031243
	20	49	32.0
	21	0	46.06517
	21	1	37.802116
	21	2	17.464249
	21	3	64.84597
	21	4	51.0392
	21	5	14.866069
	21	6	45.88028
	21	7	39.962482
	21	8	64.132675
	21	9	42.80187
	21	10	8.062258
	21	11	57.48913
	21	12	1.4142135
	21	13	49.0408
	21	14	86.313385
	21	15	62.169125
	21	16	57.72348
	21	17	28.301943
	21	18	8.5440035
	21	19	56.0803
	21	20	56.920998
	21	21	0.0
	21	22	32.38827
	21	23	59.5399
	21	24	23.086792
	21	25	60.373837
	21	26	24.33105
	21	27	46.09772
	21	28	68.42514
	21	29	18.384777
	21	30	25.632011
	21	31	39.56008
	21	32	32.80244
	21	33	55.443665
	21	34	38.28838
	21	35	24.596748
	21	36	36.40055
	21	37	48.08326
	21	38	30.149628
	21	39	15.264338
	21	40	60.108234
	21	41	54.129475
	21	42	22.472204
	21	43	39.20459
	21	44	61.846584
	21	45	76.321686
	21	46	63.97656
	21	47	37.696156
	21	48	53.712196
	21	49	55.7853
	22	0	47.296936
	22	1	64.56005
	22	2	40.5216
	22	3	95.036835
	22	4	63.529522
	22	5	47.07441
	22	6	75.802376
	22	7	67.911705
	22	8	95.257545
	22	9	29.614185
	22	10	24.33105
	22	11	89.822044
	22	12	31.257
	22	13	74.672615
	22	14	113.600174
	22	15	84.8646
	22	16	76.40026
	22	17	21.540659
	22	18	37.336308
	22	19	58.0517
	22	20	60.63827
	22	21	32.38827
	22	22	0.0
	22	23	87.36132
	22	24	55.081757
	22	25	59.211487
	22	26	56.718605
	22	27	48.76474
	22	28	91.24144
	22	29	20.615528
	22	30	56.142673
	22	31	71.568146
	22	32	63.15853
	22	33	82.419655
	22	34	66.37017
	22	35	56.32051
	22	36	26.0
	22	37	68.68042
	22	38	43.011627
	22	39	40.792156
	22	40	88.20431
	22	41	85.2115
	22	42	54.571056
	22	43	29.017237
	22	44	94.14882
	22	45	100.41912
	22	46	92.64988
	22	47	67.601776
	22	48	54.91812
	22	49	74.8131
	23	0	101.13852
	23	1	22.803509
	23	2	46.840153
	23	3	14.142136
	23	4	96.519424
	23	5	50.990196
	23	6	15.811388
	23	7	19.697716
	23	8	20.248457
	23	9	78.160095
	23	10	66.211784
	23	11	42.190044
	23	12	59.94164
	23	13	14.142136
	23	14	92.26592
	23	15	88.60023
	23	16	93.10747
	23	17	87.81799
	23	18	61.400326
	23	19	109.041275
	23	20	108.57716
	23	21	59.5399
	23	22	87.36132
	23	23	0.0
	23	24	39.623226
	23	25	114.58621
	23	26	43.27817
	23	27	100.409164
	23	28	92.417534
	23	29	66.94027
	23	30	34.4093
	23	31	45.54119
	23	32	55.470715
	23	33	73.97973
	23	34	63.97656
	23	35	50.0
	23	36	74.0
	23	37	84.07735
	23	38	49.010204
	23	39	46.818798
	23	40	72.691124
	23	41	18.027756
	23	42	48.270073
	23	43	98.478424
	23	44	44.72136
	23	45	94.76286
	23	46	6.3245554
	23	47	22.671568
	23	48	107.51744
	23	49	91.28527
	24	0	61.522354
	24	1	22.135944
	24	2	21.260292
	24	3	42.544094
	24	4	58.60034
	24	5	11.401754
	24	6	24.41311
	24	7	21.954498
	24	8	41.231056
	24	9	58.5235
	24	10	31.016125
	24	11	36.249138
	24	12	24.020824
	24	13	32.649654
	24	14	74.30343
	24	15	58.137768
	24	16	58.694122
	24	17	49.979996
	24	18	22.36068
	24	19	69.656296
	24	20	69.40461
	24	21	23.086792
	24	22	55.081757
	24	23	39.623226
	24	24	0.0
	24	25	75.073296
	24	26	6.0827627
	24	27	60.827625
	24	28	63.505905
	24	29	37.64306
	24	30	7.071068
	24	31	21.260292
	24	32	22.203604
	24	33	46.572525
	24	34	31.06445
	24	35	13.038404
	24	36	52.478565
	24	37	48.83646
	24	38	34.4093
	24	39	18.601076
	24	40	48.8467
	24	41	31.320919
	24	42	10.198039
	24	43	59.933296
	24	44	40.718548
	24	45	69.12308
	24	46	43.011627
	24	47	16.970562
	24	48	68.0147
	24	49	56.718605
	25	0	14.3178215
	25	1	95.80188
	25	2	77.820305
	25	3	115.10864
	25	4	25.179358
	25	5	63.89053
	25	6	98.99495
	25	7	96.67471
	25	8	111.60645
	25	9	88.005684
	25	10	58.189346
	25	11	92.574295
	25	12	60.835846
	25	13	107.00467
	25	14	86.46965
	25	15	54.037025
	25	16	41.04875
	25	17	39.115215
	25	18	54.91812
	25	19	6.3245554
	25	20	9.0
	25	21	60.373837
	25	22	59.211487
	25	23	114.58621
	25	24	75.073296
	25	25	0.0
	25	26	71.42129
	25	27	14.422205
	25	28	58.420887
	25	29	68.44706
	25	30	81.055534
	25	31	75.47185
	25	32	62.968246
	25	33	62.968246
	25	34	57.697487
	25	35	65.192024
	25	36	83.15047
	25	37	41.773197
	25	38	89.19641
	25	39	75.591
	25	40	69.87131
	25	41	103.077644
	25	42	66.48308
	25	43	30.265491
	25	44	95.34149
	25	45	67.89698
	25	46	117.413795
	25	47	92.021736
	25	48	7.071068
	25	49	41.0
	26	0	58.258045
	26	1	27.658634
	26	2	26.24881
	26	3	44.418465
	26	4	53.712196
	26	5	10.049875
	26	6	27.58623
	26	7	26.925823
	26	8	42.154476
	26	9	62.801273
	26	10	32.38827
	26	11	33.24154
	26	12	25.495098
	26	13	37.696156
	26	14	68.60029
	26	15	52.086468
	26	16	52.95281
	26	17	49.24429
	26	18	21.377558
	26	19	65.795135
	26	20	65.29931
	26	21	24.33105
	26	22	56.718605
	26	23	43.27817
	26	24	6.0827627
	26	25	71.42129
	26	26	0.0
	26	27	57.384666
	26	28	57.428215
	26	29	40.718548
	26	30	13.0
	26	31	16.40122
	26	32	16.124516
	26	33	40.5216
	26	34	25.019993
	26	35	7.28011
	26	36	56.61272
	26	37	43.174065
	26	38	39.962482
	26	39	23.345236
	26	40	42.953465
	26	41	32.649654
	26	42	5.0
	26	43	58.5235
	26	44	37.64306
	26	45	63.06346
	26	46	46.010868
	26	47	21.095022
	26	48	64.3506
	26	49	50.990196
	27	0	2.236068
	27	1	81.400246
	27	2	63.560993
	27	3	101.4002
	27	4	19.235384
	27	5	49.57822
	27	6	84.89994
	27	7	82.32861
	27	8	98.1835
	27	9	76.321686
	27	10	44.38468
	27	11	80.411446
	27	12	46.615448
	27	13	92.61749
	27	14	80.77747
	27	15	48.08326
	27	16	35.846897
	27	17	27.45906
	27	18	40.496914
	27	19	10.198039
	27	20	12.0415945
	27	21	46.09772
	27	22	48.76474
	27	23	100.409164
	27	24	60.827625
	27	25	14.422205
	27	26	57.384666
	27	27	0.0
	27	28	53.488316
	27	29	55.326305
	27	30	66.70832
	27	31	62.609905
	27	32	50.08992
	27	33	54.00926
	27	34	45.88028
	27	35	51.40039
	27	36	71.063354
	27	37	33.24154
	27	38	75.28612
	27	39	61.269894
	27	40	61.008198
	27	41	89.40358
	27	42	52.49762
	27	43	21.633308
	27	44	83.48653
	27	45	63.324562
	27	46	103.392456
	27	47	77.7946
	27	48	7.615773
	27	49	35.1141
	28	0	55.713554
	28	1	84.00595
	28	2	80.65358
	28	3	85.79627
	28	4	34.48188
	28	5	58.5235
	28	6	77.92946
	28	7	82.05486
	28	8	79.70571
	28	9	110.788086
	28	10	73.24616
	28	11	54.120235
	28	12	69.77106
	28	13	92.26592
	28	14	28.071337
	28	15	6.4031243
	28	16	17.720045
	28	17	71.70077
	28	18	59.94164
	28	19	52.773098
	28	20	49.497475
	28	21	68.42514
	28	22	91.24144
	28	23	92.417534
	28	24	63.505905
	28	25	58.420887
	28	26	57.428215
	28	27	53.488316
	28	28	0.0
	28	29	86.09297
	28	30	70.34913
	28	31	47.38143
	28	32	41.303753
	28	33	18.439089
	28	34	32.55764
	28	35	50.803543
	28	36	104.44616
	28	37	22.671568
	28	38	95.2103
	28	39	77.491936
	28	40	21.095022
	28	41	75.28612
	28	42	53.935146
	28	43	72.20111
	28	44	54.378304
	28	45	9.848858
	28	46	92.0489
	28	47	75.10659
	28	48	54.34151
	28	49	18.384777
	29	0	54.589375
	29	1	44.14748
	29	2	20.22375
	29	3	75.23962
	29	4	64.93843
	29	5	32.449963
	29	6	56.0803
	29	7	47.67599
	29	8	76.00658
	29	9	24.698177
	29	10	13.0
	29	11	73.736015
	29	12	16.970562
	29	13	54.08327
	29	14	104.69002
	29	15	79.755875
	29	16	74.094536
	29	17	30.083218
	29	18	26.400757
	29	19	65.490456
	29	20	67.18631
	29	21	18.384777
	29	22	20.615528
	29	23	66.94027
	29	24	37.64306
	29	25	68.44706
	29	26	40.718548
	29	27	55.326305
	29	28	86.09297
	29	29	0.0
	29	30	37.215588
	29	31	56.82429
	29	32	51.088158
	29	33	73.756355
	29	34	56.63921
	29	35	42.43819
	29	36	18.35756
	29	37	64.884514
	29	38	23.345236
	29	39	21.0
	29	40	78.492035
	29	41	66.0303
	29	42	39.962482
	29	43	41.14608
	29	44	78.18568
	29	45	94.302704
	29	46	72.36712
	29	47	48.010414
	29	48	62.649822
	29	49	72.235725
	30	0	67.26812
	30	1	15.231546
	30	2	18.384777
	30	3	39.293766
	30	4	65.39113
	30	5	17.20465
	30	6	20.248457
	30	7	15.6205
	30	8	39.115215
	30	9	55.9017
	30	10	32.984844
	30	11	38.832977
	30	12	26.24881
	30	13	26.076809
	30	14	80.05623
	30	15	65.06919
	30	16	65.76473
	30	17	53.66563
	30	18	27.018513
	30	19	75.802376
	30	20	75.716576
	30	21	25.632011
	30	22	56.142673
	30	23	34.4093
	30	24	7.071068
	30	25	81.055534
	30	26	13.0
	30	27	66.70832
	30	28	70.34913
	30	29	37.215588
	30	30	0.0
	30	31	26.41969
	30	32	29.068884
	30	33	53.15073
	30	34	38.013157
	30	35	20.09975
	30	36	50.159744
	30	37	55.9017
	30	38	29.698484
	30	39	16.492422
	30	40	55.027267
	30	41	29.068884
	30	42	17.262676
	30	43	64.14047
	30	44	43.266617
	30	45	75.70998
	30	46	38.470768
	30	47	12.083046
	30	48	74.02702
	30	49	63.788715
	31	0	63.97656
	31	1	37.65634
	31	2	42.426407
	31	3	41.400482
	31	4	53.75872
	31	5	24.698177
	31	6	30.594116
	31	7	35.128338
	31	8	36.769554
	31	9	79.20227
	31	10	47.434166
	31	11	19.026299
	31	12	40.853397
	31	13	45.01111
	31	14	53.712196
	31	15	43.174065
	31	16	47.88528
	31	17	61.008198
	31	18	34.525352
	31	19	69.339745
	31	20	68.007355
	31	21	39.56008
	31	22	71.568146
	31	23	45.54119
	31	24	21.260292
	31	25	75.47185
	31	26	16.40122
	31	27	62.609905
	31	28	47.38143
	31	29	56.82429
	31	30	26.41969
	31	31	0.0
	31	32	12.529964
	31	33	29.068884
	31	34	19.209373
	31	35	15.297058
	31	36	73.00685
	31	37	39.40812
	31	38	55.605755
	31	39	39.623226
	31	40	29.427877
	31	41	29.681644
	31	42	17.088007
	31	43	68.73136
	31	44	23.021729
	31	45	51.088158
	31	46	46.06517
	31	47	28.071337
	31	48	68.60029
	31	49	46.141087
	32	0	51.47815
	32	1	43.185646
	32	2	40.706264
	32	3	53.075417
	32	4	41.773197
	32	5	19.209373
	32	6	39.812057
	32	7	41.773197
	32	8	48.9183
	32	9	74.96666
	32	10	39.962482
	32	11	30.805843
	32	12	34.20526
	32	13	52.392746
	32	14	54.20332
	32	15	36.013885
	32	16	37.94733
	32	17	50.24938
	32	18	25.942244
	32	19	56.859474
	32	20	55.605755
	32	21	32.80244
	32	22	63.15853
	32	23	55.470715
	32	24	22.203604
	32	25	62.968246
	32	26	16.124516
	32	27	50.08992
	32	28	41.303753
	32	29	51.088158
	32	30	29.068884
	32	31	12.529964
	32	32	0.0
	32	33	24.698177
	32	34	9.055386
	32	35	9.848858
	32	36	68.593
	32	37	28.635643
	32	38	55.03635
	32	39	37.589893
	32	40	28.01785
	32	41	41.109608
	32	42	13.0
	32	43	57.14018
	32	44	34.36568
	32	45	47.127487
	32	46	56.859474
	32	47	35.17101
	32	48	56.0803
	32	49	36.05551
	33	0	56.0357
	33	1	66.189125
	33	2	65.30697
	33	3	67.62396
	33	4	37.85499
	33	5	43.416588
	33	6	59.5399
	33	7	64.00781
	33	8	61.7171
	33	9	98.23441
	33	10	61.522354
	33	11	36.619667
	33	12	56.85068
	33	13	74.06078
	33	14	31.241
	33	15	15.264338
	33	16	24.698177
	33	17	65.30697
	33	18	47.423622
	33	19	56.718605
	33	20	54.129475
	33	21	55.443665
	33	22	82.419655
	33	23	73.97973
	33	24	46.572525
	33	25	62.968246
	33	26	40.5216
	33	27	54.00926
	33	28	18.439089
	33	29	73.756355
	33	30	53.15073
	33	31	29.068884
	33	32	24.698177
	33	33	0.0
	33	34	17.20465
	33	35	34.539833
	33	36	91.83137
	33	37	21.213203
	33	38	79.70571
	33	39	62.169125
	33	40	7.0
	33	41	56.920998
	33	42	37.696156
	33	43	68.68042
	33	44	37.536648
	33	45	22.561028
	33	46	73.68175
	33	47	57.0
	33	48	57.31492
	33	49	23.70654
	34	0	47.539455
	34	1	52.23983
	34	2	48.466484
	34	3	60.60528
	34	4	34.828148
	34	5	26.400757
	34	6	48.466484
	34	7	50.803543
	34	8	55.9017
	34	9	81.055534
	34	10	44.598206
	34	11	34.88553
	34	12	39.698868
	34	13	61.39218
	34	14	48.08326
	34	15	27.073973
	34	16	29.15476
	34	17	50.96077
	34	18	30.413813
	34	19	51.42956
	34	20	49.73932
	34	21	38.28838
	34	22	66.37017
	34	23	63.97656
	34	24	31.06445
	34	25	57.697487
	34	26	25.019993
	34	27	45.88028
	34	28	32.55764
	34	29	56.63921
	34	30	38.013157
	34	31	19.209373
	34	32	9.055386
	34	33	17.20465
	34	34	0.0
	34	35	18.248287
	34	36	74.65253
	34	37	20.248457
	34	38	62.968246
	34	39	45.310043
	34	40	22.022715
	34	41	48.82622
	34	42	21.377558
	34	43	56.22277
	34	44	37.696156
	34	45	39.0
	34	46	65.0
	34	47	44.14748
	34	48	51.078373
	34	49	27.313
	35	0	52.43091
	35	1	34.928497
	35	2	30.88689
	35	3	50.0
	35	4	46.647614
	35	5	10.0
	35	6	34.20526
	35	7	34.176014
	35	8	47.010635
	35	9	65.795135
	35	10	32.31099
	35	11	34.058773
	35	12	25.942244
	35	13	44.94441
	35	14	63.82006
	35	15	45.276924
	35	16	45.705578
	35	17	46.173584
	35	18	19.235384
	35	19	59.413803
	35	20	58.728188
	35	21	24.596748
	35	22	56.32051
	35	23	50.0
	35	24	13.038404
	35	25	65.192024
	35	26	7.28011
	35	27	51.40039
	35	28	50.803543
	35	29	42.43819
	35	30	20.09975
	35	31	15.297058
	35	32	9.848858
	35	33	34.539833
	35	34	18.248287
	35	35	0.0
	35	36	59.464275
	35	37	35.902645
	35	38	45.188496
	35	39	27.784887
	35	40	37.735924
	35	41	38.013157
	35	42	3.1622777
	35	43	54.571056
	35	44	38.209946
	35	45	56.920998
	35	46	52.34501
	35	47	28.178005
	35	48	58.137768
	35	49	43.737854
	36	0	70.00714
	36	1	52.34501
	36	2	31.780497
	36	3	84.59315
	36	4	82.46211
	36	5	49.517673
	36	6	66.287254
	36	7	56.568542
	36	8	86.683334
	36	9	6.4031243
	36	10	31.304953
	36	11	88.588936
	36	12	35.0
	36	13	60.033325
	36	14	122.57651
	36	15	98.11218
	36	16	92.309265
	36	17	44.04543
	36	18	44.65423
	36	19	81.00617
	36	20	83.09633
	36	21	36.40055
	36	22	26.0
	36	23	74.0
	36	24	52.478565
	36	25	83.15047
	36	26	56.61272
	36	27	71.063354
	36	28	104.44616
	36	29	18.35756
	36	30	50.159744
	36	31	73.00685
	36	32	68.593
	36	33	91.83137
	36	34	74.65253
	36	35	59.464275
	36	36	0.0
	36	37	83.19255
	36	38	25.019993
	36	39	34.0
	36	40	96.332756
	36	41	77.12976
	36	42	56.727417
	36	43	53.75872
	36	44	93.05912
	36	45	112.60551
	36	46	80.024994
	36	47	58.940647
	36	48	78.0
	36	49	90.47099
	37	0	35.35534
	37	1	70.83079
	37	2	62.39391
	37	3	80.80223
	37	4	16.763054
	37	5	41.0
	37	6	68.44706
	37	7	69.92139
	37	8	75.9276
	37	9	89.44272
	37	10	51.894123
	37	11	53.413483
	37	12	49.335587
	37	13	80.65358
	37	14	48.104053
	37	15	16.40122
	37	16	10.0
	37	17	49.0408
	37	18	39.56008
	37	19	35.510563
	37	20	32.984844
	37	21	48.08326
	37	22	68.68042
	37	23	84.07735
	37	24	48.83646
	37	25	41.773197
	37	26	43.174065
	37	27	33.24154
	37	28	22.671568
	37	29	64.884514
	37	30	55.9017
	37	31	39.40812
	37	32	28.635643
	37	33	21.213203
	37	34	20.248457
	37	35	35.902645
	37	36	83.19255
	37	37	0.0
	37	38	76.79192
	37	39	59.3043
	37	40	28.160255
	37	41	69.065186
	37	42	38.63936
	37	43	50.08992
	37	44	55.470715
	37	45	32.202484
	37	46	85.23497
	37	47	63.56886
	37	48	36.124783
	37	49	8.0
	38	0	74.94665
	38	1	27.89265
	38	2	14.56022
	38	3	60.016663
	38	4	81.154175
	38	5	36.687874
	38	6	42.379242
	38	7	32.280025
	38	8	62.641838
	38	9	29.274563
	38	10	31.016125
	38	11	68.24954
	38	12	29.274563
	38	13	35.014282
	38	14	108.55874
	38	15	89.28606
	38	16	86.70064
	38	17	52.478565
	38	18	38.0
	38	19	85.44004
	38	20	86.58522
	38	21	30.149628
	38	22	43.011627
	38	23	49.010204
	38	24	34.4093
	38	25	89.19641
	38	26	39.962482
	38	27	75.28612
	38	28	95.2103
	38	29	23.345236
	38	30	29.698484
	38	31	55.605755
	38	32	55.03635
	38	33	79.70571
	38	34	62.968246
	38	35	45.188496
	38	36	25.019993
	38	37	76.79192
	38	38	0.0
	38	39	17.720045
	38	40	82.764725
	38	41	53.488316
	38	42	42.047592
	38	43	63.812225
	38	44	72.62231
	38	45	101.950966
	38	46	55.081757
	38	47	35.77709
	38	48	82.86133
	38	49	84.71718
	39	0	61.294373
	39	1	24.166092
	39	2	3.1622777
	39	3	54.33231
	39	4	64.77654
	39	5	18.973665
	39	6	35.128338
	39	7	27.202942
	39	8	55.00909
	39	9	39.962482
	39	10	20.0
	39	11	54.589375
	39	12	15.0
	39	13	34.98571
	39	14	91.525955
	39	15	71.568146
	39	16	69.260376
	39	17	42.520584
	39	18	21.587032
	39	19	71.17584
	39	20	71.867935
	39	21	15.264338
	39	22	40.792156
	39	23	46.818798
	39	24	18.601076
	39	25	75.591
	39	26	23.345236
	39	27	61.269894
	39	28	77.491936
	39	29	21.0
	39	30	16.492422
	39	31	39.623226
	39	32	37.589893
	39	33	62.169125
	39	34	45.310043
	39	35	27.784887
	39	36	34.0
	39	37	59.3043
	39	38	17.720045
	39	39	0.0
	39	40	65.51336
	39	41	45.044422
	39	42	24.698177
	39	43	53.75872
	39	44	59.05929
	39	45	84.30895
	39	46	51.92302
	39	47	27.018513
	39	48	68.8767
	39	49	67.26812
	40	0	63.03174
	40	1	67.08204
	40	2	68.60029
	40	3	65.14599
	40	4	44.72136
	40	5	47.201694
	40	6	59.008472
	40	7	64.49806
	40	8	58.872746
	40	9	102.7278
	40	10	66.6033
	40	11	33.105892
	40	12	61.522354
	40	13	74.10803
	40	14	26.24881
	40	15	19.849434
	40	16	30.870699
	40	17	71.693794
	40	18	52.40229
	40	19	63.63961
	40	20	61.0
	40	21	60.108234
	40	22	88.20431
	40	23	72.691124
	40	24	48.8467
	40	25	69.87131
	40	26	42.953465
	40	27	61.008198
	40	28	21.095022
	40	29	78.492035
	40	30	55.027267
	40	31	29.427877
	40	32	28.01785
	40	33	7.0
	40	34	22.022715
	40	35	37.735924
	40	36	96.332756
	40	37	28.160255
	40	38	82.764725
	40	39	65.51336
	40	40	0.0
	40	41	55.108982
	40	42	40.81666
	40	43	75.43209
	40	44	33.286633
	40	45	22.090721
	40	46	71.80529
	40	47	57.428215
	40	48	64.28063
	40	49	30.083218
	41	0	90.44335
	41	1	25.942244
	41	2	46.270943
	41	3	12.0415945
	41	4	82.87943
	41	5	42.154476
	41	6	11.18034
	41	7	21.470911
	41	8	10.049875
	41	9	82.28001
	41	10	61.81424
	41	11	24.186773
	41	12	54.91812
	41	13	25.0
	41	14	74.24284
	41	15	71.867935
	41	16	77.52419
	41	17	81.27115
	41	18	53.488316
	41	19	97.18539
	41	20	96.26006
	41	21	54.129475
	41	22	85.2115
	41	23	18.027756
	41	24	31.320919
	41	25	103.077644
	41	26	32.649654
	41	27	89.40358
	41	28	75.28612
	41	29	66.0303
	41	30	29.068884
	41	31	29.681644
	41	32	41.109608
	41	33	56.920998
	41	34	48.82622
	41	35	38.013157
	41	36	77.12976
	41	37	69.065186
	41	38	53.488316
	41	39	45.044422
	41	40	55.108982
	41	41	0.0
	41	42	37.215588
	41	43	91.0
	41	44	26.925823
	41	45	77.10383
	41	46	16.763054
	41	47	18.248287
	41	48	96.04687
	41	49	75.802376
	42	0	53.413483
	42	1	32.280025
	42	2	27.784887
	42	3	49.09175
	42	4	48.76474
	42	5	7.615773
	42	6	32.55764
	42	7	31.780497
	42	8	46.518814
	42	9	63.03174
	42	10	30.364452
	42	11	35.35534
	42	12	23.769728
	42	13	42.544094
	42	14	66.85058
	42	15	48.373547
	42	16	48.507732
	42	17	45.54119
	42	18	18.0
	42	19	60.827625
	42	20	60.307545
	42	21	22.472204
	42	22	54.571056
	42	23	48.270073
	42	24	10.198039
	42	25	66.48308
	42	26	5.0
	42	27	52.49762
	42	28	53.935146
	42	29	39.962482
	42	30	17.262676
	42	31	17.088007
	42	32	13.0
	42	33	37.696156
	42	34	21.377558
	42	35	3.1622777
	42	36	56.727417
	42	37	38.63936
	42	38	42.047592
	42	39	24.698177
	42	40	40.81666
	42	41	37.215588
	42	42	0.0
	42	43	54.405884
	42	44	39.623226
	42	45	60.083275
	42	46	50.931328
	42	47	26.076809
	42	48	59.413803
	42	49	46.52956
	43	0	19.723083
	43	1	77.00649
	43	2	55.17246
	43	3	102.45975
	43	4	39.623226
	43	5	48.8467
	43	6	84.118965
	43	7	79.05694
	43	8	100.65784
	43	9	58.21512
	43	10	33.970577
	43	11	87.69264
	43	12	39.051247
	43	13	88.23831
	43	14	98.08669
	43	15	66.24198
	43	16	55.21775
	43	17	11.401754
	43	18	37.576588
	43	19	29.732138
	43	20	32.695564
	43	21	39.20459
	43	22	29.017237
	43	23	98.478424
	43	24	59.933296
	43	25	30.265491
	43	26	58.5235
	43	27	21.633308
	43	28	72.20111
	43	29	41.14608
	43	30	64.14047
	43	31	68.73136
	43	32	57.14018
	43	33	68.68042
	43	34	56.22277
	43	35	54.571056
	43	36	53.75872
	43	37	50.08992
	43	38	63.812225
	43	39	53.75872
	43	40	75.43209
	43	41	91.0
	43	42	54.405884
	43	43	0.0
	43	44	91.44397
	43	45	81.9878
	43	46	102.5768
	43	47	76.15773
	43	48	26.57066
	43	49	54.08327
	44	0	85.07056
	44	1	48.414875
	44	2	61.400326
	44	3	34.058773
	44	4	71.693794
	44	5	47.07441
	44	6	35.35534
	44	7	44.407207
	44	8	27.166155
	44	9	98.9798
	44	10	69.856995
	44	11	4.472136
	44	12	63.06346
	44	13	50.990196
	44	14	48.010414
	44	15	52.63079
	44	16	61.6198
	44	17	84.0
	44	18	57.428215
	44	19	89.050545
	44	20	87.20665
	44	21	61.846584
	44	22	94.14882
	44	23	44.72136
	44	24	40.718548
	44	25	95.34149
	44	26	37.64306
	44	27	83.48653
	44	28	54.378304
	44	29	78.18568
	44	30	43.266617
	44	31	23.021729
	44	32	34.36568
	44	33	37.536648
	44	34	37.696156
	44	35	38.209946
	44	36	93.05912
	44	37	55.470715
	44	38	72.62231
	44	39	59.05929
	44	40	33.286633
	44	41	26.925823
	44	42	39.623226
	44	43	91.44397
	44	44	0.0
	44	45	53.851646
	44	46	42.047592
	44	47	38.28838
	44	48	88.76936
	44	49	60.307545
	45	0	65.551506
	45	1	88.56636
	45	2	87.46428
	45	3	86.833176
	45	4	44.27189
	45	5	65.39113
	45	6	81.055534
	45	7	86.209045
	45	8	80.36168
	45	9	118.98319
	45	10	81.608826
	45	11	54.405884
	45	12	77.698135
	45	13	96.02083
	45	14	19.104973
	45	15	15.811388
	45	16	27.513634
	45	17	81.21576
	45	18	67.95587
	45	19	62.369865
	45	20	59.03389
	45	21	76.321686
	45	22	100.41912
	45	23	94.76286
	45	24	69.12308
	45	25	67.89698
	45	26	63.06346
	45	27	63.324562
	45	28	9.848858
	45	29	94.302704
	45	30	75.70998
	45	31	51.088158
	45	32	47.127487
	45	33	22.561028
	45	34	39.0
	45	35	56.920998
	45	36	112.60551
	45	37	32.202484
	45	38	101.950966
	45	39	84.30895
	45	40	22.090721
	45	41	77.10383
	45	42	60.083275
	45	43	81.9878
	45	44	53.851646
	45	45	0.0
	45	46	93.74433
	45	47	79.15807
	45	48	64.03124
	45	49	28.231188
	46	0	104.23531
	46	1	28.284271
	46	2	52.17279
	46	3	8.944272
	46	4	98.40732
	46	5	54.405884
	46	6	18.601076
	46	7	24.738634
	46	8	15.811388
	46	9	84.29116
	46	10	70.93659
	46	11	40.04997
	46	12	64.4748
	46	13	20.396078
	46	14	90.005554
	46	15	88.60023
	46	16	93.941475
	46	17	92.13034
	46	18	65.192024
	46	19	111.72287
	46	20	111.07205
	46	21	63.97656
	46	22	92.64988
	46	23	6.3245554
	46	24	43.011627
	46	25	117.413795
	46	26	46.010868
	46	27	103.392456
	46	28	92.0489
	46	29	72.36712
	46	30	38.470768
	46	31	46.06517
	46	32	56.859474
	46	33	73.68175
	46	34	65.0
	46	35	52.34501
	46	36	80.024994
	46	37	85.23497
	46	38	55.081757
	46	39	51.92302
	46	40	71.80529
	46	41	16.763054
	46	42	50.931328
	46	43	102.5768
	46	44	42.047592
	46	45	93.74433
	46	46	0.0
	46	47	26.41969
	46	48	110.34492
	46	49	92.17918
	47	0	78.492035
	47	1	10.29563
	47	2	28.071337
	47	3	27.45906
	47	4	74.793045
	47	5	28.319605
	47	6	8.246211
	47	7	7.071068
	47	8	28.071337
	47	9	64.195015
	47	10	44.922153
	47	11	34.20526
	47	12	38.27532
	47	13	17.262676
	47	14	80.65358
	47	15	70.45566
	47	16	73.082146
	47	17	65.74192
	47	18	38.832977
	47	19	86.55634
	47	20	86.21485
	47	21	37.696156
	47	22	67.601776
	47	23	22.671568
	47	24	16.970562
	47	25	92.021736
	47	26	21.095022
	47	27	77.7946
	47	28	75.10659
	47	29	48.010414
	47	30	12.083046
	47	31	28.071337
	47	32	35.17101
	47	33	57.0
	47	34	44.14748
	47	35	28.178005
	47	36	58.940647
	47	37	63.56886
	47	38	35.77709
	47	39	27.018513
	47	40	57.428215
	47	41	18.248287
	47	42	26.076809
	47	43	76.15773
	47	44	38.28838
	47	45	79.15807
	47	46	26.41969
	47	47	0.0
	47	48	84.95882
	47	49	71.168816
	48	0	8.062258
	48	1	88.814415
	48	2	71.17584
	48	3	108.07405
	48	4	20.09975
	48	5	56.85068
	48	6	91.92388
	48	7	89.64374
	48	8	104.62313
	48	9	83.09633
	48	10	51.92302
	48	11	85.90693
	48	12	54.230988
	48	13	100.0
	48	14	82.20097
	48	15	49.497475
	48	16	36.67424
	48	17	34.058773
	48	18	48.02083
	48	19	3.1622777
	48	20	6.4031243
	48	21	53.712196
	48	22	54.91812
	48	23	107.51744
	48	24	68.0147
	48	25	7.071068
	48	26	64.3506
	48	27	7.615773
	48	28	54.34151
	48	29	62.649822
	48	30	74.02702
	48	31	68.60029
	48	32	56.0803
	48	33	57.31492
	48	34	51.078373
	48	35	58.137768
	48	36	78.0
	48	37	36.124783
	48	38	82.86133
	48	39	68.8767
	48	40	64.28063
	48	41	96.04687
	48	42	59.413803
	48	43	26.57066
	48	44	88.76936
	48	45	64.03124
	48	46	110.34492
	48	47	84.95882
	48	48	0.0
	48	49	36.345562
	49	0	37.336308
	49	1	78.64477
	49	2	70.34913
	49	3	87.36704
	49	4	16.27882
	49	5	49.0
	49	6	75.76939
	49	7	77.62087
	49	8	82.20097
	49	9	96.66437
	49	10	59.236813
	49	11	58.694122
	49	12	57.00877
	49	13	88.32327
	49	14	45.891174
	49	15	13.152946
	49	16	2.0
	49	17	54.451813
	49	18	47.296936
	49	19	35.057095
	49	20	32.0
	49	21	55.7853
	49	22	74.8131
	49	23	91.28527
	49	24	56.718605
	49	25	41.0
	49	26	50.990196
	49	27	35.1141
	49	28	18.384777
