data;

param n := 100;

param p := 10;

param m := 4;

param alpha := 10.905020713806152;

param r := 
	0	3
	1	0
	2	1
	3	0
	4	3
	5	1
	6	0
	7	0
	8	1
	9	2
	10	2
	11	3
	12	1
	13	1
	14	2
	15	0
	16	0
	17	2
	18	0
	19	2
	20	3
	21	0
	22	1
	23	2
	24	0
	25	3
	26	2
	27	1
	28	3
	29	2
	30	3
	31	2
	32	0
	33	1
	34	1
	35	0
	36	0
	37	0
	38	1
	39	2
	40	0
	41	0
	42	3
	43	1
	44	2
	45	0
	46	0
	47	1
	48	2
	49	1
	50	3
	51	1
	52	3
	53	0
	54	1
	55	0
	56	3
	57	3
	58	2
	59	0
	60	2
	61	3
	62	3
	63	3
	64	2
	65	3
	66	0
	67	3
	68	0
	69	1
	70	2
	71	2
	72	2
	73	0
	74	1
	75	2
	76	1
	77	2
	78	2
	79	3
	80	2
	81	3
	82	2
	83	3
	84	3
	85	3
	86	2
	87	0
	88	3
	89	0
	90	1
	91	2
	92	0
	93	0
	94	0
	95	2
	96	2
	97	2
	98	3
	99	1
;

param d := 
	0	3
	1	3
	2	2
	3	0
	4	3
	5	2
	6	3
	7	2
	8	1
	9	3
	10	3
	11	3
	12	1
	13	3
	14	2
	15	0
	16	0
	17	2
	18	1
	19	2
	20	3
	21	1
	22	3
	23	2
	24	1
	25	3
	26	3
	27	3
	28	3
	29	3
	30	3
	31	3
	32	1
	33	1
	34	1
	35	0
	36	2
	37	2
	38	1
	39	2
	40	3
	41	3
	42	3
	43	3
	44	3
	45	2
	46	3
	47	2
	48	2
	49	3
	50	3
	51	1
	52	3
	53	1
	54	3
	55	1
	56	3
	57	3
	58	2
	59	0
	60	2
	61	3
	62	3
	63	3
	64	2
	65	3
	66	1
	67	3
	68	3
	69	1
	70	3
	71	2
	72	3
	73	0
	74	1
	75	2
	76	2
	77	3
	78	2
	79	3
	80	3
	81	3
	82	3
	83	3
	84	3
	85	3
	86	2
	87	3
	88	3
	89	3
	90	3
	91	3
	92	2
	93	3
	94	2
	95	3
	96	3
	97	2
	98	3
	99	1
;

param c := 
	0	0	0.0
	0	1	77.155685
	0	2	40.804413
	0	3	44.04543
	0	4	78.58753
	0	5	54.589375
	0	6	77.47257
	0	7	53.009434
	0	8	59.439045
	0	9	68.94926
	0	10	94.26028
	0	11	27.294687
	0	12	30.016663
	0	13	84.0
	0	14	43.011627
	0	15	104.56099
	0	16	73.53911
	0	17	19.697716
	0	18	23.323807
	0	19	40.24922
	0	20	79.22752
	0	21	120.91733
	0	22	75.42546
	0	23	75.70998
	0	24	101.21265
	0	25	39.39543
	0	26	26.305893
	0	27	63.324562
	0	28	40.112343
	0	29	85.86617
	0	30	91.24144
	0	31	76.2168
	0	32	22.472204
	0	33	12.0415945
	0	34	62.1289
	0	35	45.17743
	0	36	58.30952
	0	37	31.0
	0	38	5.0
	0	39	73.02739
	0	40	54.129475
	0	41	40.60788
	0	42	82.764725
	0	43	28.160255
	0	44	25.179358
	0	45	79.630394
	0	46	100.60318
	0	47	111.40018
	0	48	86.579445
	0	49	82.764725
	0	50	42.190044
	0	51	30.083218
	0	52	26.305893
	0	53	71.5891
	0	54	62.801273
	0	55	35.44009
	0	56	91.787796
	0	57	116.1034
	0	58	79.9062
	0	59	80.1561
	0	60	60.083275
	0	61	85.51023
	0	62	82.006096
	0	63	61.983868
	0	64	14.3178215
	0	65	39.0
	0	66	71.70077
	0	67	89.49302
	0	68	85.98837
	0	69	23.259407
	0	70	22.090721
	0	71	113.86395
	0	72	17.720045
	0	73	66.52819
	0	74	71.5891
	0	75	79.69943
	0	76	102.34256
	0	77	39.812057
	0	78	48.76474
	0	79	72.44998
	0	80	82.006096
	0	81	84.811554
	0	82	89.87213
	0	83	86.4523
	0	84	109.3435
	0	85	106.826965
	0	86	96.2133
	0	87	28.284271
	0	88	94.33981
	0	89	79.9062
	0	90	51.156624
	0	91	67.88225
	0	92	42.755116
	0	93	33.24154
	0	94	78.74643
	0	95	27.513634
	0	96	52.153618
	0	97	29.15476
	0	98	84.92938
	0	99	79.24645
	1	0	77.155685
	1	1	0.0
	1	2	43.863426
	1	3	51.662365
	1	4	44.102154
	1	5	65.03076
	1	6	25.23886
	1	7	58.00862
	1	8	39.012817
	1	9	36.40055
	1	10	17.20465
	1	11	65.9242
	1	12	48.270073
	1	13	58.59181
	1	14	34.828148
	1	15	30.594116
	1	16	5.0
	1	17	73.3553
	1	18	54.48853
	1	19	39.962482
	1	20	68.54196
	1	21	44.04543
	1	22	62.641838
	1	23	39.812057
	1	24	36.67424
	1	25	41.677334
	1	26	59.03389
	1	27	41.0
	1	28	61.188232
	1	29	46.75468
	1	30	15.231546
	1	31	30.88689
	1	32	72.013885
	1	33	78.24321
	1	34	53.935146
	1	35	61.400326
	1	36	27.073973
	1	37	58.137768
	1	38	82.073135
	1	39	62.625874
	1	40	46.010868
	1	41	61.400326
	1	42	31.827662
	1	43	64.62198
	1	44	65.795135
	1	45	54.20332
	1	46	28.284271
	1	47	38.327538
	1	48	68.44706
	1	49	20.615528
	1	50	38.483765
	1	51	50.219517
	1	52	66.309875
	1	53	39.217342
	1	54	67.74216
	1	55	69.375786
	1	56	30.463093
	1	57	39.962482
	1	58	5.0990195
	1	59	4.0
	1	60	38.327538
	1	61	45.0
	1	62	8.246211
	1	63	68.593
	1	64	74.094536
	1	65	42.544094
	1	66	63.560993
	1	67	43.931767
	1	68	48.010414
	1	69	71.693794
	1	70	61.03278
	1	71	36.796738
	1	72	69.63476
	1	73	12.369317
	1	74	39.217342
	1	75	40.804413
	1	76	33.0
	1	77	40.81666
	1	78	35.17101
	1	79	35.77709
	1	80	56.797886
	1	81	10.0
	1	82	17.029387
	1	83	26.925823
	1	84	32.449963
	1	85	33.24154
	1	86	24.083189
	1	87	58.18075
	1	88	42.72002
	1	89	5.0990195
	1	90	48.373547
	1	91	9.848858
	1	92	46.486557
	1	93	43.931767
	1	94	33.286633
	1	95	53.009434
	1	96	48.259712
	1	97	52.35456
	1	98	42.80187
	1	99	43.416588
	2	0	40.804413
	2	1	43.863426
	2	2	0.0
	2	3	11.18034
	2	4	66.760765
	2	5	63.03174
	2	6	37.215588
	2	7	57.280014
	2	8	19.026299
	2	9	55.362442
	2	10	59.36329
	2	11	45.54119
	2	12	13.341664
	2	13	46.572525
	2	14	13.601471
	2	15	66.48308
	2	16	42.059483
	2	17	47.38143
	2	18	19.0
	2	19	6.708204
	2	20	80.70936
	2	21	87.13208
	2	22	41.18252
	2	23	35.22783
	2	24	76.79192
	2	25	5.0
	2	26	37.696156
	2	27	53.712196
	2	28	50.47772
	2	29	73.00685
	2	30	59.093147
	2	31	35.468296
	2	32	47.853943
	2	33	37.44329
	2	34	61.03278
	2	35	54.20332
	2	36	39.051247
	2	37	14.422205
	2	38	44.94441
	2	39	73.4983
	2	40	49.648766
	2	41	19.026299
	2	42	63.126858
	2	43	44.94441
	2	44	43.965897
	2	45	73.00685
	2	46	71.470276
	2	47	81.9329
	2	48	51.894123
	2	49	43.416588
	2	50	29.410883
	2	51	11.045361
	2	52	45.221676
	2	53	31.144823
	2	54	70.00714
	2	55	53.712196
	2	56	68.26419
	2	57	83.64807
	2	58	48.104053
	2	59	45.65085
	2	60	49.24429
	2	61	45.17743
	2	62	46.043457
	2	63	70.00714
	2	64	45.01111
	2	65	4.2426405
	2	66	38.832977
	2	67	73.82411
	2	68	46.010868
	2	69	28.42534
	2	70	19.723083
	2	71	79.61156
	2	72	27.802877
	2	73	37.48333
	2	74	31.144823
	2	75	65.734314
	2	76	75.18643
	2	77	5.8309517
	2	78	34.88553
	2	79	57.72348
	2	80	44.38468
	2	81	48.82622
	2	82	52.40229
	2	83	63.126858
	2	84	73.409805
	2	85	76.896034
	2	86	67.052216
	2	87	38.483765
	2	88	76.1643
	2	89	48.104053
	2	90	14.422205
	2	91	37.107952
	2	92	5.0
	2	93	18.601076
	2	94	37.94733
	2	95	13.341664
	2	96	15.264338
	2	97	31.764761
	2	98	44.407207
	2	99	39.051247
	3	0	44.04543
	3	1	51.662365
	3	2	11.18034
	3	3	0.0
	3	4	77.7946
	3	5	73.53911
	3	6	39.623226
	3	7	68.0147
	3	8	17.804493
	3	9	66.40783
	3	10	65.795135
	3	11	54.120235
	3	12	22.203604
	3	13	40.04997
	3	14	24.698177
	3	15	70.60453
	3	16	50.635956
	3	17	54.405884
	3	18	26.0
	3	19	17.888544
	3	20	91.809586
	3	21	93.471924
	3	22	32.572994
	3	23	33.105892
	3	24	86.209045
	3	25	16.124516
	3	26	46.647614
	3	27	64.884514
	3	28	60.440052
	3	29	83.9345
	3	30	66.760765
	3	31	36.23534
	3	32	55.362442
	3	33	37.64306
	3	34	72.11102
	3	35	64.44377
	3	36	50.0
	3	37	13.152946
	3	38	47.38143
	3	39	84.59905
	3	40	60.74537
	3	41	9.848858
	3	42	73.552704
	3	43	53.712196
	3	44	52.3259
	3	45	84.17244
	3	46	79.83107
	3	47	89.98889
	3	48	43.68066
	3	49	47.010635
	3	50	40.496914
	3	51	18.35756
	3	52	53.66563
	3	53	29.068884
	3	54	80.72174
	3	55	62.76942
	3	56	78.00641
	3	57	90.62009
	3	58	56.293873
	3	59	52.810986
	3	60	60.41523
	3	61	42.379242
	3	62	52.392746
	3	63	80.65978
	3	64	51.1957
	3	65	15.264338
	3	66	29.546574
	3	67	84.5281
	3	68	42.44997
	3	69	25.942244
	3	70	22.0
	3	71	85.86617
	3	72	27.89265
	3	73	47.010635
	3	74	29.068884
	3	75	76.655075
	3	76	84.0119
	3	77	17.0
	3	78	46.06517
	3	79	68.68042
	3	80	38.013157
	3	81	55.03635
	3	82	57.45433
	3	83	73.00685
	3	84	78.892334
	3	85	84.89994
	3	86	75.50497
	3	87	47.707443
	3	88	86.579445
	3	89	56.293873
	3	90	7.28011
	3	91	46.173584
	3	92	6.3245554
	3	93	29.0
	3	94	38.013157
	3	95	19.313208
	3	96	8.246211
	3	97	41.400482
	3	98	42.154476
	3	99	36.05551
	4	0	78.58753
	4	1	44.102154
	4	2	66.760765
	4	3	77.7946
	4	4	0.0
	4	5	35.608986
	4	6	68.0147
	4	7	31.144823
	4	8	73.57309
	4	9	11.401754
	4	10	52.886673
	4	11	54.56189
	4	12	61.294373
	4	13	99.35794
	4	14	53.160137
	4	15	69.375786
	4	16	40.0
	4	17	64.40497
	4	18	64.0
	4	19	60.166435
	4	20	26.172504
	4	21	65.76473
	4	22	100.40418
	4	23	80.72174
	4	24	32.31099
	4	25	62.0967
	4	26	52.49762
	4	27	15.297058
	4	28	42.72002
	4	29	7.28011
	4	30	44.14748
	4	31	72.835434
	4	32	61.7171
	4	33	85.84288
	4	34	21.260292
	4	35	39.20459
	4	36	27.856777
	4	37	76.79192
	4	38	83.240616
	4	39	22.203604
	4	40	24.698177
	4	41	85.37564
	4	42	15.033297
	4	43	53.225933
	4	44	55.946404
	4	45	10.440307
	4	46	41.19466
	4	47	48.76474
	4	48	108.40664
	4	49	64.63745
	4	50	40.04997
	4	51	65.490456
	4	52	55.461697
	4	53	78.873314
	4	54	33.105892
	4	55	51.613953
	4	56	25.317978
	4	57	58.855755
	4	58	40.706264
	4	59	47.507893
	4	60	19.026299
	4	61	87.72685
	4	62	51.971146
	4	63	34.43835
	4	64	68.154236
	4	65	63.06346
	4	66	99.985
	4	67	12.0415945
	4	68	90.52071
	4	69	86.00581
	4	70	74.02702
	4	71	62.072536
	4	72	81.055534
	4	73	36.796738
	4	74	78.873314
	4	75	4.0
	4	76	38.078865
	4	77	61.13101
	4	78	33.13608
	4	79	9.433981
	4	80	97.308784
	4	81	52.773098
	4	82	59.5063
	4	83	23.021729
	4	84	64.28063
	4	85	46.69047
	4	86	39.0
	4	87	50.596443
	4	88	18.439089
	4	89	40.706264
	4	90	78.39005
	4	91	39.59798
	4	92	71.470276
	4	93	53.15073
	4	94	75.690155
	4	95	67.26812
	4	96	78.79086
	4	97	49.819675
	4	98	85.632935
	4	99	84.89994
	5	0	54.589375
	5	1	65.03076
	5	2	63.03174
	5	3	73.53911
	5	4	35.608986
	5	5	0.0
	5	6	82.28001
	5	7	7.071068
	5	8	77.698135
	5	9	32.89377
	5	10	79.40403
	5	11	27.294687
	5	12	51.739735
	5	13	106.677086
	5	14	51.86521
	5	15	95.084175
	5	16	60.033325
	5	17	36.0
	5	18	50.47772
	5	19	56.85068
	5	20	25.079872
	5	21	98.35141
	5	22	103.6002
	5	23	90.37699
	5	24	67.23094
	5	25	58.137768
	5	26	30.463093
	5	27	25.96151
	5	28	14.866069
	5	29	41.725292
	5	30	72.00694
	5	31	85.09406
	5	32	33.0
	5	33	65.0
	5	34	14.422205
	5	35	9.848858
	5	36	38.209946
	5	37	66.61081
	5	38	58.21512
	5	39	19.924858
	5	40	19.026299
	5	41	77.62087
	5	42	47.853943
	5	43	26.476404
	5	44	29.427877
	5	45	30.805843
	5	46	73.736015
	5	47	82.764725
	5	48	113.71895
	5	49	82.37718
	5	50	34.98571
	5	51	56.0803
	5	52	28.284271
	5	53	87.20665
	5	54	8.246211
	5	55	20.09975
	5	56	59.03389
	5	57	91.76056
	5	58	64.070274
	5	59	69.02898
	5	60	27.166155
	5	61	99.53894
	5	62	73.109505
	5	63	7.615773
	5	64	41.04875
	5	65	58.796257
	5	66	101.671036
	5	67	47.507893
	5	68	101.636604
	5	69	70.26379
	5	70	60.033325
	5	71	93.40771
	5	72	64.07808
	5	73	53.235325
	5	74	87.20665
	5	75	38.832977
	5	76	72.013885
	5	77	57.48913
	5	78	32.89377
	5	79	35.846897
	5	80	104.44616
	5	81	75.026665
	5	82	82.05486
	5	83	55.154327
	5	84	93.38094
	5	85	79.84986
	5	86	70.5195
	5	87	28.635643
	5	88	54.037025
	5	89	64.070274
	5	90	77.33692
	5	91	56.32051
	5	92	67.941154
	5	93	44.553337
	5	94	88.25531
	5	95	56.400356
	5	96	78.10249
	5	97	33.01515
	5	98	97.862144
	5	99	94.847244
	6	0	77.47257
	6	1	25.23886
	6	2	37.215588
	6	3	39.623226
	6	4	68.0147
	6	5	82.28001
	6	6	0.0
	6	7	75.28612
	6	8	22.203604
	6	9	58.821766
	6	10	31.0
	6	11	75.10659
	6	12	47.759815
	6	13	33.61547
	6	14	36.496574
	6	15	31.38471
	6	16	28.319605
	6	17	80.06248
	6	18	54.42426
	6	19	37.336308
	6	20	90.73588
	6	21	56.753853
	6	22	39.20459
	6	23	15.297058
	6	24	60.74537
	6	25	38.078865
	6	26	67.18631
	6	27	61.77378
	6	28	74.54529
	6	29	71.44928
	6	30	35.902645
	6	31	6.0827627
	6	32	79.630394
	6	33	74.62573
	6	34	73.82411
	6	35	76.29548
	6	36	45.188496
	6	37	50.606323
	6	38	81.859634
	6	39	84.21995
	6	40	63.90618
	6	41	49.0408
	6	42	56.85068
	6	43	74.06078
	6	44	74.24284
	6	45	77.62087
	6	46	50.01
	6	47	58.137768
	6	48	43.65776
	6	49	8.246211
	6	50	49.25444
	6	51	47.423622
	6	52	75.16648
	6	53	16.03122
	6	54	86.72946
	6	55	81.055534
	6	56	55.470715
	6	57	55.443665
	6	58	30.016663
	6	59	23.259407
	6	60	58.137768
	6	61	19.849434
	6	62	19.924858
	6	63	87.31552
	6	64	79.07591
	6	65	38.483765
	6	66	41.0
	6	67	69.02898
	6	68	22.803509
	6	69	64.66065
	6	70	56.938564
	6	71	49.24429
	6	72	64.899925
	6	73	31.622776
	6	74	16.03122
	6	75	65.06919
	6	76	55.7853
	6	77	37.696156
	6	78	49.47727
	6	79	59.03389
	6	80	31.95309
	6	81	21.377558
	6	82	20.22375
	6	83	52.153618
	6	84	41.109608
	6	85	53.235325
	6	86	46.572525
	6	87	67.06713
	6	88	67.95587
	6	89	30.016663
	6	90	33.600594
	6	91	28.600698
	6	92	37.01351
	6	93	47.67599
	6	94	8.062258
	6	95	50.08992
	6	96	33.01515
	6	97	60.133186
	6	98	17.691807
	6	99	18.384777
	7	0	53.009434
	7	1	58.00862
	7	2	57.280014
	7	3	68.0147
	7	4	31.144823
	7	5	7.071068
	7	6	75.28612
	7	7	0.0
	7	8	71.281136
	7	9	26.832815
	7	10	72.56032
	7	11	26.172504
	7	12	46.615448
	7	13	100.16985
	7	14	45.607018
	7	15	88.14193
	7	16	53.009434
	7	17	35.69314
	7	18	46.06517
	7	19	50.931328
	7	20	26.476404
	7	21	92.11406
	7	22	97.45255
	7	23	83.630135
	7	24	61.854668
	7	25	52.3259
	7	26	27.45906
	7	27	19.697716
	7	28	13.152946
	7	29	37.802116
	7	30	65.30697
	7	31	78.18568
	7	32	32.75668
	7	33	62.649822
	7	34	10.29563
	7	35	8.5440035
	7	36	31.144823
	7	37	61.91123
	7	38	57.035076
	7	39	20.024984
	7	40	12.0
	7	41	72.67049
	7	42	42.190044
	7	43	25.079872
	7	44	28.071337
	7	45	28.231188
	7	46	67.62396
	7	47	76.941536
	7	48	107.415085
	7	49	75.31268
	7	50	28.600698
	7	51	51.0392
	7	52	27.166155
	7	53	80.529495
	7	54	12.727922
	7	55	21.023796
	7	56	53.338543
	7	57	85.61542
	7	58	57.14018
	7	59	62.008064
	7	60	20.396078
	7	61	92.70383
	7	62	66.068146
	7	63	12.806249
	7	64	40.311287
	7	65	53.037724
	7	66	95.67131
	7	67	43.185646
	7	68	94.847244
	7	69	66.730804
	7	70	55.946404
	7	71	86.977005
	7	72	60.728905
	7	73	46.173584
	7	74	80.529495
	7	75	33.970577
	7	76	66.24198
	7	77	51.62364
	7	78	26.0
	7	79	30.016663
	7	80	97.94386
	7	81	68.007355
	7	82	75.026665
	7	83	49.193497
	7	84	86.683334
	7	85	73.82411
	7	86	64.25729
	7	87	25.495098
	7	88	49.497475
	7	89	57.14018
	7	90	71.44928
	7	91	49.25444
	7	92	62.241467
	7	93	39.051247
	7	94	81.34495
	7	95	51.62364
	7	96	72.18033
	7	97	28.635643
	7	98	91.0
	7	99	88.10221
	8	0	59.439045
	8	1	39.012817
	8	2	19.026299
	8	3	17.804493
	8	4	73.57309
	8	5	77.698135
	8	6	22.203604
	8	7	71.281136
	8	8	0.0
	8	9	62.681736
	8	10	50.695168
	8	11	63.560993
	8	12	32.06244
	8	13	29.068884
	8	14	25.942244
	8	15	53.535034
	8	16	39.45884
	8	17	66.189125
	8	18	38.013157
	8	19	22.561028
	8	20	91.93476
	8	21	77.83315
	8	22	27.018513
	8	23	16.27882
	8	24	75.42546
	8	25	22.203604
	8	26	55.542778
	8	27	63.126858
	8	28	66.70832
	8	29	78.714676
	8	30	53.235325
	8	31	18.439089
	8	32	66.48308
	8	33	54.626
	8	34	72.91776
	8	35	69.77106
	8	36	46.400433
	8	37	29.966648
	8	38	63.324562
	8	39	84.85281
	8	40	61.7171
	8	41	26.907248
	8	42	66.12866
	8	43	62.817196
	8	44	62.169125
	8	45	81.608826
	8	46	67.06713
	8	47	76.53104
	8	48	36.23534
	8	49	30.016663
	8	50	42.72002
	8	51	30.066593
	8	52	63.348244
	8	53	12.165525
	8	54	83.81527
	8	55	71.168816
	8	56	68.24954
	8	57	75.690155
	8	58	44.04543
	8	59	39.115215
	8	60	58.796257
	8	61	26.172504
	8	62	37.65634
	8	63	84.05355
	8	64	64.0
	8	65	22.090721
	8	66	26.41969
	8	67	78.0
	8	68	27.0
	8	69	43.56604
	8	70	37.64306
	8	71	70.2282
	8	72	44.777225
	8	73	38.27532
	8	74	12.165525
	8	75	71.5891
	8	76	72.00694
	8	77	22.36068
	8	78	46.09772
	8	79	64.14047
	8	80	26.832815
	8	81	40.024994
	8	82	41.231056
	8	83	63.788715
	8	84	62.649822
	8	85	71.44928
	8	86	63.007935
	8	87	56.044624
	8	88	78.74643
	8	89	44.04543
	8	90	11.401754
	8	91	36.40055
	8	92	16.763054
	8	93	35.44009
	8	94	20.248457
	8	95	32.24903
	8	96	10.816654
	8	97	49.0408
	8	98	25.495098
	8	99	20.024984
	9	0	68.94926
	9	1	36.40055
	9	2	55.362442
	9	3	66.40783
	9	4	11.401754
	9	5	32.89377
	9	6	58.821766
	9	7	26.832815
	9	8	62.681736
	9	9	0.0
	9	10	48.09366
	9	11	46.615448
	9	12	50.08992
	9	13	89.140335
	9	14	41.761227
	9	15	64.381676
	9	16	31.780497
	9	17	56.302753
	9	18	53.08484
	9	19	48.76474
	9	20	32.202484
	9	21	65.459915
	9	22	89.62701
	9	23	70.724815
	9	24	35.468296
	9	25	50.695168
	9	26	43.382023
	9	27	7.2111025
	9	28	36.069378
	9	29	18.027756
	9	30	40.012497
	9	31	63.25346
	9	32	53.823788
	9	33	75.50497
	9	34	19.235384
	9	35	33.600594
	9	36	16.552946
	9	37	65.490456
	9	38	73.736015
	9	39	26.24881
	9	40	16.970562
	9	41	73.97973
	9	42	15.6205
	9	43	45.221676
	9	44	47.707443
	9	45	19.104973
	9	46	40.853397
	9	47	50.119858
	9	48	97.94897
	9	49	56.35601
	9	50	29.017237
	9	51	54.230988
	9	52	47.434166
	9	53	68.622154
	9	54	33.13608
	9	55	45.276924
	9	56	26.627054
	9	57	58.872746
	9	58	33.955853
	9	59	40.16217
	9	60	8.944272
	9	61	78.24321
	9	62	44.598206
	9	63	34.234486
	9	64	59.5399
	9	65	51.662365
	9	66	89.04493
	9	67	20.615528
	9	68	80.919716
	9	69	75.026665
	9	70	63.007935
	9	71	60.63827
	9	72	70.256676
	9	73	27.202942
	9	74	68.622154
	9	75	11.045361
	9	76	39.446167
	9	77	49.729267
	9	78	22.0
	9	79	3.6055512
	9	80	87.04597
	9	81	45.88028
	9	82	52.886673
	9	83	22.36068
	9	84	61.204575
	9	85	47.010635
	9	86	37.64306
	9	87	41.59327
	9	88	25.495098
	9	89	33.955853
	9	90	67.11929
	9	91	30.232433
	9	92	60.083275
	9	93	42.0119
	9	94	66.21933
	9	95	56.0803
	9	96	67.54258
	9	97	39.849716
	9	98	76.2168
	9	99	75.00667
	10	0	94.26028
	10	1	17.20465
	10	2	59.36329
	10	3	65.795135
	10	4	52.886673
	10	5	79.40403
	10	6	31.0
	10	7	72.56032
	10	8	50.695168
	10	9	48.09366
	10	10	0.0
	10	11	82.764725
	10	12	65.06919
	10	13	63.348244
	10	14	51.62364
	10	15	16.492422
	10	16	21.470911
	10	17	90.426765
	10	18	71.42129
	10	19	56.22277
	10	20	78.854294
	10	21	27.784887
	10	22	70.11419
	10	23	46.09772
	10	24	33.42155
	10	25	57.801384
	10	26	76.05919
	10	27	54.00926
	10	28	77.201035
	10	29	53.310413
	10	30	8.944272
	10	31	37.01351
	10	32	89.005615
	10	33	94.92102
	10	34	67.0
	10	35	76.902534
	10	36	42.72002
	10	37	73.78347
	10	38	99.15644
	10	39	73.82411
	10	40	60.671246
	10	41	75.643906
	10	42	38.27532
	10	43	81.437096
	10	44	82.73451
	10	45	63.324562
	10	46	20.59126
	10	47	27.294687
	10	48	73.545906
	10	49	23.086792
	10	50	55.470715
	10	51	66.70832
	10	52	83.19255
	10	53	47.010635
	10	54	81.0
	10	55	85.70297
	10	56	31.622776
	10	57	25.0
	10	58	15.811388
	10	59	14.142136
	10	60	52.23983
	10	61	47.801674
	10	62	13.416408
	10	63	82.006096
	10	64	91.26884
	10	65	58.60034
	10	66	72.0
	10	67	48.76474
	10	68	50.96077
	10	69	87.658424
	10	70	77.46612
	10	71	20.248457
	10	72	86.05231
	10	73	29.068884
	10	74	47.010635
	10	75	49.0408
	10	76	26.925823
	10	77	57.00877
	10	78	51.62364
	10	79	46.389652
	10	80	61.983868
	10	81	10.770329
	10	82	11.401754
	10	83	30.870699
	10	84	15.264338
	10	85	22.561028
	10	86	18.439089
	10	87	75.13322
	10	88	45.221676
	10	89	15.811388
	10	90	61.351448
	10	91	26.925823
	10	92	61.294373
	10	93	61.073727
	10	94	38.209946
	10	95	69.52697
	10	96	61.03278
	10	97	69.46222
	10	98	45.607018
	10	99	48.507732
	11	0	27.294687
	11	1	65.9242
	11	2	45.54119
	11	3	54.120235
	11	4	54.56189
	11	5	27.294687
	11	6	75.10659
	11	7	26.172504
	11	8	63.560993
	11	9	46.615448
	11	10	82.764725
	11	11	0.0
	11	12	32.31099
	11	13	92.0489
	11	14	39.051247
	11	15	96.13532
	11	16	61.326992
	11	17	9.848858
	11	18	28.301943
	11	19	41.0
	11	20	52.03845
	11	21	106.78015
	11	22	86.40602
	11	23	78.77182
	11	24	81.46779
	11	25	41.484936
	11	26	8.062258
	11	27	39.962482
	11	28	13.038404
	11	29	61.741398
	11	30	77.52419
	11	31	76.02631
	11	32	7.2111025
	11	33	37.94733
	11	34	35.902645
	11	35	18.0
	11	36	41.04875
	11	37	44.20407
	11	38	31.016125
	11	39	46.043457
	11	40	30.016663
	11	41	55.605755
	11	42	61.846584
	11	43	1.4142135
	11	44	2.236068
	11	45	53.851646
	11	46	83.86894
	11	47	94.26028
	11	48	97.308784
	11	49	77.92946
	11	50	27.513634
	11	51	35.77709
	11	52	1.0
	11	53	74.96666
	11	54	35.510563
	11	55	9.219544
	11	56	72.18033
	11	57	101.0198
	11	58	67.08204
	11	59	69.641945
	11	60	37.802116
	11	61	88.68484
	11	62	72.73238
	11	63	34.713108
	11	64	14.142136
	11	65	41.761227
	11	66	83.630135
	11	67	66.24198
	11	68	90.0944
	11	69	44.65423
	11	70	36.069378
	11	71	100.49876
	11	72	38.27532
	11	73	53.712196
	11	74	74.96666
	11	75	56.435802
	11	76	84.17244
	11	77	41.231056
	11	78	31.38471
	11	79	50.219517
	11	80	89.84431
	11	81	75.272835
	11	82	81.608826
	11	83	67.17886
	11	84	97.94386
	11	85	90.27181
	11	86	79.81228
	11	87	8.062258
	11	88	71.867935
	11	89	67.08204
	11	90	59.615433
	11	91	56.0803
	11	92	49.76947
	11	93	28.284271
	11	94	79.05694
	11	95	34.98571
	11	96	60.53924
	11	97	15.0
	11	98	87.46428
	11	99	83.02409
	12	0	30.016663
	12	1	48.270073
	12	2	13.341664
	12	3	22.203604
	12	4	61.294373
	12	5	51.739735
	12	6	47.759815
	12	7	46.615448
	12	8	32.06244
	12	9	50.08992
	12	10	65.06919
	12	11	32.31099
	12	12	0.0
	12	13	59.908264
	12	14	13.453624
	12	15	74.63243
	12	16	45.221676
	12	17	34.132095
	12	18	6.708204
	12	19	10.440307
	12	20	71.55418
	12	21	92.31468
	12	22	54.129475
	12	23	48.010414
	12	24	76.843994
	12	25	10.049875
	12	26	24.596748
	12	27	46.872166
	12	28	38.28838
	12	29	68.117546
	12	30	63.007935
	12	31	47.07441
	12	32	34.525352
	12	33	30.0
	12	34	51.894123
	12	35	42.426407
	12	36	35.22783
	12	37	15.811388
	12	38	34.669872
	12	39	64.40497
	12	40	40.853397
	12	41	26.076809
	12	42	60.671246
	12	43	31.780497
	12	44	30.675724
	12	45	65.96969
	12	46	73.82411
	12	47	84.59905
	12	48	65.0
	12	49	52.773098
	12	50	21.377558
	12	51	4.472136
	12	52	31.95309
	12	53	44.0
	12	54	59.20304
	12	55	40.706264
	12	56	67.72001
	12	57	88.005684
	12	58	51.613953
	12	59	50.931328
	12	60	42.579338
	12	61	58.00862
	12	62	52.40229
	12	63	59.03389
	12	64	32.06244
	12	65	10.0
	12	66	51.47815
	12	67	70.028564
	12	68	59.03389
	12	69	25.495098
	12	70	13.601471
	12	71	85.04117
	12	72	21.931713
	12	73	38.948685
	12	74	44.0
	12	75	61.03278
	12	76	76.55717
	12	77	10.198039
	12	78	28.160255
	12	79	53.009434
	12	80	57.72348
	12	81	55.226807
	12	82	60.0
	12	83	62.361847
	12	84	79.93122
	12	85	79.755875
	12	86	69.354164
	12	87	25.553865
	12	88	73.43705
	12	89	51.613953
	12	90	27.313
	12	91	39.661064
	12	92	17.464249
	12	93	8.246211
	12	94	49.819675
	12	95	6.0
	12	96	28.231188
	12	97	19.209373
	12	98	57.07889
	12	99	52.009613
	13	0	84.0
	13	1	58.59181
	13	2	46.572525
	13	3	40.04997
	13	4	99.35794
	13	5	106.677086
	13	6	33.61547
	13	7	100.16985
	13	8	29.068884
	13	9	89.140335
	13	10	63.348244
	13	11	92.0489
	13	12	59.908264
	13	13	0.0
	13	14	55.00909
	13	15	58.077534
	13	16	61.05735
	13	17	93.74433
	13	18	65.11528
	13	19	51.264023
	13	20	119.753914
	13	21	86.00581
	13	22	12.0415945
	13	23	18.867962
	13	24	94.33981
	13	25	50.596443
	13	26	84.118965
	13	27	90.60905
	13	28	95.7549
	13	29	103.6002
	13	30	69.260376
	13	31	27.730848
	13	32	94.36631
	13	33	76.53104
	13	34	101.21265
	13	35	98.83825
	13	36	73.593475
	13	37	53.0
	13	38	87.0919
	13	39	112.805145
	13	40	90.21086
	13	41	44.553337
	13	42	89.587944
	13	43	91.394745
	13	44	90.52071
	13	45	108.245094
	13	46	83.240616
	13	47	90.60905
	13	48	10.198039
	13	49	40.5216
	13	50	71.693794
	13	51	57.070133
	13	52	91.76056
	13	53	20.518284
	13	54	112.60551
	13	55	99.95999
	13	56	89.0
	13	57	86.209045
	13	58	63.505905
	13	59	56.859474
	13	60	86.4523
	13	61	16.0
	13	62	53.488316
	13	63	112.898186
	13	64	90.934044
	13	65	50.289165
	13	66	16.40122
	13	67	101.788994
	13	68	13.038404
	13	69	63.788715
	13	70	62.03225
	13	71	79.025314
	13	72	67.18631
	13	73	62.625874
	13	74	20.518284
	13	75	96.82975
	13	76	89.1852
	13	77	50.92151
	13	78	74.63243
	13	79	90.02777
	13	80	2.236068
	13	81	54.708317
	13	82	51.971146
	13	83	85.47514
	13	84	70.0
	13	85	85.90693
	13	86	80.00625
	13	87	84.758484
	13	88	101.21265
	13	89	63.505905
	13	90	33.24154
	13	91	60.0
	13	92	42.755116
	13	93	64.25729
	13	94	25.632011
	13	95	58.694122
	13	96	32.24903
	13	97	77.83315
	13	98	18.027756
	13	99	15.231546
	14	0	43.011627
	14	1	34.828148
	14	2	13.601471
	14	3	24.698177
	14	4	53.160137
	14	5	51.86521
	14	6	36.496574
	14	7	45.607018
	14	8	25.942244
	14	9	41.761227
	14	10	51.62364
	14	11	39.051247
	14	12	13.453624
	14	13	55.00909
	14	14	0.0
	14	15	61.587337
	14	16	31.906113
	14	17	43.56604
	14	18	19.849434
	14	19	7.071068
	14	20	67.80118
	14	21	78.873314
	14	22	51.855568
	14	23	40.024994
	14	24	64.7611
	14	25	9.055386
	14	26	31.016125
	14	27	40.24922
	14	28	40.853397
	14	29	59.439045
	14	30	49.648766
	14	31	37.0
	14	32	43.185646
	14	33	43.416588
	14	34	48.270073
	14	35	43.829212
	14	36	25.495098
	14	37	25.317978
	14	38	47.801674
	14	39	60.60528
	14	40	36.878178
	14	41	32.38827
	14	42	50.0
	14	43	38.118237
	14	44	38.0
	14	45	59.5063
	14	46	60.835846
	14	47	71.55418
	14	48	61.854668
	14	49	40.496914
	14	50	17.029387
	14	51	15.652476
	14	52	39.012817
	14	53	36.40055
	14	54	58.258045
	14	55	45.891174
	14	56	55.9017
	14	57	74.63243
	14	58	38.27532
	14	59	37.48333
	14	60	35.77709
	14	61	49.819675
	14	62	39.051247
	14	63	58.412327
	14	64	42.72002
	14	65	10.049875
	14	66	50.20956
	14	67	60.40695
	14	68	51.41984
	14	69	37.696156
	14	70	26.41969
	14	71	71.5891
	14	72	34.98571
	14	73	26.0
	14	74	36.40055
	14	75	52.17279
	14	76	63.90618
	14	77	8.062258
	14	78	21.633308
	14	79	44.14748
	14	80	52.773098
	14	81	41.868843
	14	82	46.872166
	14	83	50.635956
	14	84	66.52819
	14	85	66.64833
	14	86	56.364883
	14	87	31.144823
	14	88	63.007935
	14	89	38.27532
	14	90	26.400757
	14	91	26.41969
	14	92	18.384777
	14	93	11.18034
	14	94	40.012497
	14	95	18.35756
	14	96	27.018513
	14	97	24.083189
	14	98	48.507732
	14	99	44.38468
	15	0	104.56099
	15	1	30.594116
	15	2	66.48308
	15	3	70.60453
	15	4	69.375786
	15	5	95.084175
	15	6	31.38471
	15	7	88.14193
	15	8	53.535034
	15	9	64.381676
	15	10	16.492422
	15	11	96.13532
	15	12	74.63243
	15	13	58.077534
	15	14	61.587337
	15	15	0.0
	15	16	35.510563
	15	17	103.077644
	15	18	81.27115
	15	19	64.815125
	15	20	95.34149
	15	21	28.071337
	15	22	67.08204
	15	23	43.965897
	15	24	47.63402
	15	25	66.068146
	15	26	88.95505
	15	27	70.064255
	15	28	91.78235
	15	29	69.641945
	15	30	25.298222
	15	31	36.249138
	15	32	101.950966
	15	33	103.58572
	15	34	83.09633
	15	35	91.92388
	15	36	57.558666
	15	37	80.622574
	15	38	109.28861
	15	39	90.255196
	15	40	76.1643
	15	41	80.21222
	15	42	54.708317
	15	43	94.86833
	15	44	95.85927
	15	45	79.81228
	15	46	34.058773
	15	47	36.891735
	15	48	68.007355
	15	49	23.600847
	15	50	68.622154
	15	51	75.43209
	15	52	96.462425
	15	53	46.238514
	15	54	97.082436
	15	55	99.92497
	15	56	47.41308
	15	57	29.410883
	15	58	31.016125
	15	59	26.683329
	15	60	68.007355
	15	61	42.107006
	15	62	23.409399
	15	63	98.045906
	15	64	103.315056
	15	65	66.70832
	15	66	69.856995
	15	67	64.884514
	15	68	45.044422
	15	69	94.76286
	15	70	85.79627
	15	71	21.587032
	15	72	94.17537
	15	73	42.953465
	15	74	46.238514
	15	75	65.52099
	15	76	40.36087
	15	77	65.43699
	15	78	65.734314
	15	79	62.801273
	15	80	57.21888
	15	81	20.880613
	15	82	14.764823
	15	83	47.169907
	15	84	12.369317
	15	85	33.42155
	15	86	33.286633
	15	87	88.25531
	15	88	60.90156
	15	89	31.016125
	15	90	64.899925
	15	91	40.261642
	15	92	67.26812
	15	93	72.06941
	15	94	36.05551
	15	95	78.24321
	15	96	64.3506
	15	97	82.07923
	15	98	40.1995
	15	99	44.911022
	16	0	73.53911
	16	1	5.0
	16	2	42.059483
	16	3	50.635956
	16	4	40.0
	16	5	60.033325
	16	6	28.319605
	16	7	53.009434
	16	8	39.45884
	16	9	31.780497
	16	10	21.470911
	16	11	61.326992
	16	12	45.221676
	16	13	61.05735
	16	14	31.906113
	16	15	35.510563
	16	16	0.0
	16	17	68.96376
	16	18	51.224995
	16	19	37.576588
	16	20	63.97656
	16	21	47.38143
	16	22	64.25729
	16	23	42.190044
	16	24	36.05551
	16	25	39.39543
	16	26	54.589375
	16	27	36.138622
	16	28	56.293873
	16	29	43.13931
	16	30	17.804493
	16	31	33.600594
	16	32	67.53518
	16	33	75.21303
	16	34	49.0306
	16	35	56.435802
	16	36	22.090721
	16	37	56.0803
	16	38	78.492035
	16	39	57.939625
	16	40	41.01219
	16	41	60.207973
	16	42	28.600698
	16	43	60.00833
	16	44	61.269894
	16	45	49.92995
	16	46	29.410883
	16	47	39.92493
	16	48	70.71068
	16	49	24.698177
	16	50	34.0
	16	51	47.507893
	16	52	61.741398
	16	53	41.14608
	16	54	62.801273
	16	55	64.56005
	16	56	28.86174
	16	57	42.80187
	16	58	6.4031243
	16	59	9.0
	16	60	33.37664
	16	61	48.166378
	16	62	13.152946
	16	63	63.63961
	16	64	69.89278
	16	65	40.311287
	16	66	64.84597
	16	67	40.804413
	16	68	51.088158
	16	69	69.31811
	16	70	58.30952
	16	71	40.36087
	16	72	66.88796
	16	73	7.615773
	16	74	41.14608
	16	75	36.878178
	16	76	33.37664
	16	77	38.483765
	16	78	30.364452
	16	79	31.38471
	16	80	59.16925
	16	81	15.0
	16	82	22.022715
	16	83	24.698177
	16	84	36.71512
	16	85	34.928497
	16	86	25.0
	16	87	53.66563
	16	88	40.24922
	16	89	6.4031243
	16	90	48.010414
	16	91	5.656854
	16	92	45.122055
	16	93	40.311287
	16	94	36.23534
	16	95	50.24938
	16	96	48.0
	16	97	48.02083
	16	98	46.010868
	16	99	46.043457
	17	0	19.697716
	17	1	73.3553
	17	2	47.38143
	17	3	54.405884
	17	4	64.40497
	17	5	36.0
	17	6	80.06248
	17	7	35.69314
	17	8	66.189125
	17	9	56.302753
	17	10	90.426765
	17	11	9.848858
	17	12	34.132095
	17	13	93.74433
	17	14	43.56604
	17	15	103.077644
	17	16	68.96376
	17	17	0.0
	17	18	28.635643
	17	19	44.0
	17	20	61.03278
	17	21	115.2085
	17	22	86.977005
	17	23	82.02438
	17	24	90.90655
	17	25	44.04543
	17	26	14.422205
	17	27	49.73932
	17	28	22.561028
	17	29	71.5891
	17	30	85.70297
	17	31	80.305664
	17	32	3.0
	17	33	31.38471
	17	34	45.607018
	17	35	27.294687
	17	36	49.67897
	17	37	42.953465
	17	38	22.561028
	17	39	55.326305
	17	40	39.824615
	17	41	54.120235
	17	42	71.40028
	17	43	11.18034
	17	44	8.602325
	17	45	63.600315
	17	46	92.76314
	17	47	103.27633
	17	48	98.0816
	17	49	83.677956
	17	50	34.98571
	17	51	36.67424
	17	52	8.944272
	17	53	78.05767
	17	54	44.04543
	17	55	16.124516
	17	56	81.565926
	17	57	109.63576
	17	58	74.94665
	17	59	76.922035
	17	60	47.434166
	17	61	92.021736
	17	62	79.70571
	17	63	43.104523
	17	64	5.3851647
	17	65	44.102154
	17	66	83.81527
	17	67	76.05919
	17	68	93.13431
	17	69	40.311287
	17	70	34.0
	17	71	108.72442
	17	72	33.970577
	17	73	61.400326
	17	74	78.05767
	17	75	66.24198
	17	76	93.34881
	17	77	44.011364
	17	78	39.824615
	17	79	59.908264
	17	80	91.591484
	17	81	82.346825
	17	82	88.391174
	17	83	76.48529
	17	84	105.67876
	17	85	99.15644
	17	86	88.61716
	17	87	15.6205
	17	88	81.63332
	17	89	74.94665
	17	90	60.63827
	17	91	63.529522
	17	92	50.990196
	17	93	32.38827
	17	94	83.21658
	17	95	35.17101
	17	96	61.611687
	17	97	21.023796
	17	98	91.0
	17	99	86.09297
	18	0	23.323807
	18	1	54.48853
	18	2	19.0
	18	3	26.0
	18	4	64.0
	18	5	50.47772
	18	6	54.42426
	18	7	46.06517
	18	8	38.013157
	18	9	53.08484
	18	10	71.42129
	18	11	28.301943
	18	12	6.708204
	18	13	65.11528
	18	14	19.849434
	18	15	81.27115
	18	16	51.224995
	18	17	28.635643
	18	18	0.0
	18	19	17.088007
	18	20	71.867935
	18	21	98.49365
	18	22	58.5235
	18	23	54.147945
	18	24	81.706795
	18	25	16.492422
	18	26	21.260292
	18	27	49.09175
	18	28	36.23534
	18	29	71.02816
	18	30	69.02898
	18	31	53.600372
	18	32	29.410883
	18	33	24.186773
	18	34	52.49762
	18	35	40.804413
	18	36	39.293766
	18	37	16.27882
	18	38	28.01785
	18	39	64.84597
	18	40	41.976185
	18	41	27.58623
	18	42	64.7611
	18	43	28.01785
	18	44	26.41969
	18	45	67.74216
	18	46	79.40403
	18	47	90.21086
	18	48	69.57011
	18	49	59.48109
	18	50	24.083189
	18	51	8.062258
	18	52	27.784887
	18	53	50.08992
	18	54	58.30952
	18	55	37.202152
	18	56	72.44998
	18	57	94.02127
	18	58	57.628117
	18	59	57.280014
	18	60	45.01111
	18	61	64.12488
	18	62	58.898216
	18	63	57.982758
	18	64	26.019224
	18	65	16.27882
	18	66	55.542778
	18	67	73.43705
	18	68	65.00769
	18	69	22.022715
	18	70	10.198039
	18	71	91.28527
	18	72	17.262676
	18	73	44.65423
	18	74	50.08992
	18	75	64.12488
	18	76	81.84131
	18	77	16.763054
	18	78	31.144823
	18	79	56.22277
	18	80	62.968246
	18	81	61.7171
	18	82	66.61081
	18	83	67.06713
	18	84	86.37129
	18	85	85.44004
	18	86	74.94665
	18	87	22.627417
	18	88	77.27872
	18	89	57.628117
	18	90	32.01562
	18	91	45.607018
	18	92	22.36068
	18	93	11.7046995
	18	94	56.293873
	18	95	6.708204
	18	96	32.984844
	18	97	17.492855
	18	98	63.28507
	18	99	58.034473
	19	0	40.24922
	19	1	39.962482
	19	2	6.708204
	19	3	17.888544
	19	4	60.166435
	19	5	56.85068
	19	6	37.336308
	19	7	50.931328
	19	8	22.561028
	19	9	48.76474
	19	10	56.22277
	19	11	41.0
	19	12	10.440307
	19	13	51.264023
	19	14	7.071068
	19	15	64.815125
	19	16	37.576588
	19	17	44.0
	19	18	17.088007
	19	19	0.0
	19	20	74.06078
	19	21	83.81527
	19	22	46.872166
	19	23	38.052597
	19	24	71.38628
	19	25	2.0
	19	26	32.984844
	19	27	47.010635
	19	28	44.777225
	19	29	66.4906
	19	30	55.072678
	19	31	36.67424
	19	32	44.102154
	19	33	38.8973
	19	34	54.405884
	19	35	48.259712
	19	36	32.55764
	19	37	18.681541
	19	38	44.777225
	19	39	66.85058
	19	40	43.011627
	19	41	25.317978
	19	42	57.00877
	19	43	40.261642
	19	44	39.623226
	19	45	66.309875
	19	46	66.85058
	19	47	77.47257
	19	48	57.306194
	19	49	42.544094
	19	50	22.803509
	19	51	10.630146
	19	52	40.792156
	19	53	34.132095
	19	54	63.655323
	19	55	48.703182
	19	56	62.649822
	19	57	79.924965
	19	58	43.829212
	19	59	42.201897
	19	60	42.544094
	19	61	48.04165
	19	62	43.185646
	19	63	63.702435
	19	64	42.296574
	19	65	3.0
	19	66	44.82187
	19	67	67.47592
	19	68	49.25444
	19	69	31.764761
	19	70	21.260292
	19	71	76.40026
	19	72	29.832869
	19	73	32.280025
	19	74	34.132095
	19	75	59.22837
	19	76	70.21396
	19	77	1.0
	19	78	28.178005
	19	79	51.1957
	19	80	49.0408
	19	81	46.010868
	19	82	50.32892
	19	83	57.428215
	19	84	70.76723
	19	85	72.498276
	19	86	62.39391
	19	87	33.526108
	19	88	70.028564
	19	89	43.829212
	19	90	20.518284
	19	91	32.31099
	19	92	11.661903
	19	93	13.0
	19	94	39.45884
	19	95	13.453624
	19	96	21.260292
	19	97	26.57066
	19	98	47.0
	19	99	42.190044
	20	0	79.22752
	20	1	68.54196
	20	2	80.70936
	20	3	91.809586
	20	4	26.172504
	20	5	25.079872
	20	6	90.73588
	20	7	26.476404
	20	8	91.93476
	20	9	32.202484
	20	10	78.854294
	20	11	52.03845
	20	12	71.55418
	20	13	119.753914
	20	14	67.80118
	20	15	95.34149
	20	16	63.97656
	20	17	61.03278
	20	18	71.867935
	20	19	74.06078
	20	20	0.0
	20	21	91.26884
	20	22	118.869675
	20	23	101.828285
	20	24	56.718605
	20	25	75.716576
	20	26	53.935146
	20	27	29.206163
	20	28	39.115215
	20	29	28.284271
	20	30	70.21396
	20	31	94.86833
	20	32	58.034473
	20	33	89.106674
	20	34	19.723083
	20	35	34.058773
	20	36	46.227695
	20	37	87.23531
	20	38	83.0542
	20	39	7.2111025
	20	40	31.06445
	20	41	97.52948
	20	42	41.19466
	20	43	51.088158
	20	44	54.08327
	20	45	16.0
	20	46	67.00746
	20	47	73.68175
	20	48	128.0039
	20	49	88.54942
	20	50	51.312767
	20	51	76.02631
	20	52	53.037724
	20	53	99.35794
	20	54	17.464249
	20	55	45.17743
	20	56	51.009804
	20	57	84.29116
	20	58	65.78754
	20	59	72.235725
	20	60	33.30165
	20	61	109.859
	20	62	76.6942
	20	63	18.681541
	20	64	66.0
	20	65	76.55064
	20	66	117.68602
	20	67	34.525352
	20	68	112.41441
	20	69	93.00538
	20	70	81.9329
	20	71	88.0
	20	72	87.0919
	20	73	59.16925
	20	74	99.35794
	20	75	30.149628
	20	76	63.28507
	20	77	74.88658
	20	78	46.227695
	20	79	32.89377
	20	80	117.592514
	20	81	77.83315
	20	82	84.758484
	20	83	49.162994
	20	84	90.44888
	20	85	72.1734
	20	86	65.06919
	20	87	51.971146
	20	88	41.0
	20	89	65.78754
	20	90	94.20191
	20	91	62.26556
	20	92	85.70297
	20	93	63.529522
	20	94	97.90812
	20	95	76.96753
	20	96	94.81033
	20	97	54.708317
	20	98	107.8981
	20	99	106.21205
	21	0	120.91733
	21	1	44.04543
	21	2	87.13208
	21	3	93.471924
	21	4	65.76473
	21	5	98.35141
	21	6	56.753853
	21	7	92.11406
	21	8	77.83315
	21	9	65.459915
	21	10	27.784887
	21	11	106.78015
	21	12	92.31468
	21	13	86.00581
	21	14	78.873314
	21	15	28.071337
	21	16	47.38143
	21	17	115.2085
	21	18	98.49365
	21	19	83.81527
	21	20	91.26884
	21	21	0.0
	21	22	94.53042
	21	23	70.85902
	21	24	35.057095
	21	25	85.44589
	21	26	100.80179
	21	27	72.44998
	21	28	99.29753
	21	29	63.07139
	21	30	29.732138
	21	31	62.369865
	21	32	113.46365
	21	33	122.28655
	21	34	84.48077
	21	35	97.98979
	21	36	65.734314
	21	37	101.54802
	21	38	125.872955
	21	39	87.965904
	21	40	81.02469
	21	41	103.315056
	21	42	51.1957
	21	43	105.3945
	21	44	107.07474
	21	45	75.32596
	21	46	24.738634
	21	47	18.248287
	21	48	96.00521
	21	49	48.507732
	21	50	80.43009
	21	51	94.20191
	21	52	107.33592
	21	53	72.56721
	21	54	97.984695
	21	55	108.30051
	21	56	40.4475
	21	57	7.0
	21	58	41.01219
	21	59	41.617306
	21	60	72.09022
	21	61	70.00714
	21	62	41.18252
	21	63	99.20181
	21	64	116.6619
	21	65	86.26703
	21	66	97.015465
	21	67	57.00877
	21	68	73.0
	21	69	115.37764
	21	70	105.0
	21	71	7.615773
	21	72	113.600174
	21	73	54.48853
	21	74	72.56721
	21	75	61.81424
	21	76	28.01785
	21	77	84.6286
	21	78	75.45197
	21	79	62.641838
	21	80	85.052925
	21	81	38.470768
	21	82	36.687874
	21	83	43.416588
	21	84	16.03122
	21	85	19.104973
	21	86	27.856777
	21	87	99.62429
	21	88	51.0392
	21	89	41.01219
	21	90	88.76936
	21	91	53.037724
	21	92	89.06739
	21	93	87.69264
	21	94	62.801273
	21	95	97.00516
	21	96	88.391174
	21	97	94.641426
	21	98	68.0294
	21	99	72.33948
	22	0	75.42546
	22	1	62.641838
	22	2	41.18252
	22	3	32.572994
	22	4	100.40418
	22	5	103.6002
	22	6	39.20459
	22	7	97.45255
	22	8	27.018513
	22	9	89.62701
	22	10	70.11419
	22	11	86.40602
	22	12	54.129475
	22	13	12.0415945
	22	14	51.855568
	22	15	67.08204
	22	16	64.25729
	22	17	86.977005
	22	18	58.5235
	22	19	46.872166
	22	20	118.869675
	22	21	94.53042
	22	22	0.0
	22	23	24.020824
	22	24	99.20181
	22	25	45.79301
	22	26	78.72102
	22	27	90.13878
	22	28	91.58602
	22	29	105.30907
	22	30	74.96666
	22	31	33.13608
	22	32	87.92042
	22	33	67.00746
	22	34	99.70457
	22	35	95.131485
	22	36	73.409805
	22	37	44.72136
	22	38	78.10249
	22	39	111.75867
	22	40	88.4138
	22	41	35.014282
	22	42	92.13577
	22	43	85.90693
	22	44	84.693565
	22	45	108.60018
	22	46	89.106674
	22	47	97.32934
	22	48	11.18034
	22	49	47.042534
	22	50	68.88396
	22	51	50.695168
	22	52	86.00581
	22	53	23.537205
	22	54	110.11358
	22	55	94.81033
	22	56	92.973114
	22	57	94.04786
	22	58	67.72001
	22	59	61.611687
	22	60	85.79627
	22	61	25.632011
	22	62	58.855755
	22	63	110.25879
	22	64	83.677956
	22	65	45.276924
	22	66	4.472136
	22	67	104.20173
	22	68	23.259407
	22	69	54.037025
	22	70	53.935146
	22	71	87.28116
	22	72	58.077534
	22	73	64.412735
	22	74	23.537205
	22	75	98.270035
	22	76	94.72592
	22	77	46.32494
	22	78	72.835434
	22	79	90.97253
	22	80	11.401754
	22	81	60.530983
	22	82	59.008472
	22	83	88.95505
	22	84	78.51752
	22	85	92.43917
	22	86	85.51023
	22	87	79.60528
	22	88	104.388695
	22	89	67.72001
	22	90	26.832815
	22	91	62.169125
	22	92	36.67424
	22	93	59.682495
	22	94	32.0
	22	95	51.86521
	22	96	25.942244
	22	97	72.94518
	22	98	27.202942
	22	99	22.203604
	23	0	75.70998
	23	1	39.812057
	23	2	35.22783
	23	3	33.105892
	23	4	80.72174
	23	5	90.37699
	23	6	15.297058
	23	7	83.630135
	23	8	16.27882
	23	9	70.724815
	23	10	46.09772
	23	11	78.77182
	23	12	48.010414
	23	13	18.867962
	23	14	40.024994
	23	15	43.965897
	23	16	42.190044
	23	17	82.02438
	23	18	54.147945
	23	19	38.052597
	23	20	101.828285
	23	21	70.85902
	23	22	24.020824
	23	23	0.0
	23	24	75.89466
	23	25	38.0
	23	26	70.71068
	23	27	72.62231
	23	28	80.65358
	23	29	84.811554
	23	30	51.1957
	23	31	9.219544
	23	32	82.1523
	23	33	70.5762
	23	34	83.761566
	23	35	83.21658
	23	36	55.605755
	23	37	45.88028
	23	38	79.555016
	23	39	95.0
	23	40	73.061615
	23	41	41.04875
	23	42	70.724815
	23	43	77.92946
	23	44	77.52419
	23	45	89.80534
	23	46	65.30697
	23	47	73.33485
	23	48	28.635643
	23	49	23.021729
	23	50	55.713554
	23	51	46.270943
	23	52	78.63841
	23	53	4.1231055
	23	54	95.77056
	23	55	85.90693
	23	56	70.26379
	23	57	70.11419
	23	58	44.777225
	23	59	38.27532
	23	60	68.60029
	23	61	10.0
	23	62	35.17101
	23	63	96.17692
	23	64	80.05623
	23	65	38.013157
	23	66	26.172504
	23	67	82.92768
	23	68	11.401754
	23	69	59.03389
	23	70	53.851646
	23	71	63.505905
	23	72	60.74537
	23	73	43.931767
	23	74	4.1231055
	23	75	78.10249
	23	76	71.063354
	23	77	38.013157
	23	78	57.706154
	23	79	71.44928
	23	80	17.0
	23	81	36.67424
	23	82	35.0
	23	83	66.64833
	23	84	54.91812
	23	85	68.46897
	23	86	61.846584
	23	87	71.021126
	23	88	82.36504
	23	89	44.777225
	23	90	25.942244
	23	91	41.231056
	23	92	32.984844
	23	93	50.48762
	23	94	8.062258
	23	95	48.507732
	23	96	25.059929
	23	97	63.953106
	23	98	9.219544
	23	99	4.472136
	24	0	101.21265
	24	1	36.67424
	24	2	76.79192
	24	3	86.209045
	24	4	32.31099
	24	5	67.23094
	24	6	60.74537
	24	7	61.854668
	24	8	75.42546
	24	9	35.468296
	24	10	33.42155
	24	11	81.46779
	24	12	76.843994
	24	13	94.33981
	24	14	64.7611
	24	15	47.63402
	24	16	36.05551
	24	17	90.90655
	24	18	81.706795
	24	19	71.38628
	24	20	56.718605
	24	21	35.057095
	24	22	99.20181
	24	23	75.89466
	24	24	0.0
	24	25	73.34848
	24	26	77.201035
	24	27	42.638012
	24	28	71.50524
	24	29	28.442924
	24	30	25.553865
	24	31	66.730804
	24	32	88.61716
	24	33	105.702415
	24	34	52.83938
	24	35	69.02898
	24	36	42.941822
	24	37	90.02777
	24	38	106.174385
	24	39	54.120235
	24	40	52.40229
	24	41	95.524864
	24	42	19.849434
	24	43	80.05623
	24	44	82.32861
	24	45	41.0
	24	46	13.601471
	24	47	17.029387
	24	48	104.40307
	24	49	54.129475
	24	50	59.05929
	24	51	80.08121
	24	52	82.219215
	24	53	75.690155
