data;

param n := 100;

param p := 20;

param m := 2;

param alpha := 10.156180381774902;

param r := 
	0	1
	1	1
	2	1
	3	0
	4	0
	5	0
	6	0
	7	1
	8	1
	9	0
	10	0
	11	0
	12	1
	13	0
	14	0
	15	1
	16	1
	17	0
	18	0
	19	0
	20	1
	21	1
	22	0
	23	0
	24	1
	25	0
	26	0
	27	0
	28	1
	29	0
	30	1
	31	1
	32	0
	33	0
	34	1
	35	0
	36	1
	37	0
	38	0
	39	0
	40	1
	41	0
	42	1
	43	1
	44	0
	45	0
	46	0
	47	0
	48	0
	49	1
	50	1
	51	0
	52	1
	53	1
	54	1
	55	1
	56	0
	57	1
	58	0
	59	0
	60	0
	61	1
	62	0
	63	1
	64	0
	65	0
	66	0
	67	1
	68	0
	69	1
	70	1
	71	0
	72	0
	73	1
	74	1
	75	1
	76	1
	77	1
	78	1
	79	0
	80	0
	81	1
	82	1
	83	0
	84	0
	85	0
	86	1
	87	0
	88	0
	89	1
	90	0
	91	1
	92	0
	93	1
	94	0
	95	1
	96	1
	97	1
	98	0
	99	0
;

param d := 
	0	1
	1	1
	2	1
	3	0
	4	1
	5	1
	6	1
	7	1
	8	1
	9	1
	10	1
	11	0
	12	1
	13	0
	14	0
	15	1
	16	1
	17	1
	18	1
	19	0
	20	1
	21	1
	22	0
	23	0
	24	1
	25	0
	26	0
	27	1
	28	1
	29	0
	30	1
	31	1
	32	0
	33	1
	34	1
	35	1
	36	1
	37	0
	38	1
	39	0
	40	1
	41	0
	42	1
	43	1
	44	0
	45	1
	46	1
	47	1
	48	0
	49	1
	50	1
	51	1
	52	1
	53	1
	54	1
	55	1
	56	1
	57	1
	58	0
	59	1
	60	1
	61	1
	62	0
	63	1
	64	1
	65	0
	66	1
	67	1
	68	1
	69	1
	70	1
	71	0
	72	0
	73	1
	74	1
	75	1
	76	1
	77	1
	78	1
	79	0
	80	0
	81	1
	82	1
	83	1
	84	0
	85	1
	86	1
	87	1
	88	0
	89	1
	90	1
	91	1
	92	1
	93	1
	94	1
	95	1
	96	1
	97	1
	98	1
	99	0
;

param c := 
	0	0	0.0
	0	1	78.84795
	0	2	48.83646
	0	3	82.1523
	0	4	75.591
	0	5	63.812225
	0	6	25.612497
	0	7	58.694122
	0	8	54.74486
	0	9	83.67198
	0	10	100.65784
	0	11	74.30343
	0	12	79.755875
	0	13	50.92151
	0	14	40.311287
	0	15	39.623226
	0	16	68.88396
	0	17	73.661385
	0	18	59.405388
	0	19	57.271286
	0	20	33.54102
	0	21	41.0
	0	22	42.941822
	0	23	86.313385
	0	24	65.62012
	0	25	55.470715
	0	26	59.20304
	0	27	75.42546
	0	28	66.4003
	0	29	69.40461
	0	30	36.878178
	0	31	66.189125
	0	32	13.341664
	0	33	97.59098
	0	34	30.413813
	0	35	80.454956
	0	36	83.86298
	0	37	60.827625
	0	38	31.575306
	0	39	72.00694
	0	40	64.49806
	0	41	64.288414
	0	42	105.3945
	0	43	44.011364
	0	44	3.1622777
	0	45	8.602325
	0	46	38.209946
	0	47	50.48762
	0	48	72.47068
	0	49	81.3019
	0	50	62.1289
	0	51	100.68764
	0	52	65.802734
	0	53	56.435802
	0	54	85.42833
	0	55	68.154236
	0	56	93.40771
	0	57	27.294687
	0	58	13.928389
	0	59	53.851646
	0	60	67.80118
	0	61	77.201035
	0	62	18.788294
	0	63	79.37884
	0	64	57.801384
	0	65	65.37584
	0	66	74.62573
	0	67	70.21396
	0	68	49.09175
	0	69	74.168724
	0	70	51.264023
	0	71	24.758837
	0	72	47.38143
	0	73	17.029387
	0	74	75.61085
	0	75	23.43075
	0	76	42.941822
	0	77	3.1622777
	0	78	35.057095
	0	79	77.388626
	0	80	91.836815
	0	81	13.892444
	0	82	66.910385
	0	83	39.623226
	0	84	29.0
	0	85	86.815895
	0	86	82.32861
	0	87	27.45906
	0	88	59.413803
	0	89	17.464249
	0	90	88.14193
	0	91	101.8332
	0	92	49.67897
	0	93	57.706154
	0	94	56.302753
	0	95	23.769728
	0	96	57.48913
	0	97	31.575306
	0	98	75.0
	0	99	107.647575
	1	0	78.84795
	1	1	0.0
	1	2	72.235725
	1	3	22.803509
	1	4	16.643316
	1	5	53.413483
	1	6	56.22277
	1	7	40.81666
	1	8	91.18114
	1	9	14.0
	1	10	45.0
	1	11	59.464275
	1	12	60.0
	1	13	64.884514
	1	14	41.01219
	1	15	84.92938
	1	16	98.88377
	1	17	35.0
	1	18	49.09175
	1	19	72.94518
	1	20	82.8734
	1	21	40.81666
	1	22	97.49359
	1	23	45.310043
	1	24	80.1561
	1	25	51.47815
	1	26	98.79271
	1	27	99.8599
	1	28	48.166378
	1	29	49.497475
	1	30	85.32877
	1	31	92.660675
	1	32	92.17918
	1	33	49.648766
	1	34	71.568146
	1	35	57.428215
	1	36	89.106674
	1	37	58.249462
	1	38	52.478565
	1	39	29.832869
	1	40	17.691807
	1	41	71.84706
	1	42	69.375786
	1	43	63.245552
	1	44	81.49233
	1	45	85.70297
	1	46	48.259712
	1	47	87.92042
	1	48	32.01562
	1	49	102.41582
	1	50	82.85529
	1	51	64.84597
	1	52	70.80254
	1	53	27.89265
	1	54	51.42956
	1	55	103.315056
	1	56	78.23043
	1	57	72.249565
	1	58	68.154236
	1	59	100.28459
	1	60	48.104053
	1	61	50.803543
	1	62	97.41663
	1	63	73.593475
	1	64	27.202942
	1	65	17.804493
	1	66	23.021729
	1	67	27.58623
	1	68	83.81527
	1	69	96.79876
	1	70	97.80082
	1	71	94.08507
	1	72	32.649654
	1	73	87.36704
	1	74	7.071068
	1	75	94.19129
	1	76	58.5235
	1	77	77.12976
	1	78	79.24645
	1	79	23.70654
	1	80	58.694122
	1	81	65.51336
	1	82	79.05694
	1	83	71.30919
	1	84	96.0
	1	85	15.297058
	1	86	34.539833
	1	87	71.25307
	1	88	32.75668
	1	89	83.15047
	1	90	97.62172
	1	91	64.288414
	1	92	47.169907
	1	93	22.472204
	1	94	30.675724
	1	95	70.028564
	1	96	21.540659
	1	97	52.478565
	1	98	21.023796
	1	99	68.44706
	2	0	48.83646
	2	1	72.235725
	2	2	0.0
	2	3	61.204575
	2	4	59.439045
	2	5	25.70992
	2	6	33.83785
	2	7	32.55764
	2	8	18.973665
	2	9	68.24954
	2	10	69.375786
	2	11	31.906113
	2	12	37.44329
	2	13	8.0
	2	14	38.209946
	2	15	18.35756
	2	16	28.284271
	2	17	46.010868
	2	18	26.0
	2	19	8.5440035
	2	20	21.213203
	2	21	57.68882
	2	22	30.675724
	2	23	52.201534
	2	24	17.0
	2	25	22.090721
	2	26	26.57066
	2	27	31.906113
	2	28	31.400637
	2	29	32.984844
	2	30	20.808653
	2	31	22.803509
	2	32	55.542778
	2	33	62.968246
	2	34	18.439089
	2	35	39.446167
	2	36	35.128338
	2	37	19.924858
	2	38	58.30952
	2	39	48.166378
	2	40	68.007355
	2	41	16.124516
	2	42	63.25346
	2	43	9.899495
	2	44	48.507732
	2	45	56.753853
	2	46	29.068884
	2	47	16.124516
	2	48	47.042534
	2	49	36.67424
	2	50	14.866069
	2	51	59.405388
	2	52	18.027756
	2	53	44.72136
	2	54	47.92703
	2	55	31.622776
	2	56	46.32494
	2	57	21.587032
	2	58	53.15073
	2	59	29.068884
	2	60	32.55764
	2	61	39.56008
	2	62	61.741398
	2	63	31.906113
	2	64	45.188496
	2	65	69.40461
	2	66	54.589375
	2	67	48.507732
	2	68	12.0415945
	2	69	29.529646
	2	70	27.0
	2	71	41.109608
	2	72	56.63921
	2	73	40.311287
	2	74	65.78754
	2	75	42.638012
	2	76	14.866069
	2	77	45.705578
	2	78	17.029387
	2	79	56.32051
	2	80	51.62364
	2	81	41.109608
	2	82	18.110771
	2	83	9.219544
	2	84	39.623226
	2	85	71.021126
	2	86	54.230988
	2	87	21.377558
	2	88	74.330345
	2	89	35.77709
	2	90	40.1995
	2	91	61.03278
	2	92	25.079872
	2	93	61.846584
	2	94	41.62932
	2	95	25.179358
	2	96	58.60034
	2	97	58.30952
	2	98	81.608826
	2	99	66.4003
	3	0	82.1523
	3	1	22.803509
	3	2	61.204575
	3	3	0.0
	3	4	8.5440035
	3	5	37.64306
	3	6	56.82429
	3	7	29.017237
	3	8	79.762146
	3	9	10.0
	3	10	23.769728
	3	11	40.496914
	3	12	39.698868
	3	13	53.235325
	3	14	41.880783
	3	15	77.10383
	3	16	84.77028
	3	17	16.155495
	3	18	35.35534
	3	19	59.439045
	3	20	76.655075
	3	21	51.86521
	3	22	90.13878
	3	23	22.825424
	3	24	64.84597
	3	25	39.115215
	3	26	87.13208
	3	27	84.30895
	3	28	31.622776
	3	29	31.780497
	3	30	78.31347
	3	31	78.44743
	3	32	94.89468
	3	33	27.073973
	3	34	66.287254
	3	35	36.796738
	3	36	70.45566
	3	37	43.416588
	3	38	62.625874
	3	39	13.038404
	3	40	35.510563
	3	41	56.302753
	3	42	46.572525
	3	43	54.037025
	3	44	84.21995
	3	45	90.13878
	3	46	45.310043
	3	47	77.31753
	3	48	14.3178215
	3	49	85.86617
	3	50	68.68042
	3	51	42.059483
	3	52	54.781384
	3	53	25.806976
	3	54	29.410883
	3	55	89.98889
	3	56	56.85068
	3	57	67.911705
	3	58	74.518456
	3	59	90.27181
	3	60	31.016125
	3	61	30.610456
	3	62	100.84642
	3	63	54.405884
	3	64	24.41311
	3	65	36.345562
	3	66	7.615773
	3	67	13.152946
	3	68	73.24616
	3	69	81.154175
	3	70	88.14193
	3	71	91.76056
	3	72	43.56604
	3	73	86.37708
	3	74	17.029387
	3	75	92.34717
	3	76	50.24938
	3	77	79.755875
	3	78	72.443085
	3	79	5.0990195
	3	80	36.23534
	3	81	68.26419
	3	82	63.324562
	3	83	63.126858
	3	84	92.64988
	3	85	11.401754
	3	86	12.206555
	3	87	66.94027
	3	88	51.1957
	3	89	81.596565
	3	90	79.05694
	3	91	41.484936
	3	92	38.327538
	3	93	36.40055
	3	94	25.942244
	3	95	67.052216
	3	96	33.105892
	3	97	62.625874
	3	98	43.289722
	3	99	45.705578
	4	0	75.591
	4	1	16.643316
	4	2	59.439045
	4	3	8.5440035
	4	4	0.0
	4	5	38.078865
	4	6	50.695168
	4	7	26.925823
	4	8	78.339005
	4	9	9.0
	4	10	32.280025
	4	11	43.13931
	4	12	43.416588
	4	13	51.662365
	4	14	35.341194
	4	15	74.10803
	4	16	84.693565
	4	17	18.439089
	4	18	34.539833
	4	19	58.872746
	4	20	73.02739
	4	21	43.60046
	4	22	87.05171
	4	23	29.12044
	4	24	65.29931
	4	25	37.64306
	4	26	85.86617
	4	27	85.0
	4	28	32.449963
	4	29	33.42155
	4	30	75.00667
	4	31	78.39005
	4	32	88.56636
	4	33	35.014282
	4	34	62.201286
	4	35	40.804413
	4	36	73.0
	4	37	43.382023
	4	38	54.56189
	4	39	13.453624
	4	40	27.166155
	4	41	56.82429
	4	42	53.75872
	4	43	51.351727
	4	44	77.820305
	4	45	83.35467
	4	46	40.024994
	4	47	75.50497
	4	48	15.556349
	4	49	87.13208
	4	50	68.54196
	4	51	49.0306
	4	52	55.569775
	4	53	19.313208
	4	54	34.928497
	4	55	89.537704
	4	56	61.587337
	4	57	63.505905
	4	58	67.20119
	4	59	88.28363
	4	60	32.202484
	4	61	34.20526
	4	62	94.36631
	4	63	57.280014
	4	64	18.027756
	4	65	28.071337
	4	66	6.4031243
	4	67	11.661903
	4	68	71.38628
	4	69	81.88406
	4	70	85.98837
	4	71	86.88498
	4	72	35.22783
	4	73	81.0432
	4	74	9.848858
	4	75	87.32124
	4	76	47.095646
	4	77	73.34848
	4	78	69.0
	4	79	7.28011
	4	80	42.379242
	4	81	61.7171
	4	82	64.00781
	4	83	60.133186
	4	84	88.11924
	4	85	12.0415945
	4	86	18.439089
	4	87	62.514
	4	88	42.755116
	4	89	76.40026
	4	90	81.565926
	4	91	48.6621
	4	92	35.128338
	4	93	27.856777
	4	94	20.396078
	4	95	62.169125
	4	96	24.596748
	4	97	54.56189
	4	98	35.902645
	4	99	53.235325
	5	0	63.812225
	5	1	53.413483
	5	2	25.70992
	5	3	37.64306
	5	4	38.078865
	5	5	0.0
	5	6	40.496914
	5	7	13.892444
	5	8	43.0
	5	9	46.09772
	5	10	43.68066
	5	11	11.18034
	5	12	16.155495
	5	13	18.027756
	5	14	34.0147
	5	15	43.65776
	5	16	47.127487
	5	17	21.587032
	5	18	6.0827627
	5	19	22.090721
	5	20	45.17743
	5	21	54.451813
	5	22	56.32051
	5	23	26.57066
	5	24	27.313
	5	25	8.5440035
	5	26	50.08992
	5	27	46.957428
	5	28	6.0827627
	5	29	7.28011
	5	30	45.694637
	5	31	40.804413
	5	32	73.87828
	5	33	37.576588
	5	34	37.64306
	5	35	16.643316
	5	36	36.40055
	5	37	6.0
	5	38	60.074955
	5	39	25.079872
	5	40	54.91812
	5	41	18.788294
	5	42	41.617306
	5	43	22.203604
	5	44	64.63745
	5	45	72.40166
	5	46	28.635643
	5	47	41.19466
	5	48	23.409399
	5	49	49.09175
	5	50	31.04835
	5	51	37.01351
	5	52	17.492855
	5	53	30.016663
	5	54	23.021729
	5	55	52.392746
	5	56	33.0
	5	57	40.36087
	5	58	62.625874
	5	59	54.147945
	5	60	7.0
	5	61	14.422205
	5	62	80.280754
	5	63	22.472204
	5	64	29.681644
	5	65	56.302753
	5	66	32.202484
	5	67	26.41969
	5	68	37.336308
	5	69	43.829212
	5	70	52.34501
	5	71	63.82006
	5	72	49.729267
	5	73	60.876926
	5	74	46.400433
	5	75	65.0
	5	76	21.260292
	5	77	60.74537
	5	78	40.706264
	5	79	33.24154
	5	80	28.319605
	5	81	51.894123
	5	82	25.942244
	5	83	30.88689
	5	84	63.28507
	5	85	48.466484
	5	86	29.017237
	5	87	39.623226
	5	88	65.9242
	5	89	55.9017
	5	90	44.687805
	5	91	38.28838
	5	92	16.124516
	5	93	50.537113
	5	94	26.41969
	5	95	41.773197
	5	96	46.52956
	5	97	60.074955
	5	98	67.80118
	5	99	44.04543
	6	0	25.612497
	6	1	56.22277
	6	2	33.83785
	6	3	56.82429
	6	4	50.695168
	6	5	40.496914
	6	6	0.0
	6	7	33.42155
	6	8	47.801674
	6	9	59.135437
	6	10	75.073296
	6	11	51.546097
	6	12	56.648037
	6	13	32.140316
	6	14	15.524175
	6	15	35.468296
	6	16	60.53924
	6	17	48.104053
	6	18	35.341194
	6	19	40.792156
	6	20	31.06445
	6	21	26.400757
	6	22	45.65085
	6	23	61.073727
	6	24	50.219517
	6	25	31.95309
	6	26	54.56189
	6	27	65.30697
	6	28	42.059483
	6	29	45.17743
	6	30	34.4093
	6	31	55.9017
	6	32	38.078865
	6	33	72.249565
	6	34	20.518284
	6	35	56.859474
	6	36	67.47592
	6	37	38.832977
	6	38	24.596748
	6	39	46.400433
	6	40	44.72136
	6	41	46.09772
	6	42	81.41253
	6	43	25.317978
	6	44	27.45906
	6	45	33.970577
	6	46	12.806249
	6	47	43.416588
	6	48	46.8615
	6	49	70.38466
	6	50	48.703182
	6	51	76.537575
	6	52	47.010635
	6	53	31.38471
	6	54	60.74537
	6	55	62.201286
	6	56	72.36712
	6	57	19.416489
	6	58	22.135944
	6	59	52.49762
	6	60	43.416588
	6	61	52.83938
	6	62	44.102154
	6	63	59.3043
	6	64	32.695564
	6	65	45.891174
	6	66	49.24429
	6	67	44.65423
	6	68	40.22437
	6	69	63.15853
	6	70	49.67897
	6	71	38.013157
	6	72	28.79236
	6	73	31.144823
	6	74	51.971146
	6	75	38.013157
	6	76	22.0
	6	77	23.021729
	6	78	29.068884
	6	79	51.971146
	6	80	67.601776
	6	81	12.0415945
	6	82	50.803543
	6	83	26.41969
	6	84	40.311287
	6	85	62.297672
	6	86	56.727417
	6	87	18.601076
	6	88	45.276924
	6	89	27.0
	6	90	73.545906
	6	91	77.52419
	6	92	25.059929
	6	93	37.65634
	6	94	30.88689
	6	95	15.652476
	6	96	36.124783
	6	97	24.596748
	6	98	57.280014
	6	99	83.35467
	7	0	58.694122
	7	1	40.81666
	7	2	32.55764
	7	3	29.017237
	7	4	26.925823
	7	5	13.892444
	7	6	33.42155
	7	7	0.0
	7	8	51.41984
	7	9	35.69314
	7	10	42.43819
	7	11	23.537205
	7	12	27.018513
	7	13	24.738634
	7	14	22.803509
	7	15	48.09366
	7	16	58.137768
	7	17	15.652476
	7	18	8.485281
	7	19	32.202484
	7	20	47.853943
	7	21	42.0
	7	22	61.13101
	7	23	27.658634
	7	24	39.40812
	7	25	10.770329
	7	26	58.940647
	7	27	59.07622
	7	28	11.045361
	7	29	14.0
	7	30	49.365982
	7	31	51.884487
	7	32	70.292244
	7	33	38.8973
	7	34	37.94733
	7	35	26.076809
	7	36	50.219517
	7	37	17.691807
	7	38	49.0306
	7	39	16.124516
	7	40	41.04875
	7	41	31.241
	7	42	49.0408
	7	43	25.019993
	7	44	60.1415
	7	45	67.20863
	7	46	20.615528
	7	47	48.6621
	7	48	15.524175
	7	49	61.846584
	7	50	42.059483
	7	51	44.011364
	7	52	30.413813
	7	53	16.124516
	7	54	27.730848
	7	55	62.76942
	7	56	45.54119
	7	57	39.92493
	7	58	54.708317
	7	59	61.522354
	7	60	12.0
	7	61	20.615528
	7	62	76.57676
	7	63	36.249138
	7	64	15.811388
	7	65	42.43819
	7	66	22.090721
	7	67	16.03122
	7	68	44.553337
	7	69	56.0357
	7	70	59.3043
	7	71	64.07808
	7	72	36.496574
	7	73	59.5399
	7	74	34.0
	7	75	64.884514
	7	76	21.377558
	7	77	55.86591
	7	78	43.56604
	7	79	24.0
	7	80	35.1141
	7	81	45.453274
	7	82	38.418747
	7	83	34.132095
	7	84	64.513565
	7	85	38.470768
	7	86	24.596748
	7	87	39.0
	7	88	52.201534
	7	89	54.589375
	7	90	58.412327
	7	91	44.777225
	7	92	9.848858
	7	93	36.67424
	7	94	12.529964
	7	95	39.824615
	7	96	32.649654
	7	97	49.0306
	7	98	54.037025
	7	99	50.566788
	8	0	54.74486
	8	1	91.18114
	8	2	18.973665
	8	3	79.762146
	8	4	78.339005
	8	5	43.0
	8	6	47.801674
	8	7	51.41984
	8	8	0.0
	8	9	87.09765
	8	10	85.84288
	8	11	46.32494
	8	12	51.24451
	8	13	26.683329
	8	14	55.605755
	8	15	15.132746
	8	16	14.142136
	8	17	64.195015
	8	18	44.407207
	8	19	21.095022
	8	20	21.213203
	8	21	73.593475
	8	22	19.416489
	8	23	68.593
	8	24	21.095022
	8	25	40.792156
	8	26	7.615773
	8	27	21.023796
	8	28	49.010204
	8	29	50.039986
	8	30	18.027756
	8	31	12.649111
	8	32	57.14018
	8	33	78.64477
	8	34	27.784887
	8	35	53.851646
	8	36	35.805027
	8	37	37.0
	8	38	72.11102
	8	39	66.75328
	8	40	86.28442
	8	41	27.202942
	8	42	75.13322
	8	43	28.178005
	8	44	53.338543
	8	45	61.13101
	8	46	46.400433
	8	47	4.472136
	8	48	65.490456
	8	49	27.073973
	8	50	15.264338
	8	51	72.09022
	8	52	29.410883
	8	53	63.560993
	8	54	63.348244
	8	55	14.422205
	8	56	54.20332
	8	57	29.966648
	8	58	62.968246
	8	59	11.7046995
	8	60	50.0
	8	61	55.578773
	8	62	62.514
	8	63	40.81666
	8	64	64.07808
	8	65	87.66413
	8	66	73.34848
	8	67	67.26812
	8	68	7.81025
	8	69	20.396078
	8	70	10.816654
	8	71	38.078865
	8	72	73.756355
	8	73	41.04875
	8	74	84.758484
	8	75	40.024994
	8	76	33.12099
	8	77	51.971146
	8	78	20.248457
	8	79	74.96666
	8	80	65.459915
	8	81	51.47815
	8	82	23.323807
	8	83	21.931713
	8	84	34.785053
	8	85	89.822044
	8	86	72.00694
	8	87	30.413813
	8	88	91.350975
	8	89	38.052597
	8	90	36.769554
	8	91	73.92564
	8	92	44.011364
	8	93	79.881165
	8	94	60.53924
	8	95	34.43835
	8	96	76.8505
	8	97	72.11102
	8	98	99.8599
	8	99	78.72102
	9	0	83.67198
	9	1	14.0
	9	2	68.24954
	9	3	10.0
	9	4	9.0
	9	5	46.09772
	9	6	59.135437
	9	7	35.69314
	9	8	87.09765
	9	9	0.0
	9	10	31.0
	9	11	50.0
	9	12	49.517673
	9	13	60.41523
	9	14	43.65776
	9	15	83.09633
	9	16	93.04838
	9	17	25.23886
	9	18	43.011627
	9	19	67.357254
	9	20	82.02438
	9	21	49.497475
	9	22	96.04687
	9	23	32.75668
	9	24	73.409805
	9	25	46.32494
	9	26	94.59387
	9	27	93.03763
	9	28	40.24922
	9	29	40.81666
	9	30	84.00595
	9	31	86.72946
	9	32	96.77293
	9	33	35.902645
	9	34	71.17584
	9	35	46.66905
	9	36	80.0
	9	37	51.62364
	9	38	60.876926
	9	39	21.023796
	9	40	29.546574
	9	41	64.884514
	9	42	55.97321
	9	43	60.299255
	9	44	86.00581
	9	45	91.24144
	9	46	48.83646
	9	47	84.34453
	9	48	22.825424
	9	49	94.89468
	9	50	76.896034
	9	51	51.62364
	9	52	63.505905
	9	53	27.89265
	9	54	39.40812
	9	55	98.03061
	9	56	66.8431
	9	57	72.443085
	9	58	74.62573
	9	59	97.16481
	9	60	39.824615
	9	61	40.36087
	9	62	102.45975
	9	63	64.03124
	9	64	26.683329
	9	65	30.083218
	9	66	13.928389
	9	67	19.924858
	9	68	80.23092
	9	69	89.89995
	9	70	94.89468
	9	71	95.707886
	9	72	41.01219
	9	73	89.73851
	9	74	10.29563
	9	75	96.10411
	9	76	56.0803
	9	77	81.5414
	9	78	78.0
	9	79	13.038404
	9	80	46.141087
	9	81	69.856995
	9	82	72.013885
	9	83	69.115845
	9	84	97.015465
	9	85	3.1622777
	9	86	22.203604
	9	87	71.44928
	9	88	45.310043
	9	89	85.146935
	9	90	88.60023
	9	91	50.92151
	9	92	44.102154
	9	93	32.202484
	9	94	29.274563
	9	95	71.021126
	9	96	29.732138
	9	97	60.876926
	9	98	35.014282
	9	99	54.81788
	10	0	100.65784
	10	1	45.0
	10	2	69.375786
	10	3	23.769728
	10	4	32.280025
	10	5	43.68066
	10	6	75.073296
	10	7	42.43819
	10	8	85.84288
	10	9	31.0
	10	10	0.0
	10	11	40.012497
	10	12	36.124783
	10	13	61.68468
	10	14	61.6198
	10	15	87.28116
	10	16	87.02299
	10	17	27.018513
	10	18	44.777225
	10	19	64.77654
	10	20	88.391174
	10	21	74.70609
	10	22	100.0
	10	23	17.262676
	10	24	67.00746
	10	25	49.24429
	10	26	92.43917
	10	27	84.48077
	10	28	38.27532
	10	29	36.40055
	10	30	89.19641
	10	31	81.0
	10	32	112.61439
	10	33	8.944272
	10	34	79.60528
	10	35	33.06055
	10	36	66.21933
	10	37	49.47727
	10	38	84.90583
	10	39	29.068884
	10	40	59.22837
	10	41	59.135437
	10	42	28.42534
	10	43	65.0
	10	44	102.30347
	10	45	109.041275
	10	46	62.482
	10	47	84.5281
	10	48	28.284271
	10	49	84.34453
	10	50	72.11102
	10	51	25.495098
	10	52	57.07889
	10	53	46.615448
	10	54	23.021729
	10	55	93.0
	10	56	46.957428
	10	57	81.88406
	10	58	94.92102
	10	59	97.3242
	10	60	37.0
	10	61	30.265491
	10	62	118.84864
	10	63	50.803543
	10	64	45.221676
	10	65	60.016663
	10	66	29.068884
	10	67	31.400637
	10	68	80.80842
	10	69	81.394104
	10	70	95.707886
	10	71	106.004715
	10	72	66.64083
	10	73	101.87247
	10	74	40.311287
	10	75	106.94391
	10	76	62.609905
	10	77	97.94897
	10	78	83.9345
	10	79	26.400757
	10	80	24.698177
	10	81	87.04597
	10	82	65.0
	10	83	74.094536
	10	84	106.02358
	10	85	30.149628
	10	86	18.384777
	10	87	81.00617
	10	88	74.953316
	10	89	96.89685
	10	90	74.330345
	10	91	24.04163
	10	92	52.153618
	10	93	60.083275
	10	94	45.453274
	10	95	82.1523
	10	96	56.648037
	10	97	84.90583
	10	98	66.007576
	10	99	26.076809
	11	0	74.30343
	11	1	59.464275
	11	2	31.906113
	11	3	40.496914
	11	4	43.13931
	11	5	11.18034
	11	6	51.546097
	11	7	23.537205
	11	8	46.32494
	11	9	50.0
	11	10	40.012497
	11	11	0.0
	11	12	5.656854
	11	13	25.495098
	11	14	45.01111
	11	15	50.24938
	11	16	47.095646
	11	17	24.839485
	11	18	17.029387
	11	19	25.632011
	11	20	52.801514
	11	21	65.192024
	11	22	62.169125
	11	23	23.086792
	11	24	27.0
	11	25	19.646883
	11	26	52.611786
	11	27	45.122055
	11	28	12.649111
	11	29	10.29563
	11	30	52.69725
	11	31	41.01219
	11	32	83.81527
	11	33	32.38827
	11	34	46.75468
	11	35	7.615773
	11	36	30.0
	11	37	13.601471
	11	38	71.17584
	11	39	29.698484
	11	40	63.505905
	11	41	19.235384
	11	42	31.827662
	11	43	31.241
	11	44	74.94665
	11	45	82.85529
	11	46	39.812057
	11	47	45.54119
	11	48	27.58623
	11	49	45.88028
	11	50	32.140316
	11	51	27.658634
	11	52	17.117243
	11	53	39.217342
	11	54	17.117243
	11	55	53.009434
	11	56	22.090721
	11	57	49.67897
	11	58	73.68175
	11	59	57.974133
	11	60	12.083046
	11	61	10.440307
	11	62	90.21086
	11	63	14.142136
	11	64	38.626415
	11	65	64.84597
	11	66	36.796738
	11	67	31.890438
	11	68	42.154476
	11	69	41.976185
	11	70	56.61272
	11	71	72.249565
	11	72	60.016663
	11	73	70.0928
	11	74	52.40229
	11	75	73.593475
	11	76	31.38471
	11	77	71.19691
	11	78	48.414875
	11	79	37.01351
	11	80	19.723083
	11	81	62.76942
	11	82	25.019993
	11	83	38.948685
	11	84	71.21797
	11	85	51.86521
	11	86	29.546574
	11	87	49.0408
	11	88	75.58439
	11	89	65.192024
	11	90	38.600517
	11	91	29.206163
	11	92	27.294687
	11	93	59.808025
	11	94	35.735138
	11	95	51.613953
	11	96	55.713554
	11	97	71.17584
	11	98	75.802376
	11	99	34.713108
	12	0	79.755875
	12	1	60.0
	12	2	37.44329
	12	3	39.698868
	12	4	43.416588
	12	5	16.155495
	12	6	56.648037
	12	7	27.018513
	12	8	51.24451
	12	9	49.517673
	12	10	36.124783
	12	11	5.656854
	12	12	0.0
	12	13	31.144823
	12	14	49.25444
	12	15	55.758408
	12	16	51.009804
	12	17	25.0
	12	18	21.587032
	12	19	30.870699
	12	20	58.412327
	12	21	69.00725
	12	22	67.53518
	12	23	19.924858
	12	24	31.257
	12	25	24.698177
	12	26	57.271286
	12	27	48.373547
	12	28	16.0
	12	29	13.038404
	12	30	58.249462
	12	31	45.099888
	12	32	89.40358
	12	33	28.01785
	12	34	52.40229
	12	35	3.1622777
	12	36	31.304953
	12	37	19.209373
	12	38	75.53807
	12	39	30.232433
	12	40	65.551506
	12	41	24.04163
	12	42	26.172504
	12	43	36.878178
	12	44	80.454956
	12	45	88.32327
	12	46	44.64303
	12	47	50.695168
	12	48	28.01785
	12	49	48.507732
	12	50	36.67424
	12	51	22.022715
	12	52	21.84033
	12	53	41.976185
	12	54	13.152946
	12	55	57.07889
	12	56	18.973665
	12	57	55.31727
	12	58	78.77182
	12	59	62.936478
	12	60	15.033297
	12	61	9.219544
	12	62	95.80188
	12	63	15.231546
	12	64	41.231056
	12	65	66.85058
	12	66	37.01351
	12	67	32.75668
	12	68	47.423622
	12	69	45.276924
	12	70	61.68468
	12	71	77.89737
	12	72	63.387695
	12	73	75.74299
	12	74	53.009434
	12	75	79.24645
	12	76	36.891735
	12	77	76.66159
	12	78	54.037025
	12	79	36.796738
	12	80	14.3178215
	12	81	68.0294
	12	82	29.15476
	12	83	44.598206
	12	84	76.837494
	12	85	51.088158
	12	86	28.01785
	12	87	54.67175
	12	88	78.339005
	12	89	70.837845
	12	90	39.824615
	12	91	23.600847
	12	92	32.01562
	12	93	62.361847
	12	94	38.63936
	12	95	57.201397
	12	96	58.24088
	12	97	75.53807
	12	98	77.36925
	12	99	29.068884
	13	0	50.92151
	13	1	64.884514
	13	2	8.0
	13	3	53.235325
	13	4	51.662365
	13	5	18.027756
	13	6	32.140316
	13	7	24.738634
	13	8	26.683329
	13	9	60.41523
	13	10	61.68468
	13	11	25.495098
	13	12	31.144823
	13	13	0.0
	13	14	33.286633
	13	15	25.632011
	13	16	34.4093
	13	17	38.013157
	13	18	18.0
	13	19	9.433981
	13	20	27.45906
	13	21	53.66563
	13	22	38.327538
	13	23	44.598206
	13	24	18.788294
	13	25	14.142136
	13	26	34.20526
	13	27	36.796738
	13	28	23.537205
	13	29	25.298222
	13	30	27.730848
	13	31	28.42534
	13	32	59.16925
	13	33	55.542778
	13	34	21.633308
	13	35	32.80244
	13	36	35.35534
	13	37	12.529964
	13	38	55.7853
	13	39	40.1995
	13	40	61.7171
	13	41	14.0
	13	42	57.280014
	13	43	7.071068
	13	44	51.078373
	13	45	59.236813
	13	46	24.596748
	13	47	24.083189
	13	48	39.051247
	13	49	40.804413
	13	50	19.104973
	13	51	53.15073
	13	52	15.132746
	13	53	37.735924
	13	54	40.706264
	13	55	38.470768
	13	56	42.544094
	13	57	24.698177
	13	58	53.15073
	13	59	37.054016
	13	60	24.738634
	13	61	32.202484
	13	62	65.51336
	13	63	28.460499
	13	64	38.078865
	13	65	63.126858
	13	66	46.69047
	13	67	40.60788
	13	68	20.024984
	13	69	34.058773
	13	70	35.0
	13	71	46.75468
	13	72	51.613953
	13	73	44.82187
	13	74	58.30952
	13	75	48.104053
	13	76	10.440307
	13	77	47.759815
	13	78	23.021729
	13	79	48.373547
	13	80	45.0
	13	81	41.303753
	13	82	18.973665
	13	83	13.453624
	13	84	45.80393
	13	85	63.15061
	13	86	46.270943
	13	87	24.186773
	13	88	69.2026
	13	89	40.0
	13	90	41.761227
	13	91	54.67175
	13	92	18.027756
	13	93	55.86591
	13	94	34.48188
	13	95	27.313
	13	96	52.40229
	13	97	55.7853
	13	98	75.28612
	13	99	60.207973
	14	0	40.311287
	14	1	41.01219
	14	2	38.209946
	14	3	41.880783
	14	4	35.341194
	14	5	34.0147
	14	6	15.524175
	14	7	22.803509
	14	8	55.605755
	14	9	43.65776
	14	10	61.6198
	14	11	45.01111
	14	12	49.25444
	14	13	33.286633
	14	14	0.0
	14	15	46.09772
	14	16	66.48308
	14	17	35.22783
	14	18	28.0
	14	19	42.72002
	14	20	43.011627
	14	21	20.880613
	14	22	57.870544
	14	23	49.24429
	14	24	51.971146
	14	25	26.305893
	14	26	63.007935
	14	27	69.81404
	14	28	33.37664
	14	29	36.496574
	14	30	45.88028
	14	31	60.959003
	14	32	53.225933
	14	33	59.908264
	14	34	31.622776
	14	35	48.6621
	14	36	67.06713
	14	37	34.713108
	14	38	26.305893
	14	39	32.55764
	14	40	31.38471
	14	41	45.694637
	14	42	71.7844
	14	43	28.319605
	14	44	42.48529
	14	45	48.259712
	14	46	9.219544
	14	47	51.613953
	14	48	33.42155
	14	49	74.06078
	14	50	52.201534
	14	51	66.730804
	14	52	45.88028
	14	53	16.124516
	14	54	50.32892
	14	55	69.426216
	14	56	67.00746
	14	57	31.780497
	14	58	33.30165
	14	59	62.649822
	14	60	34.525352
	14	61	43.416588
	14	62	59.05929
	14	63	55.7315
	14	64	17.492855
	14	65	32.695564
	14	66	34.4093
	14	67	30.413813
	14	68	47.801674
	14	69	67.20119
	14	70	59.94164
	14	71	53.08484
	14	72	18.439089
	14	73	46.52956
	14	74	36.496574
	14	75	53.235325
	14	76	23.43075
	14	77	38.013157
	14	78	39.92493
	14	79	37.202152
	14	80	57.870544
	14	81	26.41969
	14	82	51.884487
	14	83	33.83785
	14	84	55.00909
	14	85	46.818798
	14	86	43.27817
	14	87	30.805843
	14	88	36.124783
	14	89	42.190044
	14	90	74.323616
	14	91	67.41662
	14	92	18.248287
	14	93	24.596748
	14	94	16.27882
	14	95	29.15476
	14	96	22.135944
	14	97	26.305893
	14	98	44.72136
	14	99	73.1642
	15	0	39.623226
	15	1	84.92938
	15	2	18.35756
	15	3	77.10383
	15	4	74.10803
	15	5	43.65776
	15	6	35.468296
	15	7	48.09366
	15	8	15.132746
	15	9	83.09633
	15	10	87.28116
	15	11	50.24938
	15	12	55.758408
	15	13	25.632011
	15	14	46.09772
	15	15	0.0
	15	16	29.274563
	15	17	62.801273
	15	18	42.953465
	15	19	25.495098
	15	20	6.0827627
	15	21	61.846584
	15	22	13.038404
	15	23	70.2282
	15	24	30.528675
	15	25	38.63936
	15	26	20.12461
	15	27	36.013885
	15	28	49.0408
	15	29	50.92151
	15	30	3.1622777
	15	31	27.073973
	15	32	42.426407
	15	33	81.154175
	15	34	15.0
	15	35	57.801384
	15	36	47.92703
	15	37	38.078865
	15	38	58.898216
	15	39	64.195015
	15	40	77.47257
	15	41	33.24154
	15	42	81.400246
	15	43	23.086792
	15	44	38.209946
	15	45	46.043457
	15	46	37.336308
	15	47	11.0
	15	48	63.387695
	15	49	42.0
	15	50	25.495098
	15	51	77.665955
	15	52	35.383614
	15	53	57.070133
	15	54	66.211784
	15	55	28.79236
	15	56	63.126858
	15	57	16.27882
	15	58	48.332184
	15	59	17.029387
	15	60	50.289165
	15	61	57.77543
	15	62	48.052055
	15	63	48.83646
	15	64	57.870544
	15	65	78.79086
	15	66	70.00714
	15	67	64.03124
	15	68	10.770329
	15	69	35.057095
	15	70	14.21267
	15	71	24.596748
	15	72	63.28507
	15	73	26.305893
	15	74	79.07591
	15	75	26.400757
	15	76	27.018513
	15	77	36.878178
	15	78	6.4031243
	15	79	72.06247
	15	80	69.97142
	15	81	37.215588
	15	82	32.449963
	15	83	14.0
	15	84	22.203604
	15	85	86.05231
	15	86	71.38628
	15	87	16.970562
	15	88	80.44874
	15	89	23.0
	15	90	50.447994
	15	91	79.32213
	15	92	39.012817
	15	93	70.68239
	15	94	54.589375
	15	95	20.615528
	15	96	68.154236
	15	97	58.898216
	15	98	90.80198
	15	99	84.6286
	16	0	68.88396
	16	1	98.88377
	16	2	28.284271
	16	3	84.77028
	16	4	84.693565
	16	5	47.127487
	16	6	60.53924
	16	7	58.137768
	16	8	14.142136
	16	9	93.04838
	16	10	87.02299
	16	11	47.095646
	16	12	51.009804
	16	13	34.4093
	16	14	66.48308
	16	15	29.274563
	16	16	0.0
	16	17	68.68042
	16	18	50.159744
	16	19	25.942244
	16	20	35.35534
	16	21	85.60374
	16	22	31.320919
	16	23	70.178345
	16	24	20.22375
	16	25	47.41308
	16	26	12.083046
	16	27	7.615773
	16	28	53.160137
	16	29	53.366657
	16	30	32.140316
	16	31	6.3245554
	16	32	71.02816
	16	33	79.025314
	16	34	41.231056
	16	35	54.0
	16	36	27.45906
	16	37	41.4367
	16	38	85.08819
	16	39	72.11102
	16	40	96.04687
	16	41	28.635643
	16	42	71.8401
	16	43	38.183765
	16	44	67.47592
	16	45	75.23962
	16	46	57.31492
	16	47	18.439089
	16	48	70.5195
	16	49	13.601471
	16	50	16.155495
	16	51	69.63476
	16	52	30.413813
	16	53	72.11102
	16	54	64.00781
	16	55	6.3245554
	16	56	48.8467
	16	57	43.65776
	16	58	76.843994
	16	59	20.12461
	16	60	53.851646
	16	61	57.31492
	16	62	76.23647
	16	63	37.65634
	16	64	72.40166
	16	65	97.45255
	16	66	79.12016
	16	67	73.1642
	16	68	20.615528
	16	69	8.485281
	16	70	21.189621
	16	71	51.47815
	16	72	84.89994
	16	73	55.0
	16	74	92.13034
	16	75	53.460266
	16	76	43.13931
	16	77	66.09841
	16	78	34.20526
	16	79	80.32434
	16	80	64.381676
	16	81	65.192024
	16	82	22.090721
	16	83	34.132095
	16	84	47.853943
	16	85	95.51963
	16	86	75.50497
	16	87	44.011364
	16	88	102.59142
	16	89	52.153618
	16	90	25.612497
	16	91	71.5891
	16	92	52.43091
	16	93	90.02777
	16	94	68.7968
	16	95	48.104053
	16	96	86.683334
	16	97	85.08819
	16	98	109.63576
	16	99	75.690155
	17	0	73.661385
	17	1	35.0
	17	2	46.010868
	17	3	16.155495
	17	4	18.439089
	17	5	21.587032
	17	6	48.104053
	17	7	15.652476
	17	8	64.195015
	17	9	25.23886
	17	10	27.018513
	17	11	24.839485
	17	12	25.0
	17	13	38.013157
	17	14	35.22783
	17	15	62.801273
	17	16	68.68042
	17	17	0.0
	17	18	20.024984
	17	19	43.56604
	17	20	63.06346
	17	21	50.96077
	17	22	75.802376
	17	23	14.56022
	17	24	48.703182
	17	25	24.186773
	17	26	71.44928
	17	27	68.154236
	17	28	15.524175
	17	29	15.652476
	17	30	64.327286
	17	31	62.361847
	17	32	85.60374
	17	33	24.698177
	17	34	53.488316
	17	35	22.472204
	17	36	54.81788
	17	37	27.45906
	17	38	60.00833
	17	39	5.3851647
	17	40	41.976185
	17	41	40.16217
	17	42	39.115215
	17	43	39.812057
	17	44	75.28612
	17	45	82.073135
	17	46	35.468296
	17	47	62.008064
	17	48	3.1622777
	17	49	69.77106
	17	50	52.63079
	17	51	34.058773
	17	52	38.626415
	17	53	21.84033
	17	54	18.110771
	17	55	73.97973
	17	56	43.416588
	17	57	55.542778
	17	58	68.41052
	17	59	75.00667
	17	60	14.866069
	17	61	15.811388
	17	62	91.83137
	17	63	38.948685
	17	64	20.615528
	17	65	43.174065
	17	66	12.0415945
	17	67	8.246211
	17	68	58.0
	17	69	65.0
	17	70	73.00685
	17	71	79.70571
	17	72	43.737854
	17	73	75.17979
	17	74	28.01785
	17	75	80.529495
	17	76	36.687874
	17	77	70.93659
	17	78	58.694122
	17	79	12.206555
	17	80	26.076809
	17	81	60.108234
	17	82	47.169907
	17	83	49.0306
	17	84	80.05623
	17	85	27.294687
	17	86	8.944272
	17	87	54.626
	17	88	56.142673
	17	89	70.23532
	17	90	63.411354
	17	91	34.234486
	17	92	25.495098
	17	93	40.04997
	17	94	19.697716
	17	95	55.470715
	17	96	36.013885
	17	97	60.00833
	17	98	52.924473
	17	99	39.623226
	18	0	59.405388
	18	1	49.09175
	18	2	26.0
	18	3	35.35534
	18	4	34.539833
	18	5	6.0827627
	18	6	35.341194
	18	7	8.485281
	18	8	44.407207
	18	9	43.011627
	18	10	44.777225
	18	11	17.029387
	18	12	21.587032
	18	13	18.0
	18	14	28.0
	18	15	42.953465
	18	16	50.159744
	18	17	20.024984
	18	18	0.0
	18	19	24.351591
	18	20	43.65776
	18	21	48.373547
	18	22	55.9017
	18	23	28.301943
	18	24	31.06445
	18	25	4.472136
	18	26	51.78803
	18	27	50.77401
	18	28	7.071068
	18	29	10.0
	18	30	44.64303
	18	31	43.863426
	18	32	70.035706
	18	33	39.661064
	18	34	34.98571
	18	35	21.540659
	18	36	41.880783
	18	37	9.219544
	18	38	54.147945
	18	39	22.36068
	18	40	49.40648
	18	41	22.803509
	18	42	46.141087
	18	43	20.248457
	18	44	60.440052
	18	45	68.007355
	18	46	23.086792
	18	47	42.047592
	18	48	21.095022
	18	49	53.413483
	18	50	34.0147
	18	51	41.340054
	18	52	21.931713
	18	53	24.41311
	18	54	26.172504
	18	55	55.027267
	18	56	39.012817
	18	57	37.44329
	18	58	57.384666
	18	59	55.03635
	18	60	8.485281
	18	61	17.804493
	18	62	76.41989
	18	63	28.460499
	18	64	24.207438
	18	65	50.803543
	18	66	29.12044
	18	67	23.086792
	18	68	38.013157
	18	69	47.707443
	18	70	53.0
	18	71	61.400326
	18	72	43.68066
	18	73	57.801384
	18	74	42.190044
	18	75	62.433964
	18	76	18.027756
	18	77	56.400356
	18	78	39.217342
	18	79	30.594116
	18	80	32.449963
	18	81	47.010635
	18	82	30.0
	18	83	29.410883
	18	84	61.269894
	18	85	45.607018
	18	86	28.442924
	18	87	36.619667
	18	88	60.00833
	18	89	52.801514
	18	90	50.0
	18	91	42.43819
	18	92	10.440307
	18	93	44.777225
	18	94	20.808653
	18	95	38.28838
	18	96	40.81666
	18	97	54.147945
	18	98	62.482
	18	99	48.259712
	19	0	57.271286
	19	1	72.94518
	19	2	8.5440035
	19	3	59.439045
	19	4	58.872746
	19	5	22.090721
	19	6	40.792156
	19	7	32.202484
	19	8	21.095022
	19	9	67.357254
	19	10	64.77654
	19	11	25.632011
	19	12	30.870699
	19	13	9.433981
	19	14	42.72002
	19	15	25.495098
	19	16	25.942244
	19	17	43.56604
	19	18	24.351591
	19	19	0.0
	19	20	29.206163
	19	21	63.06346
	19	22	36.71512
	19	23	47.518417
	19	24	9.486833
	19	25	21.470911
	19	26	28.01785
	19	27	27.58623
	19	28	28.160255
	19	29	29.0
	19	30	28.284271
	19	31	19.723083
	19	32	64.07808
	19	33	57.72348
	19	34	26.925823
	19	35	33.24154
	19	36	27.0
	19	37	16.124516
	19	38	64.84597
	19	39	46.572525
	19	40	70.76723
	19	41	7.81025
	19	42	56.0357
	19	43	15.524175
	19	44	57.00877
	19	45	65.25335
	19	46	34.0
	19	47	19.924858
	19	48	45.122055
	19	49	31.400637
	19	50	10.0
	19	51	52.478565
	19	52	9.899495
	19	53	46.400433
	19	54	42.44997
	19	55	30.675724
	19	56	38.013157
	19	57	30.083218
	19	58	61.008198
	19	59	32.55764
	19	60	29.068884
	19	61	34.525352
	19	62	70.26379
	19	63	23.600847
	19	64	46.615448
	19	65	72.18033
	19	66	53.450912
	19	67	47.434166
	19	68	16.552946
	19	69	24.758837
	19	70	31.04835
	19	71	49.20366
	19	72	61.03278
	19	73	48.76474
	19	74	66.189125
	19	75	50.803543
	19	76	19.697716
	19	77	54.129475
	19	78	25.23886
	19	79	54.81788
	19	80	45.188496
	19	81	49.0
	19	82	10.049875
	19	83	17.720045
	19	84	47.423622
	19	85	69.92139
	19	86	51.088158
	19	87	29.832869
	19	88	78.60026
	19	89	44.28318
	19	90	32.75668
	19	91	54.20332
	19	92	26.907248
	19	93	65.06919
	19	94	43.011627
	19	95	33.54102
	19	96	61.522354
	19	97	64.84597
	19	98	84.29116
	19	99	59.36329
	20	0	33.54102
	20	1	82.8734
	20	2	21.213203
	20	3	76.655075
	20	4	73.02739
	20	5	45.17743
	20	6	31.06445
	20	7	47.853943
	20	8	21.213203
	20	9	82.02438
	20	10	88.391174
	20	11	52.801514
	20	12	58.412327
	20	13	27.45906
	20	14	43.011627
	20	15	6.0827627
	20	16	35.35534
	20	17	63.06346
	20	18	43.65776
	20	19	29.206163
	20	20	0.0
	20	21	57.428215
	20	22	14.866069
	20	23	71.5891
	20	24	35.341194
	20	25	39.217342
	20	26	26.0
	20	27	42.047592
	20	28	50.159744
	20	29	52.3259
	20	30	3.6055512
	20	31	33.01515
	20	32	36.67424
	20	33	82.73451
	20	34	11.401754
	20	35	60.216278
	20	36	53.14132
	20	37	39.962482
	20	38	53.75872
	20	39	63.953106
	20	40	74.330345
	20	41	37.01351
	20	42	84.38602
	20	43	23.409399
	20	44	32.140316
	20	45	40.012497
	20	46	34.713108
	20	47	17.029387
	20	48	63.348244
	20	49	48.010414
	20	50	30.675724
	20	51	80.43009
	20	52	39.051247
	20	53	55.226807
	20	54	68.09552
	20	55	34.785053
	20	56	67.20119
	20	57	11.661903
	20	58	42.48529
	20	59	22.022715
	20	60	51.47815
	20	61	59.5399
	20	62	42.44997
	20	63	52.801514
	20	64	56.142673
	20	65	75.61085
	20	66	69.354164
	20	67	63.505905
	20	68	16.27882
	20	69	41.01219
	20	70	19.209373
	20	71	20.0
	20	72	59.48109
	20	73	20.615528
	20	74	77.31753
	20	75	21.633308
	20	76	26.476404
	20	77	30.805843
	20	78	4.472136
	20	79	71.568146
	20	80	72.42237
	20	81	31.622776
	20	82	37.12142
	20	83	14.3178215
	20	84	18.439089
	20	85	85.052925
	20	86	71.8401
	20	87	12.529964
	20	88	76.321686
	20	89	17.029387
	20	90	56.089214
	20	91	82.006096
	20	92	38.327538
	20	93	67.41662
	20	94	53.037724
	20	95	15.6205
	20	96	65.14599
	20	97	53.75872
	20	98	87.46428
	20	99	87.458565
	21	0	41.0
	21	1	40.81666
	21	2	57.68882
	21	3	51.86521
	21	4	43.60046
	21	5	54.451813
	21	6	26.400757
	21	7	42.0
	21	8	73.593475
	21	9	49.497475
	21	10	74.70609
	21	11	65.192024
	21	12	69.00725
	21	13	53.66563
	21	14	20.880613
	21	15	61.846584
	21	16	85.60374
	21	17	50.96077
	21	18	48.373547
	21	19	63.06346
	21	20	57.428215
	21	21	0.0
	21	22	71.867935
	21	23	65.52099
	21	24	72.44998
	21	25	47.07441
	21	26	80.610176
	21	27	89.587944
	21	28	53.009434
	21	29	56.0
	21	30	60.80296
	21	31	80.44874
	21	32	54.08327
	21	33	75.026665
	21	34	46.8615
	21	35	68.0294
	21	36	87.92042
	21	37	55.542778
	21	38	11.661903
	21	39	46.818798
	21	40	24.351591
	21	41	66.48308
	21	42	89.62701
	21	43	48.02083
	21	44	44.011364
	21	45	46.52956
	21	46	29.068884
	21	47	69.31089
	21	48	48.38388
	21	49	94.15413
	21	50	72.20111
	21	51	84.5281
	21	52	66.730804
	21	53	29.12044
	21	54	68.06615
	21	55	87.86353
	21	56	87.28116
	21	57	45.80393
	21	58	28.442924
	21	59	78.873314
	21	60	54.0
	21	61	62.201286
	21	62	58.549126
	21	63	76.48529
	21	64	30.364452
	21	65	25.0
	21	66	45.65085
	21	67	44.011364
	21	68	65.8559
	21	69	87.13208
	21	70	76.05919
	21	71	61.400326
	21	72	8.485281
	21	73	53.600372
	21	74	39.698868
	21	75	60.876926
	21	76	43.416588
	21	77	40.112343
	21	78	55.443665
	21	79	48.373547
	21	80	75.95393
	21	81	29.832869
	21	82	72.498276
	21	83	51.739735
	21	84	64.513565
	21	85	52.34501
	21	86	57.384666
	21	87	45.0
	21	88	19.313208
	21	89	50.596443
	21	90	95.07891
	21	91	84.92938
	21	92	39.051247
	21	93	18.35756
	21	94	31.575306
	21	95	41.880783
	21	96	19.849434
	21	97	11.661903
	21	98	34.0
	21	99	90.47099
	22	0	42.941822
	22	1	97.49359
	22	2	30.675724
	22	3	90.13878
	22	4	87.05171
	22	5	56.32051
	22	6	45.65085
	22	7	61.13101
	22	8	19.416489
	22	9	96.04687
	22	10	100.0
	22	11	62.169125
	22	12	67.53518
	22	13	38.327538
	22	14	57.870544
	22	15	13.038404
	22	16	31.320919
	22	17	75.802376
	22	18	55.9017
	22	19	36.71512
	22	20	14.866069
	22	21	71.867935
	22	22	0.0
	22	23	82.86133
	22	24	39.623226
	22	25	51.62364
	22	26	19.416489
	22	27	38.8973
	22	28	61.846584
	22	29	63.600315
	22	30	12.165525
	22	31	31.764761
	22	32	41.59327
	22	33	93.637596
	22	34	26.24881
	22	35	69.77822
	22	36	55.21775
	22	37	50.596443
	22	38	67.357254
	22	39	77.23341
	22	40	89.19641
	22	41	44.102154
	22	42	92.64988
	22	43	36.124783
	22	44	40.718548
	22	45	47.434166
	22	46	49.47727
	22	47	17.691807
	22	48	76.41989
	22	49	44.922153
	22	50	33.941124
	22	51	89.1852
	22	52	46.32494
	22	53	69.72087
	22	54	78.54935
	22	55	28.160255
	22	56	72.91776
	22	57	26.400757
	22	58	54.20332
	22	59	12.0
	22	60	63.06346
	22	61	70.2282
	22	62	46.09772
	22	63	59.03389
	22	64	70.5762
	22	65	90.47652
	22	66	83.02409
	22	67	77.05842
	22	68	20.248457
	22	69	39.0
	22	70	10.198039
	22	71	21.095022
	22	72	74.24958
	22	73	26.57066
	22	74	91.787796
	22	75	23.086792
	22	76	40.0
	22	77	40.81666
	22	78	18.248287
	22	79	85.09406
	22	80	81.84131
	22	81	44.553337
	22	82	41.773197
	22	83	27.018513
	22	84	17.0
	22	85	99.0202
	22	86	84.34453
	22	87	27.313
	22	88	90.91754
	22	89	25.553865
	22	90	55.9017
	22	91	90.91754
	22	92	52.0
	22	93	82.28001
	22	94	67.36468
	22	95	30.016663
	22	96	80.00625
	22	97	67.357254
	22	98	102.31813
	22	99	96.04166
	23	0	86.313385
	23	1	45.310043
	23	2	52.201534
	23	3	22.825424
	23	4	29.12044
	23	5	26.57066
	23	6	61.073727
	23	7	27.658634
	23	8	68.593
	23	9	32.75668
	23	10	17.262676
	23	11	23.086792
	23	12	19.924858
	23	13	44.598206
	23	14	49.24429
	23	15	70.2282
	23	16	70.178345
	23	17	14.56022
	23	18	28.301943
	23	19	47.518417
	23	20	71.5891
	23	21	65.52099
	23	22	82.86133
	23	23	0.0
	23	24	50.039986
	23	25	32.75668
	23	26	75.23962
	23	27	68.06615
	23	28	21.470911
	23	29	19.313208
	23	30	72.235725
	23	31	64.070274
	23	32	97.67292
	23	33	11.401754
	23	34	63.28507
	23	35	16.763054
	23	36	51.078373
	23	37	32.280025
	23	38	74.46476
	23	39	19.104973
	23	40	55.226807
	23	41	42.0119
	23	42	25.019993
	23	43	48.30114
	23	44	87.681244
	23	45	94.847244
	23	46	48.270073
	23	47	67.26812
	23	48	17.262676
	23	49	68.41052
	23	50	55.00909
	23	51	20.09975
	23	52	40.0
	23	53	36.40055
	23	54	7.2111025
	23	55	76.05919
	23	56	34.655445
	23	57	65.734314
	23	58	82.0975
	23	59	80.06248
	23	60	20.12461
	23	61	13.038404
	23	62	104.00481
	23	63	35.1141
	23	64	35.17101
	23	65	56.32051
	23	66	23.345236
	23	67	22.090721
	23	68	63.560993
	23	69	64.93843
	23	70	78.44743
	23	71	89.693924
	23	72	58.249462
	23	73	86.023254
	23	74	38.8973
	23	75	90.73588
	23	76	46.32494
	23	77	83.450584
	23	78	67.11929
	23	79	21.84033
	23	80	13.416408
	23	81	73.109505
	23	82	48.09366
	23	83	57.271286
	23	84	89.470665
	23	85	33.600594
	23	86	10.770329
	23	87	64.899925
	23	88	70.0
	23	89	81.02469
	23	90	59.5063
	23	91	20.0
	23	92	36.796738
	23	93	54.037025
	23	94	34.176014
	23	95	66.4003
	23	96	50.08992
	23	97	74.46476
	23	98	65.0
	23	99	25.179358
	24	0	65.62012
	24	1	80.1561
	24	2	17.0
	24	3	64.84597
	24	4	65.29931
	24	5	27.313
	24	6	50.219517
	24	7	39.40812
	24	8	21.095022
	24	9	73.409805
	24	10	67.00746
	24	11	27.0
	24	12	31.257
	24	13	18.788294
	24	14	51.971146
	24	15	30.528675
	24	16	20.22375
	24	17	48.703182
	24	18	31.06445
	24	19	9.486833
	24	20	35.341194
	24	21	72.44998
	24	22	39.623226
	24	23	50.039986
	24	24	0.0
	24	25	29.068884
	24	26	26.24881
	24	27	19.723083
	24	28	33.24154
	24	29	33.24154
	24	30	33.61547
	24	31	14.035668
	24	32	71.470276
	24	33	59.211487
	24	34	35.22783
	24	35	34.132095
	24	36	18.248287
	24	37	21.954498
	24	38	74.330345
	24	39	52.392746
	24	40	79.20859
	24	41	8.5440035
	24	42	54.129475
	24	43	25.0
	24	44	65.11528
	24	45	73.34848
	24	46	43.382023
	24	47	21.931713
	24	48	50.695168
	24	49	22.627417
	24	50	5.8309517
	24	51	51.264023
	24	52	10.198039
	24	53	54.48853
	24	54	44.04543
