data;

param n := 100;

param p := 5;

param alpha := 28.530344009399414;

param c := 
	0	0	0.0
	0	1	30.0
	0	2	76.0
	0	3	77.0
	0	4	105.0
	0	5	136.0
	0	6	113.0
	0	7	119.0
	0	8	105.0
	0	9	162.0
	0	10	103.0
	0	11	113.0
	0	12	110.0
	0	13	151.0
	0	14	150.0
	0	15	190.0
	0	16	191.0
	0	17	147.0
	0	18	122.0
	0	19	133.0
	0	20	119.0
	0	21	138.0
	0	22	115.0
	0	23	60.0
	0	24	58.0
	0	25	26.0
	0	26	103.0
	0	27	35.0
	0	28	6.0
	0	29	65.0
	0	30	141.0
	0	31	52.0
	0	32	102.0
	0	33	142.0
	0	34	120.0
	0	35	159.0
	0	36	99.0
	0	37	120.0
	0	38	178.0
	0	39	215.0
	0	40	152.0
	0	41	107.0
	0	42	153.0
	0	43	169.0
	0	44	124.0
	0	45	184.0
	0	46	199.0
	0	47	161.0
	0	48	141.0
	0	49	119.0
	0	50	143.0
	0	51	127.0
	0	52	185.0
	0	53	171.0
	0	54	78.0
	0	55	115.0
	0	56	102.0
	0	57	131.0
	0	58	123.0
	0	59	125.0
	0	60	157.0
	0	61	168.0
	0	62	219.0
	0	63	182.0
	0	64	163.0
	0	65	202.0
	0	66	191.0
	0	67	105.0
	0	68	177.0
	0	69	139.0
	0	70	128.0
	0	71	126.0
	0	72	118.0
	0	73	214.0
	0	74	174.0
	0	75	192.0
	0	76	231.0
	0	77	141.0
	0	78	133.0
	0	79	166.0
	0	80	85.0
	0	81	143.0
	0	82	156.0
	0	83	191.0
	0	84	132.0
	0	85	160.0
	0	86	134.0
	0	87	110.0
	0	88	173.0
	0	89	127.0
	0	90	141.0
	0	91	192.0
	0	92	168.0
	0	93	102.0
	0	94	31.0
	0	95	82.0
	0	96	157.0
	0	97	108.0
	0	98	77.0
	0	99	88.0
	1	0	30.0
	1	1	0.0
	1	2	46.0
	1	3	47.0
	1	4	75.0
	1	5	106.0
	1	6	83.0
	1	7	122.0
	1	8	123.0
	1	9	192.0
	1	10	133.0
	1	11	143.0
	1	12	140.0
	1	13	122.0
	1	14	121.0
	1	15	199.0
	1	16	185.0
	1	17	177.0
	1	18	92.0
	1	19	122.0
	1	20	136.0
	1	21	140.0
	1	22	145.0
	1	23	90.0
	1	24	88.0
	1	25	56.0
	1	26	74.0
	1	27	65.0
	1	28	36.0
	1	29	95.0
	1	30	171.0
	1	31	82.0
	1	32	92.0
	1	33	132.0
	1	34	90.0
	1	35	184.0
	1	36	129.0
	1	37	150.0
	1	38	195.0
	1	39	232.0
	1	40	182.0
	1	41	137.0
	1	42	183.0
	1	43	171.0
	1	44	94.0
	1	45	154.0
	1	46	193.0
	1	47	179.0
	1	48	112.0
	1	49	90.0
	1	50	145.0
	1	51	129.0
	1	52	188.0
	1	53	180.0
	1	54	108.0
	1	55	145.0
	1	56	132.0
	1	57	125.0
	1	58	105.0
	1	59	95.0
	1	60	127.0
	1	61	138.0
	1	62	189.0
	1	63	212.0
	1	64	193.0
	1	65	173.0
	1	66	161.0
	1	67	75.0
	1	68	147.0
	1	69	163.0
	1	70	98.0
	1	71	96.0
	1	72	88.0
	1	73	184.0
	1	74	174.0
	1	75	192.0
	1	76	201.0
	1	77	111.0
	1	78	103.0
	1	79	136.0
	1	80	115.0
	1	81	173.0
	1	82	186.0
	1	83	221.0
	1	84	162.0
	1	85	170.0
	1	86	124.0
	1	87	100.0
	1	88	163.0
	1	89	155.0
	1	90	141.0
	1	91	162.0
	1	92	157.0
	1	93	132.0
	1	94	61.0
	1	95	112.0
	1	96	183.0
	1	97	126.0
	1	98	95.0
	1	99	118.0
	2	0	76.0
	2	1	46.0
	2	2	0.0
	2	3	1.0
	2	4	29.0
	2	5	60.0
	2	6	37.0
	2	7	76.0
	2	8	77.0
	2	9	161.0
	2	10	142.0
	2	11	144.0
	2	12	116.0
	2	13	76.0
	2	14	75.0
	2	15	153.0
	2	16	139.0
	2	17	140.0
	2	18	46.0
	2	19	76.0
	2	20	90.0
	2	21	94.0
	2	22	125.0
	2	23	70.0
	2	24	68.0
	2	25	100.0
	2	26	28.0
	2	27	111.0
	2	28	82.0
	2	29	141.0
	2	30	154.0
	2	31	84.0
	2	32	46.0
	2	33	86.0
	2	34	44.0
	2	35	138.0
	2	36	138.0
	2	37	148.0
	2	38	149.0
	2	39	186.0
	2	40	158.0
	2	41	113.0
	2	42	149.0
	2	43	125.0
	2	44	48.0
	2	45	108.0
	2	46	147.0
	2	47	133.0
	2	48	66.0
	2	49	44.0
	2	50	99.0
	2	51	83.0
	2	52	142.0
	2	53	134.0
	2	54	154.0
	2	55	134.0
	2	56	108.0
	2	57	79.0
	2	58	59.0
	2	59	49.0
	2	60	81.0
	2	61	92.0
	2	62	143.0
	2	63	173.0
	2	64	154.0
	2	65	127.0
	2	66	115.0
	2	67	29.0
	2	68	101.0
	2	69	117.0
	2	70	52.0
	2	71	50.0
	2	72	42.0
	2	73	138.0
	2	74	128.0
	2	75	146.0
	2	76	155.0
	2	77	65.0
	2	78	57.0
	2	79	90.0
	2	80	124.0
	2	81	165.0
	2	82	152.0
	2	83	197.0
	2	84	138.0
	2	85	124.0
	2	86	78.0
	2	87	54.0
	2	88	117.0
	2	89	109.0
	2	90	95.0
	2	91	116.0
	2	92	111.0
	2	93	138.0
	2	94	107.0
	2	95	116.0
	2	96	137.0
	2	97	80.0
	2	98	49.0
	2	99	98.0
	3	0	77.0
	3	1	47.0
	3	2	1.0
	3	3	0.0
	3	4	28.0
	3	5	59.0
	3	6	36.0
	3	7	75.0
	3	8	78.0
	3	9	162.0
	3	10	141.0
	3	11	143.0
	3	12	115.0
	3	13	75.0
	3	14	74.0
	3	15	154.0
	3	16	138.0
	3	17	139.0
	3	18	45.0
	3	19	75.0
	3	20	89.0
	3	21	93.0
	3	22	126.0
	3	23	71.0
	3	24	69.0
	3	25	101.0
	3	26	27.0
	3	27	112.0
	3	28	83.0
	3	29	142.0
	3	30	153.0
	3	31	85.0
	3	32	45.0
	3	33	85.0
	3	34	43.0
	3	35	137.0
	3	36	137.0
	3	37	147.0
	3	38	148.0
	3	39	185.0
	3	40	157.0
	3	41	112.0
	3	42	148.0
	3	43	124.0
	3	44	47.0
	3	45	107.0
	3	46	146.0
	3	47	134.0
	3	48	65.0
	3	49	43.0
	3	50	98.0
	3	51	82.0
	3	52	141.0
	3	53	133.0
	3	54	155.0
	3	55	133.0
	3	56	107.0
	3	57	78.0
	3	58	58.0
	3	59	48.0
	3	60	80.0
	3	61	91.0
	3	62	142.0
	3	63	172.0
	3	64	153.0
	3	65	126.0
	3	66	114.0
	3	67	28.0
	3	68	100.0
	3	69	116.0
	3	70	51.0
	3	71	49.0
	3	72	41.0
	3	73	137.0
	3	74	127.0
	3	75	145.0
	3	76	156.0
	3	77	66.0
	3	78	58.0
	3	79	89.0
	3	80	123.0
	3	81	166.0
	3	82	153.0
	3	83	196.0
	3	84	137.0
	3	85	123.0
	3	86	77.0
	3	87	53.0
	3	88	116.0
	3	89	108.0
	3	90	94.0
	3	91	115.0
	3	92	110.0
	3	93	137.0
	3	94	108.0
	3	95	115.0
	3	96	138.0
	3	97	81.0
	3	98	50.0
	3	99	99.0
	4	0	105.0
	4	1	75.0
	4	2	29.0
	4	3	28.0
	4	4	0.0
	4	5	31.0
	4	6	8.0
	4	7	47.0
	4	8	61.0
	4	9	145.0
	4	10	113.0
	4	11	123.0
	4	12	105.0
	4	13	103.0
	4	14	102.0
	4	15	182.0
	4	16	128.0
	4	17	111.0
	4	18	17.0
	4	19	47.0
	4	20	61.0
	4	21	65.0
	4	22	147.0
	4	23	93.0
	4	24	95.0
	4	25	127.0
	4	26	55.0
	4	27	140.0
	4	28	111.0
	4	29	134.0
	4	30	181.0
	4	31	113.0
	4	32	73.0
	4	33	103.0
	4	34	15.0
	4	35	109.0
	4	36	109.0
	4	37	119.0
	4	38	120.0
	4	39	157.0
	4	40	147.0
	4	41	102.0
	4	42	148.0
	4	43	140.0
	4	44	63.0
	4	45	123.0
	4	46	136.0
	4	47	153.0
	4	48	93.0
	4	49	71.0
	4	50	70.0
	4	51	54.0
	4	52	113.0
	4	53	105.0
	4	54	160.0
	4	55	123.0
	4	56	97.0
	4	57	68.0
	4	58	30.0
	4	59	20.0
	4	60	52.0
	4	61	63.0
	4	62	114.0
	4	63	144.0
	4	64	125.0
	4	65	154.0
	4	66	142.0
	4	67	56.0
	4	68	128.0
	4	69	144.0
	4	70	79.0
	4	71	77.0
	4	72	69.0
	4	73	156.0
	4	74	113.0
	4	75	152.0
	4	76	184.0
	4	77	94.0
	4	78	86.0
	4	79	61.0
	4	80	95.0
	4	81	149.0
	4	82	136.0
	4	83	186.0
	4	84	127.0
	4	85	140.0
	4	86	105.0
	4	87	81.0
	4	88	144.0
	4	89	136.0
	4	90	122.0
	4	91	87.0
	4	92	82.0
	4	93	155.0
	4	94	136.0
	4	95	87.0
	4	96	162.0
	4	97	109.0
	4	98	78.0
	4	99	127.0
	5	0	136.0
	5	1	106.0
	5	2	60.0
	5	3	59.0
	5	4	31.0
	5	5	0.0
	5	6	39.0
	5	7	78.0
	5	8	92.0
	5	9	176.0
	5	10	144.0
	5	11	154.0
	5	12	136.0
	5	13	134.0
	5	14	133.0
	5	15	213.0
	5	16	159.0
	5	17	142.0
	5	18	48.0
	5	19	78.0
	5	20	92.0
	5	21	96.0
	5	22	178.0
	5	23	124.0
	5	24	126.0
	5	25	158.0
	5	26	86.0
	5	27	171.0
	5	28	142.0
	5	29	165.0
	5	30	165.0
	5	31	144.0
	5	32	104.0
	5	33	134.0
	5	34	46.0
	5	35	140.0
	5	36	140.0
	5	37	150.0
	5	38	151.0
	5	39	188.0
	5	40	178.0
	5	41	133.0
	5	42	179.0
	5	43	171.0
	5	44	94.0
	5	45	154.0
	5	46	167.0
	5	47	184.0
	5	48	124.0
	5	49	102.0
	5	50	101.0
	5	51	85.0
	5	52	144.0
	5	53	136.0
	5	54	191.0
	5	55	154.0
	5	56	128.0
	5	57	99.0
	5	58	61.0
	5	59	51.0
	5	60	83.0
	5	61	94.0
	5	62	83.0
	5	63	135.0
	5	64	154.0
	5	65	185.0
	5	66	173.0
	5	67	87.0
	5	68	159.0
	5	69	175.0
	5	70	110.0
	5	71	108.0
	5	72	100.0
	5	73	187.0
	5	74	144.0
	5	75	183.0
	5	76	215.0
	5	77	125.0
	5	78	117.0
	5	79	92.0
	5	80	126.0
	5	81	180.0
	5	82	167.0
	5	83	217.0
	5	84	158.0
	5	85	171.0
	5	86	136.0
	5	87	112.0
	5	88	175.0
	5	89	167.0
	5	90	153.0
	5	91	118.0
	5	92	113.0
	5	93	186.0
	5	94	167.0
	5	95	118.0
	5	96	193.0
	5	97	140.0
	5	98	109.0
	5	99	158.0
	6	0	113.0
	6	1	83.0
	6	2	37.0
	6	3	36.0
	6	4	8.0
	6	5	39.0
	6	6	0.0
	6	7	39.0
	6	8	53.0
	6	9	137.0
	6	10	105.0
	6	11	115.0
	6	12	97.0
	6	13	111.0
	6	14	110.0
	6	15	181.0
	6	16	120.0
	6	17	103.0
	6	18	9.0
	6	19	39.0
	6	20	53.0
	6	21	57.0
	6	22	139.0
	6	23	85.0
	6	24	87.0
	6	25	119.0
	6	26	63.0
	6	27	148.0
	6	28	119.0
	6	29	126.0
	6	30	189.0
	6	31	116.0
	6	32	81.0
	6	33	95.0
	6	34	7.0
	6	35	101.0
	6	36	101.0
	6	37	111.0
	6	38	112.0
	6	39	149.0
	6	40	139.0
	6	41	94.0
	6	42	140.0
	6	43	132.0
	6	44	55.0
	6	45	115.0
	6	46	128.0
	6	47	145.0
	6	48	101.0
	6	49	79.0
	6	50	62.0
	6	51	46.0
	6	52	105.0
	6	53	97.0
	6	54	152.0
	6	55	115.0
	6	56	89.0
	6	57	60.0
	6	58	22.0
	6	59	12.0
	6	60	44.0
	6	61	55.0
	6	62	121.0
	6	63	136.0
	6	64	117.0
	6	65	156.0
	6	66	150.0
	6	67	64.0
	6	68	136.0
	6	69	152.0
	6	70	87.0
	6	71	85.0
	6	72	77.0
	6	73	148.0
	6	74	105.0
	6	75	144.0
	6	76	192.0
	6	77	102.0
	6	78	94.0
	6	79	53.0
	6	80	87.0
	6	81	141.0
	6	82	128.0
	6	83	178.0
	6	84	119.0
	6	85	132.0
	6	86	113.0
	6	87	89.0
	6	88	152.0
	6	89	144.0
	6	90	130.0
	6	91	79.0
	6	92	74.0
	6	93	147.0
	6	94	141.0
	6	95	95.0
	6	96	169.0
	6	97	112.0
	6	98	81.0
	6	99	130.0
	7	0	119.0
	7	1	122.0
	7	2	76.0
	7	3	75.0
	7	4	47.0
	7	5	78.0
	7	6	39.0
	7	7	0.0
	7	8	14.0
	7	9	98.0
	7	10	115.0
	7	11	105.0
	7	12	77.0
	7	13	140.0
	7	14	149.0
	7	15	210.0
	7	16	159.0
	7	17	142.0
	7	18	48.0
	7	19	78.0
	7	20	92.0
	7	21	42.0
	7	22	118.0
	7	23	63.0
	7	24	61.0
	7	25	93.0
	7	26	102.0
	7	27	142.0
	7	28	113.0
	7	29	122.0
	7	30	166.0
	7	31	77.0
	7	32	120.0
	7	33	134.0
	7	34	46.0
	7	35	140.0
	7	36	119.0
	7	37	140.0
	7	38	151.0
	7	39	186.0
	7	40	125.0
	7	41	80.0
	7	42	126.0
	7	43	150.0
	7	44	94.0
	7	45	154.0
	7	46	156.0
	7	47	106.0
	7	48	96.0
	7	49	118.0
	7	50	47.0
	7	51	31.0
	7	52	66.0
	7	53	134.0
	7	54	148.0
	7	55	111.0
	7	56	85.0
	7	57	99.0
	7	58	61.0
	7	59	51.0
	7	60	83.0
	7	61	94.0
	7	62	160.0
	7	63	136.0
	7	64	155.0
	7	65	194.0
	7	66	189.0
	7	67	103.0
	7	68	150.0
	7	69	191.0
	7	70	126.0
	7	71	124.0
	7	72	116.0
	7	73	116.0
	7	74	90.0
	7	75	129.0
	7	76	190.0
	7	77	141.0
	7	78	133.0
	7	79	92.0
	7	80	126.0
	7	81	102.0
	7	82	89.0
	7	83	158.0
	7	84	99.0
	7	85	127.0
	7	86	140.0
	7	87	128.0
	7	88	191.0
	7	89	137.0
	7	90	123.0
	7	91	118.0
	7	92	113.0
	7	93	186.0
	7	94	127.0
	7	95	134.0
	7	96	130.0
	7	97	73.0
	7	98	42.0
	7	99	91.0
	8	0	105.0
	8	1	123.0
	8	2	77.0
	8	3	78.0
	8	4	61.0
	8	5	92.0
	8	6	53.0
	8	7	14.0
	8	8	0.0
	8	9	84.0
	8	10	129.0
	8	11	119.0
	8	12	91.0
	8	13	153.0
	8	14	152.0
	8	15	224.0
	8	16	173.0
	8	17	156.0
	8	18	62.0
	8	19	92.0
	8	20	106.0
	8	21	56.0
	8	22	104.0
	8	23	49.0
	8	24	47.0
	8	25	79.0
	8	26	105.0
	8	27	128.0
	8	28	99.0
	8	29	136.0
	8	30	152.0
	8	31	63.0
	8	32	113.0
	8	33	148.0
	8	34	60.0
	8	35	154.0
	8	36	133.0
	8	37	154.0
	8	38	165.0
	8	39	200.0
	8	40	139.0
	8	41	94.0
	8	42	140.0
	8	43	164.0
	8	44	108.0
	8	45	168.0
	8	46	142.0
	8	47	92.0
	8	48	110.0
	8	49	121.0
	8	50	61.0
	8	51	45.0
	8	52	80.0
	8	53	148.0
	8	54	162.0
	8	55	125.0
	8	56	99.0
	8	57	113.0
	8	58	75.0
	8	59	65.0
	8	60	97.0
	8	61	108.0
	8	62	174.0
	8	63	150.0
	8	64	169.0
	8	65	197.0
	8	66	192.0
	8	67	106.0
	8	68	164.0
	8	69	194.0
	8	70	129.0
	8	71	127.0
	8	72	119.0
	8	73	130.0
	8	74	104.0
	8	75	143.0
	8	76	204.0
	8	77	142.0
	8	78	134.0
	8	79	106.0
	8	80	140.0
	8	81	88.0
	8	82	75.0
	8	83	154.0
	8	84	113.0
	8	85	141.0
	8	86	145.0
	8	87	121.0
	8	88	184.0
	8	89	151.0
	8	90	137.0
	8	91	132.0
	8	92	127.0
	8	93	200.0
	8	94	136.0
	8	95	148.0
	8	96	116.0
	8	97	59.0
	8	98	28.0
	8	99	77.0
	9	0	162.0
	9	1	192.0
	9	2	161.0
	9	3	162.0
	9	4	145.0
	9	5	176.0
	9	6	137.0
	9	7	98.0
	9	8	84.0
	9	9	0.0
	9	10	59.0
	9	11	69.0
	9	12	97.0
	9	13	160.0
	9	14	169.0
	9	15	154.0
	9	16	181.0
	9	17	111.0
	9	18	146.0
	9	19	125.0
	9	20	111.0
	9	21	140.0
	9	22	188.0
	9	23	133.0
	9	24	131.0
	9	25	163.0
	9	26	189.0
	9	27	197.0
	9	28	168.0
	9	29	142.0
	9	30	223.0
	9	31	147.0
	9	32	197.0
	9	33	232.0
	9	34	144.0
	9	35	123.0
	9	36	63.0
	9	37	84.0
	9	38	170.0
	9	39	208.0
	9	40	145.0
	9	41	100.0
	9	42	146.0
	9	43	125.0
	9	44	168.0
	9	45	228.0
	9	46	202.0
	9	47	176.0
	9	48	194.0
	9	49	200.0
	9	50	145.0
	9	51	129.0
	9	52	164.0
	9	53	182.0
	9	54	168.0
	9	55	131.0
	9	56	105.0
	9	57	134.0
	9	58	159.0
	9	59	149.0
	9	60	181.0
	9	61	140.0
	9	62	206.0
	9	63	234.0
	9	64	253.0
	9	65	281.0
	9	66	273.0
	9	67	187.0
	9	68	170.0
	9	69	216.0
	9	70	181.0
	9	71	179.0
	9	72	171.0
	9	73	214.0
	9	74	188.0
	9	75	187.0
	9	76	248.0
	9	77	226.0
	9	78	218.0
	9	79	168.0
	9	80	77.0
	9	81	135.0
	9	82	148.0
	9	83	178.0
	9	84	119.0
	9	85	147.0
	9	86	193.0
	9	87	205.0
	9	88	268.0
	9	89	224.0
	9	90	210.0
	9	91	216.0
	9	92	160.0
	9	93	202.0
	9	94	131.0
	9	95	182.0
	9	96	200.0
	9	97	143.0
	9	98	112.0
	9	99	161.0
	10	0	103.0
	10	1	133.0
	10	2	142.0
	10	3	141.0
	10	4	113.0
	10	5	144.0
	10	6	105.0
	10	7	115.0
	10	8	129.0
	10	9	59.0
	10	10	0.0
	10	11	10.0
	10	12	38.0
	10	13	101.0
	10	14	110.0
	10	15	95.0
	10	16	122.0
	10	17	52.0
	10	18	96.0
	10	19	66.0
	10	20	52.0
	10	21	139.0
	10	22	218.0
	10	23	163.0
	10	24	161.0
	10	25	129.0
	10	26	149.0
	10	27	138.0
	10	28	109.0
	10	29	83.0
	10	30	164.0
	10	31	155.0
	10	32	166.0
	10	33	195.0
	10	34	112.0
	10	35	64.0
	10	36	4.0
	10	37	25.0
	10	38	111.0
	10	39	149.0
	10	40	86.0
	10	41	41.0
	10	42	87.0
	10	43	66.0
	10	44	109.0
	10	45	169.0
	10	46	143.0
	10	47	193.0
	10	48	163.0
	10	49	141.0
	10	50	162.0
	10	51	146.0
	10	52	181.0
	10	53	123.0
	10	54	109.0
	10	55	72.0
	10	56	46.0
	10	57	75.0
	10	58	113.0
	10	59	117.0
	10	60	148.0
	10	61	81.0
	10	62	147.0
	10	63	199.0
	10	64	204.0
	10	65	226.0
	10	66	214.0
	10	67	128.0
	10	68	111.0
	10	69	157.0
	10	70	122.0
	10	71	120.0
	10	72	112.0
	10	73	195.0
	10	74	152.0
	10	75	128.0
	10	76	189.0
	10	77	175.0
	10	78	167.0
	10	79	109.0
	10	80	18.0
	10	81	76.0
	10	82	89.0
	10	83	119.0
	10	84	60.0
	10	85	88.0
	10	86	134.0
	10	87	158.0
	10	88	221.0
	10	89	165.0
	10	90	151.0
	10	91	165.0
	10	92	101.0
	10	93	143.0
	10	94	72.0
	10	95	123.0
	10	96	198.0
	10	97	188.0
	10	98	157.0
	10	99	191.0
	11	0	113.0
	11	1	143.0
	11	2	144.0
	11	3	143.0
	11	4	123.0
	11	5	154.0
	11	6	115.0
	11	7	105.0
	11	8	119.0
	11	9	69.0
	11	10	10.0
	11	11	0.0
	11	12	28.0
	11	13	91.0
	11	14	100.0
	11	15	105.0
	11	16	125.0
	11	17	62.0
	11	18	106.0
	11	19	76.0
	11	20	62.0
	11	21	147.0
	11	22	221.0
	11	23	166.0
	11	24	166.0
	11	25	139.0
	11	26	139.0
	11	27	148.0
	11	28	119.0
	11	29	73.0
	11	30	154.0
	11	31	165.0
	11	32	156.0
	11	33	196.0
	11	34	118.0
	11	35	74.0
	11	36	14.0
	11	37	35.0
	11	38	121.0
	11	39	139.0
	11	40	76.0
	11	41	31.0
	11	42	77.0
	11	43	56.0
	11	44	99.0
	11	45	159.0
	11	46	133.0
	11	47	183.0
	11	48	153.0
	11	49	131.0
	11	50	152.0
	11	51	136.0
	11	52	171.0
	11	53	113.0
	11	54	99.0
	11	55	62.0
	11	56	36.0
	11	57	65.0
	11	58	103.0
	11	59	113.0
	11	60	145.0
	11	61	91.0
	11	62	157.0
	11	63	209.0
	11	64	214.0
	11	65	216.0
	11	66	204.0
	11	67	118.0
	11	68	101.0
	11	69	147.0
	11	70	112.0
	11	71	110.0
	11	72	102.0
	11	73	198.0
	11	74	157.0
	11	75	118.0
	11	76	179.0
	11	77	173.0
	11	78	177.0
	11	79	119.0
	11	80	28.0
	11	81	86.0
	11	82	99.0
	11	83	109.0
	11	84	50.0
	11	85	78.0
	11	86	124.0
	11	87	148.0
	11	88	211.0
	11	89	155.0
	11	90	141.0
	11	91	175.0
	11	92	111.0
	11	93	153.0
	11	94	82.0
	11	95	133.0
	11	96	208.0
	11	97	178.0
	11	98	147.0
	11	99	196.0
	12	0	110.0
	12	1	140.0
	12	2	116.0
	12	3	115.0
	12	4	105.0
	12	5	136.0
	12	6	97.0
	12	7	77.0
	12	8	91.0
	12	9	97.0
	12	10	38.0
	12	11	28.0
	12	12	0.0
	12	13	63.0
	12	14	72.0
	12	15	133.0
	12	16	97.0
	12	17	90.0
	12	18	106.0
	12	19	104.0
	12	20	90.0
	12	21	119.0
	12	22	193.0
	12	23	138.0
	12	24	138.0
	12	25	124.0
	12	26	111.0
	12	27	133.0
	12	28	104.0
	12	29	45.0
	12	30	126.0
	12	31	150.0
	12	32	128.0
	12	33	168.0
	12	34	90.0
	12	35	102.0
	12	36	42.0
	12	37	63.0
	12	38	149.0
	12	39	111.0
	12	40	48.0
	12	41	3.0
	12	42	49.0
	12	43	73.0
	12	44	71.0
	12	45	131.0
	12	46	105.0
	12	47	155.0
	12	48	125.0
	12	49	103.0
	12	50	124.0
	12	51	108.0
	12	52	143.0
	12	53	85.0
	12	54	71.0
	12	55	34.0
	12	56	8.0
	12	57	37.0
	12	58	75.0
	12	59	85.0
	12	60	117.0
	12	61	119.0
	12	62	185.0
	12	63	209.0
	12	64	190.0
	12	65	188.0
	12	66	176.0
	12	67	90.0
	12	68	73.0
	12	69	119.0
	12	70	84.0
	12	71	82.0
	12	72	74.0
	12	73	170.0
	12	74	129.0
	12	75	90.0
	12	76	151.0
	12	77	145.0
	12	78	153.0
	12	79	136.0
	12	80	56.0
	12	81	114.0
	12	82	127.0
	12	83	81.0
	12	84	22.0
	12	85	50.0
	12	86	96.0
	12	87	120.0
	12	88	183.0
	12	89	127.0
	12	90	113.0
	12	91	165.0
	12	92	139.0
	12	93	181.0
	12	94	110.0
	12	95	161.0
	12	96	207.0
	12	97	150.0
	12	98	119.0
	12	99	168.0
	13	0	151.0
	13	1	122.0
	13	2	76.0
	13	3	75.0
	13	4	103.0
	13	5	134.0
	13	6	111.0
	13	7	140.0
	13	8	153.0
	13	9	160.0
	13	10	101.0
	13	11	91.0
	13	12	63.0
	13	13	0.0
	13	14	9.0
	13	15	109.0
	13	16	160.0
	13	17	153.0
	13	18	120.0
	13	19	96.0
	13	20	82.0
	13	21	151.0
	13	22	201.0
	13	23	146.0
	13	24	144.0
	13	25	125.0
	13	26	48.0
	13	27	143.0
	13	28	145.0
	13	29	108.0
	13	30	108.0
	13	31	151.0
	13	32	120.0
	13	33	160.0
	13	34	118.0
	13	35	165.0
	13	36	105.0
	13	37	126.0
	13	38	141.0
	13	39	174.0
	13	40	111.0
	13	41	66.0
	13	42	112.0
	13	43	136.0
	13	44	122.0
	13	45	182.0
	13	46	168.0
	13	47	155.0
	13	48	62.0
	13	49	40.0
	13	50	124.0
	13	51	140.0
	13	52	206.0
	13	53	148.0
	13	54	134.0
	13	55	97.0
	13	56	71.0
	13	57	100.0
	13	58	133.0
	13	59	123.0
	13	60	155.0
	13	61	166.0
	13	62	190.0
	13	63	213.0
	13	64	228.0
	13	65	201.0
	13	66	189.0
	13	67	103.0
	13	68	55.0
	13	69	128.0
	13	70	126.0
	13	71	124.0
	13	72	116.0
	13	73	212.0
	13	74	192.0
	13	75	153.0
	13	76	214.0
	13	77	141.0
	13	78	133.0
	13	79	164.0
	13	80	116.0
	13	81	174.0
	13	82	187.0
	13	83	144.0
	13	84	85.0
	13	85	113.0
	13	86	152.0
	13	87	128.0
	13	88	191.0
	13	89	183.0
	13	90	169.0
	13	91	190.0
	13	92	131.0
	13	93	206.0
	13	94	170.0
	13	95	190.0
	13	96	213.0
	13	97	156.0
	13	98	125.0
	13	99	174.0
	14	0	150.0
	14	1	121.0
	14	2	75.0
	14	3	74.0
	14	4	102.0
	14	5	133.0
	14	6	110.0
	14	7	149.0
	14	8	152.0
	14	9	169.0
	14	10	110.0
	14	11	100.0
	14	12	72.0
	14	13	9.0
	14	14	0.0
	14	15	100.0
	14	16	169.0
	14	17	162.0
	14	18	119.0
	14	19	105.0
	14	20	91.0
	14	21	142.0
	14	22	200.0
	14	23	145.0
	14	24	143.0
	14	25	124.0
	14	26	47.0
	14	27	142.0
	14	28	144.0
	14	29	117.0
	14	30	99.0
	14	31	150.0
	14	32	119.0
	14	33	159.0
	14	34	117.0
	14	35	174.0
	14	36	114.0
	14	37	135.0
	14	38	150.0
	14	39	183.0
	14	40	120.0
	14	41	75.0
	14	42	121.0
	14	43	145.0
	14	44	121.0
	14	45	181.0
	14	46	177.0
	14	47	146.0
	14	48	53.0
	14	49	31.0
	14	50	115.0
	14	51	131.0
	14	52	215.0
	14	53	157.0
	14	54	143.0
	14	55	106.0
	14	56	80.0
	14	57	109.0
	14	58	132.0
	14	59	122.0
	14	60	154.0
	14	61	165.0
	14	62	181.0
	14	63	204.0
	14	64	223.0
	14	65	200.0
	14	66	188.0
	14	67	102.0
	14	68	46.0
	14	69	119.0
	14	70	125.0
	14	71	123.0
	14	72	115.0
	14	73	211.0
	14	74	190.0
	14	75	162.0
	14	76	223.0
	14	77	140.0
	14	78	132.0
	14	79	163.0
	14	80	125.0
	14	81	183.0
	14	82	196.0
	14	83	153.0
	14	84	94.0
	14	85	122.0
	14	86	151.0
	14	87	127.0
	14	88	190.0
	14	89	182.0
	14	90	168.0
	14	91	189.0
	14	92	140.0
	14	93	211.0
	14	94	179.0
	14	95	189.0
	14	96	212.0
	14	97	155.0
	14	98	124.0
	14	99	173.0
	15	0	190.0
	15	1	199.0
	15	2	153.0
	15	3	154.0
	15	4	182.0
	15	5	213.0
	15	6	181.0
	15	7	210.0
	15	8	224.0
	15	9	154.0
	15	10	95.0
	15	11	105.0
	15	12	133.0
	15	13	109.0
	15	14	100.0
	15	15	0.0
	15	16	98.0
	15	17	97.0
	15	18	183.0
	15	19	153.0
	15	20	139.0
	15	21	217.0
	15	22	278.0
	15	23	223.0
	15	24	221.0
	15	25	216.0
	15	26	147.0
	15	27	225.0
	15	28	196.0
	15	29	178.0
	15	30	199.0
	15	31	235.0
	15	32	185.0
	15	33	225.0
	15	34	188.0
	15	35	151.0
	15	36	91.0
	15	37	70.0
	15	38	159.0
	15	39	195.0
	15	40	181.0
	15	41	136.0
	15	42	182.0
	15	43	161.0
	15	44	201.0
	15	45	261.0
	15	46	226.0
	15	47	246.0
	15	48	153.0
	15	49	131.0
	15	50	215.0
	15	51	227.0
	15	52	211.0
	15	53	143.0
	15	54	204.0
	15	55	167.0
	15	56	141.0
	15	57	158.0
	15	58	196.0
	15	59	193.0
	15	60	193.0
	15	61	126.0
	15	62	192.0
	15	63	244.0
	15	64	263.0
	15	65	280.0
	15	66	268.0
	15	67	182.0
	15	68	146.0
	15	69	219.0
	15	70	205.0
	15	71	203.0
	15	72	195.0
	15	73	212.0
	15	74	169.0
	15	75	187.0
	15	76	194.0
	15	77	104.0
	15	78	96.0
	15	79	154.0
	15	80	105.0
	15	81	163.0
	15	82	176.0
	15	83	214.0
	15	84	155.0
	15	85	178.0
	15	86	153.0
	15	87	177.0
	15	88	231.0
	15	89	150.0
	15	90	136.0
	15	91	188.0
	15	92	188.0
	15	93	213.0
	15	94	159.0
	15	95	210.0
	15	96	285.0
	15	97	233.0
	15	98	202.0
	15	99	251.0
	16	0	191.0
	16	1	185.0
	16	2	139.0
	16	3	138.0
	16	4	128.0
	16	5	159.0
	16	6	120.0
	16	7	159.0
	16	8	173.0
	16	9	181.0
	16	10	122.0
	16	11	125.0
	16	12	97.0
	16	13	160.0
	16	14	169.0
	16	15	98.0
	16	16	0.0
	16	17	70.0
	16	18	129.0
	16	19	159.0
	16	20	166.0
	16	21	153.0
	16	22	216.0
	16	23	161.0
	16	24	163.0
	16	25	195.0
	16	26	165.0
	16	27	214.0
	16	28	185.0
	16	29	126.0
	16	30	212.0
	16	31	208.0
	16	32	158.0
	16	33	198.0
	16	34	113.0
	16	35	178.0
	16	36	118.0
	16	37	97.0
	16	38	144.0
	16	39	97.0
	16	40	139.0
	16	41	94.0
	16	42	140.0
	16	43	164.0
	16	44	131.0
	16	45	173.0
	16	46	128.0
	16	47	178.0
	16	48	203.0
	16	49	181.0
	16	50	158.0
	16	51	142.0
	16	52	113.0
	16	53	45.0
	16	54	138.0
	16	55	115.0
	16	56	89.0
	16	57	60.0
	16	58	98.0
	16	59	108.0
	16	60	140.0
	16	61	153.0
	16	62	219.0
	16	63	232.0
	16	64	213.0
	16	65	248.0
	16	66	236.0
	16	67	150.0
	16	68	159.0
	16	69	172.0
	16	70	107.0
	16	71	105.0
	16	72	97.0
	16	73	163.0
	16	74	170.0
	16	75	181.0
	16	76	242.0
	16	77	175.0
	16	78	183.0
	16	79	159.0
	16	80	132.0
	16	81	190.0
	16	82	203.0
	16	83	167.0
	16	84	108.0
	16	85	80.0
	16	86	126.0
	16	87	150.0
	16	88	213.0
	16	89	157.0
	16	90	143.0
	16	91	195.0
	16	92	194.0
	16	93	220.0
	16	94	185.0
	16	95	215.0
	16	96	270.0
	16	97	213.0
	16	98	182.0
	16	99	231.0
	17	0	147.0
	17	1	177.0
	17	2	140.0
	17	3	139.0
	17	4	111.0
	17	5	142.0
	17	6	103.0
	17	7	142.0
	17	8	156.0
	17	9	111.0
	17	10	52.0
	17	11	62.0
	17	12	90.0
	17	13	153.0
	17	14	162.0
	17	15	97.0
	17	16	70.0
	17	17	0.0
	17	18	94.0
	17	19	110.0
	17	20	96.0
	17	21	148.0
	17	22	230.0
	17	23	188.0
	17	24	190.0
	17	25	173.0
	17	26	166.0
	17	27	182.0
	17	28	153.0
	17	29	135.0
	17	30	216.0
	17	31	199.0
	17	32	182.0
	17	33	198.0
	17	34	110.0
	17	35	108.0
	17	36	48.0
	17	37	27.0
	17	38	116.0
	17	39	163.0
	17	40	138.0
	17	41	93.0
	17	42	139.0
	17	43	118.0
	17	44	158.0
	17	45	218.0
	17	46	195.0
	17	47	245.0
	17	48	204.0
	17	49	182.0
	17	50	165.0
	17	51	149.0
	17	52	183.0
	17	53	115.0
	17	54	161.0
	17	55	124.0
	17	56	98.0
	17	57	127.0
	17	58	125.0
	17	59	115.0
	17	60	147.0
	17	61	83.0
	17	62	149.0
	17	63	201.0
	17	64	220.0
	17	65	259.0
	17	66	253.0
	17	67	167.0
	17	68	163.0
	17	69	209.0
	17	70	174.0
	17	71	172.0
	17	72	164.0
	17	73	143.0
	17	74	100.0
	17	75	139.0
	17	76	200.0
	17	77	165.0
	17	78	173.0
	17	79	153.0
	17	80	62.0
	17	81	120.0
	17	82	133.0
	17	83	171.0
	17	84	112.0
	17	85	140.0
	17	86	150.0
	17	87	174.0
	17	88	228.0
	17	89	147.0
	17	90	133.0
	17	91	164.0
	17	92	145.0
	17	93	179.0
	17	94	116.0
	17	95	167.0
	17	96	242.0
	17	97	215.0
	17	98	184.0
	17	99	233.0
	18	0	122.0
	18	1	92.0
	18	2	46.0
	18	3	45.0
	18	4	17.0
	18	5	48.0
	18	6	9.0
	18	7	48.0
	18	8	62.0
	18	9	146.0
	18	10	96.0
	18	11	106.0
	18	12	106.0
	18	13	120.0
	18	14	119.0
	18	15	183.0
	18	16	129.0
	18	17	94.0
	18	18	0.0
	18	19	30.0
	18	20	44.0
	18	21	66.0
	18	22	148.0
	18	23	94.0
	18	24	96.0
	18	25	128.0
	18	26	72.0
	18	27	157.0
	18	28	128.0
	18	29	135.0
	18	30	198.0
	18	31	125.0
	18	32	90.0
	18	33	104.0
	18	34	16.0
	18	35	110.0
	18	36	92.0
	18	37	113.0
	18	38	103.0
	18	39	150.0
	18	40	148.0
	18	41	103.0
	18	42	149.0
	18	43	141.0
	18	44	64.0
	18	45	124.0
	18	46	137.0
	18	47	154.0
	18	48	110.0
	18	49	88.0
	18	50	71.0
	18	51	55.0
	18	52	114.0
	18	53	106.0
	18	54	161.0
	18	55	124.0
	18	56	98.0
	18	57	69.0
	18	58	31.0
	18	59	21.0
	18	60	53.0
	18	61	64.0
	18	62	130.0
	18	63	145.0
	18	64	126.0
	18	65	165.0
	18	66	159.0
	18	67	73.0
	18	68	145.0
	18	69	161.0
	18	70	96.0
	18	71	94.0
	18	72	86.0
	18	73	157.0
	18	74	114.0
	18	75	153.0
	18	76	201.0
	18	77	111.0
	18	78	103.0
	18	79	62.0
	18	80	78.0
	18	81	136.0
	18	82	137.0
	18	83	187.0
	18	84	128.0
	18	85	141.0
	18	86	122.0
	18	87	98.0
	18	88	161.0
	18	89	136.0
	18	90	122.0
	18	91	70.0
	18	92	65.0
	18	93	140.0
	18	94	132.0
	18	95	104.0
	18	96	178.0
	18	97	121.0
	18	98	90.0
	18	99	139.0
	19	0	133.0
	19	1	122.0
	19	2	76.0
	19	3	75.0
	19	4	47.0
	19	5	78.0
	19	6	39.0
	19	7	78.0
	19	8	92.0
	19	9	125.0
	19	10	66.0
	19	11	76.0
	19	12	104.0
	19	13	96.0
	19	14	105.0
	19	15	153.0
	19	16	159.0
	19	17	110.0
	19	18	30.0
	19	19	0.0
	19	20	14.0
	19	21	96.0
	19	22	178.0
	19	23	124.0
	19	24	126.0
	19	25	158.0
	19	26	102.0
	19	27	168.0
	19	28	139.0
	19	29	147.0
	19	30	204.0
	19	31	155.0
	19	32	120.0
	19	33	134.0
	19	34	46.0
	19	35	122.0
	19	36	62.0
	19	37	83.0
	19	38	73.0
	19	39	120.0
	19	40	152.0
	19	41	107.0
	19	42	153.0
	19	43	132.0
	19	44	94.0
	19	45	154.0
	19	46	167.0
	19	47	184.0
	19	48	140.0
	19	49	118.0
	19	50	101.0
	19	51	85.0
	19	52	144.0
	19	53	136.0
	19	54	149.0
	19	55	138.0
	19	56	112.0
	19	57	99.0
	19	58	61.0
	19	59	51.0
	19	60	83.0
	19	61	94.0
	19	62	160.0
	19	63	175.0
	19	64	156.0
	19	65	195.0
	19	66	189.0
	19	67	103.0
	19	68	151.0
	19	69	191.0
	19	70	126.0
	19	71	124.0
	19	72	116.0
	19	73	187.0
	19	74	144.0
	19	75	162.0
	19	76	223.0
	19	77	141.0
	19	78	133.0
	19	79	92.0
	19	80	48.0
	19	81	106.0
	19	82	119.0
	19	83	185.0
	19	84	126.0
	19	85	154.0
	19	86	152.0
	19	87	128.0
	19	88	191.0
	19	89	165.0
	19	90	151.0
	19	91	99.0
	19	92	35.0
	19	93	110.0
	19	94	102.0
	19	95	134.0
	19	96	208.0
	19	97	151.0
	19	98	120.0
	19	99	169.0
	20	0	119.0
	20	1	136.0
	20	2	90.0
	20	3	89.0
	20	4	61.0
	20	5	92.0
	20	6	53.0
	20	7	92.0
	20	8	106.0
	20	9	111.0
	20	10	52.0
	20	11	62.0
	20	12	90.0
	20	13	82.0
	20	14	91.0
	20	15	139.0
	20	16	166.0
	20	17	96.0
	20	18	44.0
	20	19	14.0
	20	20	0.0
	20	21	87.0
	20	22	169.0
	20	23	138.0
	20	24	140.0
	20	25	145.0
	20	26	116.0
	20	27	154.0
	20	28	125.0
	20	29	133.0
	20	30	190.0
	20	31	169.0
	20	32	134.0
	20	33	148.0
	20	34	60.0
	20	35	108.0
	20	36	48.0
	20	37	69.0
	20	38	59.0
	20	39	106.0
	20	40	138.0
	20	41	93.0
	20	42	139.0
	20	43	118.0
	20	44	108.0
	20	45	168.0
	20	46	181.0
	20	47	198.0
	20	48	144.0
	20	49	122.0
	20	50	114.0
	20	51	98.0
	20	52	158.0
	20	53	150.0
	20	54	135.0
	20	55	124.0
	20	56	98.0
	20	57	113.0
	20	58	75.0
	20	59	65.0
	20	60	97.0
	20	61	108.0
	20	62	174.0
	20	63	189.0
	20	64	170.0
	20	65	209.0
	20	66	203.0
	20	67	117.0
	20	68	137.0
	20	69	205.0
	20	70	140.0
	20	71	138.0
	20	72	130.0
	20	73	178.0
	20	74	135.0
	20	75	148.0
	20	76	209.0
	20	77	155.0
	20	78	147.0
	20	79	106.0
	20	80	34.0
	20	81	92.0
	20	82	105.0
	20	83	171.0
	20	84	112.0
	20	85	140.0
	20	86	166.0
	20	87	142.0
	20	88	205.0
	20	89	179.0
	20	90	165.0
	20	91	113.0
	20	92	49.0
	20	93	124.0
	20	94	88.0
	20	95	139.0
	20	96	214.0
	20	97	165.0
	20	98	134.0
	20	99	183.0
	21	0	138.0
	21	1	140.0
	21	2	94.0
	21	3	93.0
	21	4	65.0
	21	5	96.0
	21	6	57.0
	21	7	42.0
	21	8	56.0
	21	9	140.0
	21	10	139.0
	21	11	147.0
	21	12	119.0
	21	13	151.0
	21	14	142.0
	21	15	217.0
	21	16	153.0
	21	17	148.0
	21	18	66.0
	21	19	96.0
	21	20	87.0
	21	21	0.0
	21	22	82.0
	21	23	105.0
	21	24	103.0
	21	25	135.0
	21	26	120.0
	21	27	173.0
	21	28	144.0
	21	29	159.0
	21	30	208.0
	21	31	119.0
	21	32	130.0
	21	33	138.0
	21	34	50.0
	21	35	144.0
	21	36	135.0
	21	37	156.0
	21	38	146.0
	21	39	182.0
	21	40	129.0
	21	41	122.0
	21	42	168.0
	21	43	165.0
	21	44	88.0
	21	45	148.0
	21	46	161.0
	21	47	148.0
	21	48	133.0
	21	49	111.0
	21	50	27.0
	21	51	11.0
	21	52	96.0
	21	53	130.0
	21	54	154.0
	21	55	148.0
	21	56	122.0
	21	57	93.0
	21	58	55.0
	21	59	45.0
	21	60	77.0
	21	61	112.0
	21	62	168.0
	21	63	116.0
	21	64	135.0
	21	65	174.0
	21	66	186.0
	21	67	107.0
	21	68	179.0
	21	69	205.0
	21	70	140.0
	21	71	138.0
	21	72	130.0
	21	73	91.0
	21	74	48.0
	21	75	87.0
	21	76	148.0
	21	77	113.0
	21	78	121.0
	21	79	96.0
	21	80	121.0
	21	81	144.0
	21	82	131.0
	21	83	200.0
	21	84	141.0
	21	85	144.0
	21	86	98.0
	21	87	122.0
	21	88	176.0
	21	89	95.0
	21	90	81.0
	21	91	133.0
	21	92	131.0
	21	93	158.0
	21	94	107.0
	21	95	152.0
	21	96	172.0
	21	97	115.0
	21	98	84.0
	21	99	133.0
	22	0	115.0
	22	1	145.0
	22	2	125.0
	22	3	126.0
	22	4	147.0
	22	5	178.0
	22	6	139.0
	22	7	118.0
	22	8	104.0
	22	9	188.0
	22	10	218.0
	22	11	221.0
	22	12	193.0
	22	13	201.0
	22	14	200.0
	22	15	278.0
	22	16	216.0
	22	17	230.0
	22	18	148.0
	22	19	178.0
	22	20	169.0
	22	21	82.0
	22	22	0.0
	22	23	55.0
	22	24	57.0
	22	25	89.0
	22	26	153.0
	22	27	138.0
	22	28	109.0
	22	29	168.0
	22	30	200.0
	22	31	111.0
	22	32	161.0
	22	33	201.0
	22	34	132.0
	22	35	226.0
	22	36	214.0
	22	37	235.0
	22	38	228.0
	22	39	245.0
	22	40	211.0
	22	41	190.0
	22	42	236.0
	22	43	228.0
	22	44	151.0
	22	45	211.0
	22	46	210.0
	22	47	160.0
	22	48	191.0
	22	49	169.0
	22	50	109.0
	22	51	93.0
	22	52	178.0
	22	53	193.0
	22	54	193.0
	22	55	211.0
	22	56	185.0
	22	57	156.0
	22	58	118.0
	22	59	127.0
	22	60	159.0
	22	61	194.0
	22	62	250.0
	22	63	198.0
	22	64	217.0
	22	65	245.0
	22	66	240.0
	22	67	154.0
	22	68	226.0
	22	69	242.0
	22	70	177.0
	22	71	175.0
	22	72	167.0
	22	73	173.0
	22	74	130.0
	22	75	169.0
	22	76	230.0
	22	77	190.0
	22	78	182.0
	22	79	178.0
	22	80	200.0
	22	81	192.0
	22	82	179.0
	22	83	258.0
	22	84	215.0
	22	85	226.0
	22	86	180.0
	22	87	169.0
	22	88	232.0
	22	89	177.0
	22	90	163.0
	22	91	215.0
	22	92	213.0
	22	93	217.0
	22	94	146.0
	22	95	197.0
	22	96	164.0
	22	97	107.0
	22	98	76.0
	22	99	125.0
	23	0	60.0
	23	1	90.0
	23	2	70.0
	23	3	71.0
	23	4	93.0
	23	5	124.0
	23	6	85.0
	23	7	63.0
	23	8	49.0
	23	9	133.0
	23	10	163.0
	23	11	166.0
	23	12	138.0
	23	13	146.0
	23	14	145.0
	23	15	223.0
	23	16	161.0
	23	17	188.0
	23	18	94.0
	23	19	124.0
	23	20	138.0
	23	21	105.0
	23	22	55.0
	23	23	0.0
	23	24	2.0
	23	25	34.0
	23	26	98.0
	23	27	83.0
	23	28	54.0
	23	29	113.0
	23	30	145.0
	23	31	56.0
	23	32	106.0
	23	33	146.0
	23	34	78.0
	23	35	172.0
	23	36	159.0
	23	37	180.0
	23	38	197.0
	23	39	190.0
	23	40	180.0
	23	41	135.0
	23	42	181.0
	23	43	173.0
	23	44	96.0
	23	45	156.0
	23	46	155.0
	23	47	105.0
	23	48	136.0
	23	49	114.0
	23	50	110.0
	23	51	94.0
	23	52	129.0
	23	53	138.0
	23	54	138.0
	23	55	156.0
	23	56	130.0
	23	57	101.0
	23	58	63.0
	23	59	73.0
	23	60	105.0
	23	61	140.0
	23	62	206.0
	23	63	197.0
	23	64	178.0
	23	65	190.0
	23	66	185.0
	23	67	99.0
	23	68	171.0
	23	69	187.0
	23	70	122.0
	23	71	120.0
	23	72	112.0
	23	73	179.0
	23	74	153.0
	23	75	192.0
	23	76	225.0
	23	77	135.0
	23	78	127.0
	23	79	124.0
	23	80	145.0
	23	81	137.0
	23	82	124.0
	23	83	203.0
	23	84	160.0
	23	85	173.0
	23	86	138.0
	23	87	114.0
	23	88	177.0
	23	89	169.0
	23	90	155.0
	23	91	164.0
	23	92	159.0
	23	93	162.0
	23	94	91.0
	23	95	142.0
	23	96	109.0
	23	97	52.0
	23	98	21.0
	23	99	70.0
	24	0	58.0
	24	1	88.0
	24	2	68.0
	24	3	69.0
	24	4	95.0
	24	5	126.0
	24	6	87.0
	24	7	61.0
	24	8	47.0
	24	9	131.0
	24	10	161.0
	24	11	166.0
	24	12	138.0
	24	13	144.0
	24	14	143.0
	24	15	221.0
	24	16	163.0
	24	17	190.0
	24	18	96.0
	24	19	126.0
	24	20	140.0
	24	21	103.0
	24	22	57.0
	24	23	2.0
	24	24	0.0
	24	25	32.0
	24	26	96.0
	24	27	81.0
	24	28	52.0
	24	29	111.0
	24	30	143.0
	24	31	54.0
	24	32	104.0
	24	33	144.0
	24	34	80.0
	24	35	174.0
	24	36	157.0
	24	37	178.0
	24	38	199.0
	24	39	192.0
	24	40	182.0
	24	41	137.0
	24	42	183.0
	24	43	175.0
	24	44	98.0
	24	45	158.0
	24	46	153.0
	24	47	103.0
	24	48	134.0
	24	49	112.0
	24	50	108.0
	24	51	92.0
	24	52	127.0
	24	53	140.0
	24	54	136.0
	24	55	158.0
	24	56	132.0
	24	57	103.0
	24	58	65.0
	24	59	75.0
	24	60	107.0
	24	61	142.0
	24	62	208.0
	24	63	197.0
	24	64	180.0
	24	65	188.0
	24	66	183.0
	24	67	97.0
	24	68	169.0
	24	69	185.0
	24	70	120.0
	24	71	118.0
	24	72	110.0
	24	73	177.0
	24	74	151.0
	24	75	190.0
	24	76	223.0
	24	77	133.0
	24	78	125.0
	24	79	126.0
	24	80	143.0
	24	81	135.0
	24	82	122.0
	24	83	201.0
	24	84	160.0
	24	85	175.0
	24	86	136.0
	24	87	112.0
	24	88	175.0
	24	89	167.0
	24	90	153.0
	24	91	166.0
	24	92	161.0
	24	93	160.0
	24	94	89.0
	24	95	140.0
	24	96	107.0
	24	97	50.0
	24	98	19.0
	24	99	68.0
	25	0	26.0
	25	1	56.0
	25	2	100.0
	25	3	101.0
	25	4	127.0
	25	5	158.0
	25	6	119.0
	25	7	93.0
	25	8	79.0
	25	9	163.0
	25	10	129.0
	25	11	139.0
	25	12	124.0
	25	13	125.0
	25	14	124.0
	25	15	216.0
	25	16	195.0
	25	17	173.0
	25	18	128.0
	25	19	158.0
	25	20	145.0
	25	21	135.0
	25	22	89.0
	25	23	34.0
	25	24	32.0
	25	25	0.0
	25	26	77.0
	25	27	49.0
	25	28	20.0
	25	29	79.0
	25	30	115.0
	25	31	26.0
	25	32	76.0
	25	33	116.0
	25	34	112.0
	25	35	185.0
	25	36	125.0
	25	37	146.0
	25	38	204.0
	25	39	224.0
	25	40	166.0
	25	41	121.0
	25	42	167.0
	25	43	191.0
	25	44	130.0
	25	45	190.0
	25	46	185.0
	25	47	135.0
	25	48	115.0
	25	49	93.0
	25	50	140.0
	25	51	124.0
	25	52	159.0
	25	53	172.0
	25	54	104.0
	25	55	141.0
	25	56	116.0
	25	57	135.0
	25	58	97.0
	25	59	107.0
	25	60	139.0
	25	61	174.0
	25	62	197.0
	25	63	208.0
	25	64	189.0
	25	65	220.0
	25	66	215.0
	25	67	129.0
	25	68	168.0
	25	69	153.0
	25	70	152.0
	25	71	150.0
	25	72	142.0
	25	73	201.0
	25	74	158.0
	25	75	176.0
	25	76	237.0
	25	77	157.0
	25	78	157.0
	25	79	158.0
	25	80	111.0
	25	81	167.0
	25	82	154.0
	25	83	205.0
	25	84	146.0
	25	85	154.0
	25	86	108.0
	25	87	84.0
	25	88	147.0
	25	89	139.0
	25	90	125.0
	25	91	177.0
	25	92	193.0
	25	93	128.0
	25	94	57.0
	25	95	108.0
	25	96	139.0
	25	97	82.0
	25	98	51.0
	25	99	100.0
	26	0	103.0
	26	1	74.0
	26	2	28.0
	26	3	27.0
	26	4	55.0
	26	5	86.0
	26	6	63.0
	26	7	102.0
	26	8	105.0
	26	9	189.0
	26	10	149.0
	26	11	139.0
	26	12	111.0
	26	13	48.0
	26	14	47.0
	26	15	147.0
	26	16	165.0
	26	17	166.0
	26	18	72.0
	26	19	102.0
	26	20	116.0
	26	21	120.0
	26	22	153.0
	26	23	98.0
	26	24	96.0
	26	25	77.0
	26	26	0.0
	26	27	95.0
	26	28	97.0
	26	29	156.0
	26	30	146.0
	26	31	103.0
	26	32	72.0
	26	33	112.0
	26	34	70.0
	26	35	164.0
	26	36	153.0
	26	37	174.0
	26	38	175.0
	26	39	212.0
	26	40	159.0
	26	41	114.0
	26	42	160.0
	26	43	151.0
	26	44	74.0
	26	45	134.0
	26	46	173.0
	26	47	131.0
	26	48	38.0
	26	49	16.0
	26	50	100.0
	26	51	109.0
	26	52	168.0
	26	53	160.0
	26	54	181.0
	26	55	145.0
	26	56	119.0
	26	57	105.0
	26	58	85.0
	26	59	75.0
	26	60	107.0
	26	61	118.0
	26	62	169.0
	26	63	189.0
	26	64	180.0
	26	65	153.0
	26	66	141.0
	26	67	55.0
	26	68	93.0
	26	69	143.0
	26	70	78.0
	26	71	76.0
	26	72	68.0
	26	73	164.0
	26	74	154.0
	26	75	172.0
	26	76	183.0
	26	77	93.0
	26	78	85.0
	26	79	116.0
	26	80	150.0
	26	81	193.0
	26	82	180.0
	26	83	192.0
	26	84	133.0
	26	85	150.0
	26	86	104.0
	26	87	80.0
	26	88	143.0
	26	89	135.0
	26	90	121.0
	26	91	142.0
	26	92	137.0
	26	93	164.0
	26	94	134.0
	26	95	142.0
	26	96	165.0
	26	97	108.0
	26	98	77.0
	26	99	126.0
	27	0	35.0
	27	1	65.0
	27	2	111.0
	27	3	112.0
	27	4	140.0
	27	5	171.0
	27	6	148.0
	27	7	142.0
	27	8	128.0
	27	9	197.0
	27	10	138.0
	27	11	148.0
	27	12	133.0
	27	13	143.0
	27	14	142.0
	27	15	225.0
	27	16	214.0
	27	17	182.0
	27	18	157.0
	27	19	168.0
	27	20	154.0
	27	21	173.0
	27	22	138.0
	27	23	83.0
	27	24	81.0
	27	25	49.0
	27	26	95.0
	27	27	0.0
	27	28	29.0
	27	29	88.0
	27	30	164.0
	27	31	75.0
	27	32	125.0
	27	33	165.0
	27	34	155.0
	27	35	194.0
	27	36	134.0
	27	37	155.0
	27	38	213.0
	27	39	238.0
	27	40	175.0
	27	41	130.0
	27	42	176.0
	27	43	200.0
	27	44	159.0
	27	45	219.0
	27	46	222.0
	27	47	184.0
	27	48	133.0
	27	49	111.0
	27	50	178.0
	27	51	162.0
	27	52	208.0
	27	53	206.0
	27	54	113.0
	27	55	150.0
	27	56	125.0
	27	57	154.0
	27	58	146.0
	27	59	156.0
	27	60	188.0
	27	61	203.0
	27	62	246.0
	27	63	217.0
	27	64	198.0
	27	65	237.0
	27	66	226.0
	27	67	140.0
	27	68	188.0
	27	69	162.0
	27	70	163.0
	27	71	161.0
	27	72	153.0
	27	73	249.0
	27	74	207.0
	27	75	217.0
	27	76	266.0
	27	77	176.0
	27	78	168.0
	27	79	201.0
	27	80	120.0
	27	81	178.0
	27	82	191.0
	27	83	214.0
	27	84	155.0
	27	85	183.0
	27	86	157.0
	27	87	133.0
	27	88	196.0
	27	89	162.0
	27	90	174.0
	27	91	226.0
	27	92	203.0
	27	93	137.0
	27	94	66.0
	27	95	117.0
	27	96	188.0
	27	97	131.0
	27	98	100.0
	27	99	123.0
	28	0	6.0
	28	1	36.0
	28	2	82.0
	28	3	83.0
	28	4	111.0
	28	5	142.0
	28	6	119.0
	28	7	113.0
	28	8	99.0
	28	9	168.0
	28	10	109.0
	28	11	119.0
	28	12	104.0
	28	13	145.0
	28	14	144.0
	28	15	196.0
	28	16	185.0
	28	17	153.0
	28	18	128.0
	28	19	139.0
	28	20	125.0
	28	21	144.0
	28	22	109.0
	28	23	54.0
	28	24	52.0
	28	25	20.0
	28	26	97.0
	28	27	29.0
	28	28	0.0
	28	29	59.0
	28	30	135.0
	28	31	46.0
	28	32	96.0
	28	33	136.0
	28	34	126.0
	28	35	165.0
	28	36	105.0
	28	37	126.0
	28	38	184.0
	28	39	209.0
	28	40	146.0
	28	41	101.0
	28	42	147.0
	28	43	171.0
	28	44	130.0
	28	45	190.0
	28	46	193.0
	28	47	155.0
	28	48	135.0
	28	49	113.0
	28	50	149.0
	28	51	133.0
	28	52	179.0
	28	53	177.0
	28	54	84.0
	28	55	121.0
	28	56	96.0
	28	57	125.0
	28	58	117.0
	28	59	127.0
	28	60	159.0
	28	61	174.0
	28	62	217.0
	28	63	188.0
	28	64	169.0
	28	65	208.0
	28	66	197.0
	28	67	111.0
	28	68	177.0
	28	69	133.0
	28	70	134.0
	28	71	132.0
	28	72	124.0
	28	73	220.0
	28	74	178.0
	28	75	188.0
	28	76	237.0
	28	77	147.0
	28	78	139.0
	28	79	172.0
	28	80	91.0
	28	81	149.0
	28	82	162.0
	28	83	185.0
	28	84	126.0
	28	85	154.0
	28	86	128.0
	28	87	104.0
	28	88	167.0
	28	89	133.0
	28	90	145.0
	28	91	197.0
	28	92	174.0
	28	93	108.0
	28	94	37.0
	28	95	88.0
	28	96	159.0
	28	97	102.0
	28	98	71.0
	28	99	94.0
	29	0	65.0
	29	1	95.0
	29	2	141.0
	29	3	142.0
	29	4	134.0
	29	5	165.0
	29	6	126.0
	29	7	122.0
	29	8	136.0
	29	9	142.0
	29	10	83.0
	29	11	73.0
	29	12	45.0
	29	13	108.0
	29	14	117.0
	29	15	178.0
	29	16	126.0
	29	17	135.0
	29	18	135.0
	29	19	147.0
	29	20	133.0
	29	21	159.0
	29	22	168.0
	29	23	113.0
	29	24	111.0
	29	25	79.0
	29	26	156.0
	29	27	88.0
	29	28	59.0
	29	29	0.0
	29	30	91.0
	29	31	105.0
	29	32	155.0
	29	33	195.0
	29	34	119.0
	29	35	147.0
	29	36	87.0
	29	37	108.0
	29	38	192.0
	29	39	150.0
	29	40	87.0
	29	41	42.0
	29	42	88.0
	29	43	112.0
	29	44	110.0
	29	45	170.0
	29	46	134.0
	29	47	184.0
	29	48	170.0
	29	49	148.0
	29	50	164.0
	29	51	148.0
	29	52	188.0
	29	53	130.0
	29	54	100.0
	29	55	63.0
	29	56	37.0
	29	57	66.0
	29	58	104.0
	29	59	114.0
	29	60	146.0
	29	61	164.0
	29	62	173.0
	29	63	225.0
	29	64	219.0
	29	65	227.0
	29	66	215.0
	29	67	129.0
	29	68	118.0
	29	69	74.0
	29	70	113.0
	29	71	111.0
	29	72	103.0
	29	73	199.0
	29	74	168.0
	29	75	129.0
	29	76	190.0
	29	77	190.0
	29	78	198.0
	29	79	165.0
	29	80	99.0
	29	81	157.0
	29	82	170.0
	29	83	126.0
	29	84	67.0
	29	85	95.0
	29	86	141.0
	29	87	163.0
	29	88	226.0
	29	89	172.0
	29	90	158.0
	29	91	205.0
	29	92	182.0
	29	93	167.0
	29	94	96.0
	29	95	147.0
	29	96	218.0
	29	97	161.0
	29	98	130.0
	29	99	153.0
	30	0	141.0
	30	1	171.0
	30	2	154.0
	30	3	153.0
	30	4	181.0
	30	5	165.0
	30	6	189.0
	30	7	166.0
	30	8	152.0
	30	9	223.0
	30	10	164.0
	30	11	154.0
	30	12	126.0
	30	13	108.0
	30	14	99.0
	30	15	199.0
	30	16	212.0
	30	17	216.0
	30	18	198.0
	30	19	204.0
	30	20	190.0
	30	21	208.0
	30	22	200.0
	30	23	145.0
	30	24	143.0
	30	25	115.0
	30	26	146.0
	30	27	164.0
	30	28	135.0
	30	29	91.0
	30	30	0.0
	30	31	89.0
	30	32	139.0
	30	33	179.0
	30	34	192.0
	30	35	228.0
	30	36	168.0
	30	37	189.0
	30	38	249.0
	30	39	219.0
	30	40	174.0
	30	41	129.0
	30	42	175.0
	30	43	199.0
	30	44	144.0
	30	45	204.0
	30	46	225.0
	30	47	208.0
	30	48	152.0
	30	49	130.0
	30	50	213.0
	30	51	197.0
	30	52	232.0
	30	53	167.0
	30	54	191.0
	30	55	154.0
	30	56	128.0
	30	57	157.0
	30	58	177.0
	30	59	187.0
	30	60	215.0
	30	61	148.0
	30	62	82.0
	30	63	134.0
	30	64	153.0
	30	65	192.0
	30	66	204.0
	30	67	125.0
	30	68	53.0
	30	69	126.0
	30	70	191.0
	30	71	193.0
	30	72	194.0
	30	73	264.0
	30	74	221.0
	30	75	216.0
	30	76	277.0
	30	77	219.0
	30	78	211.0
	30	79	238.0
	30	80	182.0
	30	81	240.0
	30	82	227.0
	30	83	163.0
	30	84	104.0
	30	85	132.0
	30	86	171.0
	30	87	147.0
	30	88	210.0
	30	89	202.0
	30	90	188.0
	30	91	240.0
	30	92	239.0
	30	93	214.0
	30	94	172.0
	30	95	223.0
	30	96	212.0
	30	97	155.0
	30	98	124.0
	30	99	173.0
	31	0	52.0
	31	1	82.0
	31	2	84.0
	31	3	85.0
	31	4	113.0
	31	5	144.0
	31	6	116.0
	31	7	77.0
	31	8	63.0
	31	9	147.0
	31	10	155.0
	31	11	165.0
	31	12	150.0
	31	13	151.0
	31	14	150.0
	31	15	235.0
	31	16	208.0
	31	17	199.0
	31	18	125.0
	31	19	155.0
	31	20	169.0
	31	21	119.0
	31	22	111.0
	31	23	56.0
	31	24	54.0
	31	25	26.0
	31	26	103.0
	31	27	75.0
	31	28	46.0
	31	29	105.0
	31	30	89.0
	31	31	0.0
	31	32	50.0
	31	33	90.0
	31	34	123.0
	31	35	211.0
	31	36	151.0
	31	37	172.0
	31	38	228.0
	31	39	215.0
	31	40	192.0
	31	41	147.0
	31	42	193.0
	31	43	209.0
	31	44	132.0
	31	45	192.0
	31	46	169.0
	31	47	119.0
	31	48	127.0
	31	49	119.0
	31	50	124.0
	31	51	108.0
	31	52	143.0
	31	53	163.0
	31	54	130.0
	31	55	167.0
	31	56	142.0
	31	57	157.0
	31	58	119.0
	31	59	128.0
	31	60	160.0
	31	61	171.0
	31	62	171.0
	31	63	213.0
	31	64	203.0
	31	65	204.0
	31	66	199.0
	31	67	113.0
	31	68	142.0
	31	69	179.0
	31	70	136.0
	31	71	134.0
	31	72	126.0
	31	73	175.0
	31	74	132.0
	31	75	150.0
	31	76	211.0
	31	77	131.0
	31	78	139.0
	31	79	169.0
	31	80	137.0
	31	81	151.0
	31	82	138.0
	31	83	215.0
	31	84	156.0
	31	85	128.0
	31	86	82.0
	31	87	58.0
	31	88	121.0
	31	89	113.0
	31	90	99.0
	31	91	151.0
	31	92	190.0
	31	93	142.0
	31	94	83.0
	31	95	134.0
	31	96	123.0
	31	97	66.0
	31	98	35.0
	31	99	84.0
	32	0	102.0
	32	1	92.0
	32	2	46.0
	32	3	45.0
	32	4	73.0
	32	5	104.0
	32	6	81.0
	32	7	120.0
	32	8	113.0
	32	9	197.0
	32	10	166.0
	32	11	156.0
	32	12	128.0
	32	13	120.0
	32	14	119.0
	32	15	185.0
	32	16	158.0
	32	17	182.0
	32	18	90.0
	32	19	120.0
	32	20	134.0
	32	21	130.0
	32	22	161.0
	32	23	106.0
	32	24	104.0
	32	25	76.0
	32	26	72.0
	32	27	125.0
	32	28	96.0
	32	29	155.0
	32	30	139.0
	32	31	50.0
	32	32	0.0
	32	33	40.0
	32	34	88.0
	32	35	182.0
	32	36	170.0
	32	37	191.0
