data;

param n := 100;

param p := 5;

param m := 5;

param alpha := 10.644525527954102;

param r := 
	0	4
	1	4
	2	2
	3	1
	4	0
	5	4
	6	3
	7	3
	8	2
	9	4
	10	4
	11	1
	12	2
	13	1
	14	2
	15	0
	16	4
	17	0
	18	3
	19	1
	20	2
	21	3
	22	3
	23	1
	24	2
	25	4
	26	1
	27	4
	28	1
	29	0
	30	0
	31	0
	32	2
	33	1
	34	2
	35	4
	36	2
	37	0
	38	4
	39	3
	40	4
	41	2
	42	1
	43	4
	44	3
	45	1
	46	2
	47	4
	48	2
	49	0
	50	3
	51	2
	52	0
	53	0
	54	1
	55	3
	56	2
	57	0
	58	3
	59	4
	60	1
	61	2
	62	0
	63	2
	64	1
	65	4
	66	2
	67	0
	68	4
	69	2
	70	1
	71	1
	72	0
	73	2
	74	3
	75	1
	76	3
	77	2
	78	0
	79	1
	80	1
	81	2
	82	0
	83	4
	84	2
	85	4
	86	2
	87	3
	88	2
	89	4
	90	2
	91	1
	92	2
	93	1
	94	0
	95	3
	96	1
	97	0
	98	4
	99	1
;

param d := 
	0	4
	1	4
	2	3
	3	3
	4	1
	5	4
	6	3
	7	4
	8	4
	9	4
	10	4
	11	2
	12	4
	13	3
	14	4
	15	2
	16	4
	17	3
	18	3
	19	1
	20	3
	21	4
	22	4
	23	3
	24	4
	25	4
	26	1
	27	4
	28	3
	29	0
	30	2
	31	4
	32	3
	33	3
	34	4
	35	4
	36	4
	37	1
	38	4
	39	3
	40	4
	41	4
	42	4
	43	4
	44	3
	45	2
	46	3
	47	4
	48	3
	49	0
	50	4
	51	2
	52	2
	53	0
	54	4
	55	3
	56	2
	57	2
	58	4
	59	4
	60	4
	61	3
	62	0
	63	2
	64	3
	65	4
	66	4
	67	1
	68	4
	69	2
	70	3
	71	4
	72	0
	73	3
	74	4
	75	1
	76	3
	77	2
	78	3
	79	3
	80	4
	81	4
	82	2
	83	4
	84	3
	85	4
	86	2
	87	4
	88	4
	89	4
	90	2
	91	2
	92	3
	93	2
	94	0
	95	4
	96	3
	97	2
	98	4
	99	2
;

param c := 
	0	0	0.0
	0	1	44.38468
	0	2	98.35141
	0	3	79.429214
	0	4	79.40403
	0	5	51.884487
	0	6	72.47068
	0	7	27.45906
	0	8	85.146935
	0	9	35.846897
	0	10	27.0
	0	11	70.88018
	0	12	24.083189
	0	13	43.046486
	0	14	57.706154
	0	15	76.6942
	0	16	63.600315
	0	17	89.64374
	0	18	8.062258
	0	19	40.261642
	0	20	49.648766
	0	21	62.625874
	0	22	100.76706
	0	23	26.683329
	0	24	80.00625
	0	25	72.09022
	0	26	81.49233
	0	27	12.0415945
	0	28	46.389652
	0	29	72.56721
	0	30	75.059975
	0	31	101.53325
	0	32	41.231056
	0	33	4.472136
	0	34	10.440307
	0	35	12.649111
	0	36	84.38009
	0	37	51.224995
	0	38	82.46211
	0	39	46.06517
	0	40	84.85281
	0	41	11.18034
	0	42	26.870058
	0	43	83.0542
	0	44	43.0
	0	45	27.073973
	0	46	81.68843
	0	47	46.572525
	0	48	91.836815
	0	49	7.81025
	0	50	47.801674
	0	51	29.410883
	0	52	80.622574
	0	53	74.24284
	0	54	79.81228
	0	55	25.23886
	0	56	61.66036
	0	57	38.209946
	0	58	28.79236
	0	59	97.349884
	0	60	59.03389
	0	61	64.513565
	0	62	88.391174
	0	63	70.0928
	0	64	92.09777
	0	65	67.6757
	0	66	26.476404
	0	67	72.498276
	0	68	100.80179
	0	69	70.23532
	0	70	38.470768
	0	71	14.422205
	0	72	64.84597
	0	73	34.0
	0	74	49.497475
	0	75	54.08327
	0	76	43.965897
	0	77	22.847319
	0	78	36.069378
	0	79	48.02083
	0	80	69.81404
	0	81	33.37664
	0	82	73.171036
	0	83	84.71718
	0	84	24.04163
	0	85	83.81527
	0	86	74.24284
	0	87	40.16217
	0	88	37.107952
	0	89	108.706024
	0	90	48.373547
	0	91	58.24088
	0	92	88.95505
	0	93	108.93117
	0	94	99.00505
	0	95	18.027756
	0	96	33.01515
	0	97	36.891735
	0	98	56.938564
	0	99	94.92102
	1	0	44.38468
	1	1	0.0
	1	2	86.40023
	1	3	35.22783
	1	4	61.68468
	1	5	60.083275
	1	6	49.658836
	1	7	44.04543
	1	8	76.941536
	1	9	48.8774
	1	10	19.416489
	1	11	39.824615
	1	12	43.011627
	1	13	13.0
	1	14	76.02631
	1	15	48.82622
	1	16	19.313208
	1	17	72.235725
	1	18	36.67424
	1	19	72.862885
	1	20	63.97656
	1	21	18.867962
	1	22	83.25864
	1	23	24.04163
	1	24	38.327538
	1	25	78.26238
	1	26	47.507893
	1	27	56.293873
	1	28	75.16648
	1	29	38.209946
	1	30	32.984844
	1	31	83.67198
	1	32	38.600517
	1	33	40.024994
	1	34	54.81788
	1	35	34.43835
	1	36	83.00603
	1	37	52.17279
	1	38	38.078865
	1	39	56.462376
	1	40	73.00685
	1	41	46.52956
	1	42	38.418747
	1	43	40.792156
	1	44	69.02898
	1	45	55.9017
	1	46	66.09841
	1	47	78.492035
	1	48	71.55418
	1	49	50.92151
	1	50	40.311287
	1	51	65.0
	1	52	37.01351
	1	53	77.52419
	1	54	35.44009
	1	55	57.870544
	1	56	88.814415
	1	57	39.92493
	1	58	50.32892
	1	59	75.29276
	1	60	20.615528
	1	61	75.28612
	1	62	58.796257
	1	63	37.536648
	1	64	82.0
	1	65	23.70654
	1	66	53.037724
	1	67	78.08969
	1	68	80.529495
	1	69	73.68175
	1	70	69.29646
	1	71	41.880783
	1	72	76.843994
	1	73	29.966648
	1	74	7.2111025
	1	75	17.804493
	1	76	60.90156
	1	77	61.05735
	1	78	39.812057
	1	79	36.05551
	1	80	55.31727
	1	81	18.867962
	1	82	34.0
	1	83	41.0
	1	84	26.683329
	1	85	79.22752
	1	86	35.35534
	1	87	24.5153
	1	88	21.189621
	1	89	89.89438
	1	90	35.014282
	1	91	72.235725
	1	92	58.728188
	1	93	93.230896
	1	94	84.758484
	1	95	28.01785
	1	96	60.827625
	1	97	33.24154
	1	98	40.4475
	1	99	79.12016
	2	0	98.35141
	2	1	86.40023
	2	2	0.0
	2	3	87.69264
	2	4	25.179358
	2	5	50.24938
	2	6	38.118237
	2	7	71.44928
	2	8	13.892444
	2	9	63.89053
	2	10	82.36504
	2	11	52.009613
	2	12	115.935326
	2	13	74.0
	2	14	59.908264
	2	15	43.185646
	2	16	90.199776
	2	17	16.27882
	2	18	96.82975
	2	19	83.773506
	2	20	56.797886
	2	21	93.34345
	2	22	12.206555
	2	23	77.698135
	2	24	74.1485
	2	25	38.470768
	2	26	53.366657
	2	27	106.21676
	2	28	77.491936
	2	29	57.14018
	2	30	75.42546
	2	31	13.038404
	2	32	57.801384
	2	33	97.18539
	2	34	103.392456
	2	35	87.458565
	2	36	23.0
	2	37	47.423622
	2	38	92.91394
	2	39	55.470715
	2	40	13.892444
	2	41	89.140335
	2	42	71.50524
	2	43	76.687675
	2	44	73.00685
	2	45	79.05694
	2	46	20.396078
	2	47	83.48653
	2	48	20.615528
	2	49	97.67292
	2	50	51.86521
	2	51	87.81799
	2	52	83.02409
	2	53	33.54102
	2	54	93.53609
	2	55	123.32883
	2	56	76.79192
	2	57	60.307545
	2	58	72.62231
	2	59	22.803509
	2	60	70.45566
	2	61	47.296936
	2	62	41.785164
	2	63	55.00909
	2	64	6.708204
	2	65	94.04786
	2	66	77.201035
	2	67	37.48333
	2	68	18.439089
	2	69	35.44009
	2	70	80.529495
	2	71	84.14868
	2	72	49.0306
	2	73	67.11929
	2	74	81.02469
	2	75	70.21396
	2	76	61.77378
	2	77	91.525955
	2	78	62.369865
	2	79	53.712196
	2	80	31.38471
	2	81	75.13322
	2	82	67.26812
	2	83	84.723076
	2	84	102.0833
	2	85	18.439089
	2	86	66.37017
	2	87	65.74192
	2	88	70.21396
	2	89	17.262676
	2	90	54.120235
	2	91	53.450912
	2	92	43.081318
	2	93	12.369317
	2	94	5.0
	2	95	97.097885
	2	96	76.66159
	2	97	63.245552
	2	98	46.615448
	2	99	9.848858
	3	0	79.429214
	3	1	35.22783
	3	2	87.69264
	3	3	0.0
	3	4	63.560993
	3	5	81.46779
	3	6	50.96077
	3	7	73.57309
	3	8	83.240616
	3	9	75.60423
	3	10	53.160137
	3	11	36.40055
	3	12	76.53104
	3	13	38.910152
	3	14	99.724625
	3	15	44.553337
	3	16	17.262676
	3	17	71.44928
	3	18	71.84706
	3	19	103.24728
	3	20	87.681244
	3	21	19.924858
	3	22	80.00625
	3	23	56.0803
	3	24	14.142136
	3	25	94.66784
	3	26	35.014282
	3	27	91.411156
	3	28	103.81233
	3	29	30.805843
	3	30	12.369317
	3	31	80.0
	3	32	61.6198
	3	33	75.13322
	3	34	89.822044
	3	35	68.68042
	3	36	93.40771
	3	37	71.70077
	3	38	5.3851647
	3	39	79.9062
	3	40	77.12976
	3	41	80.32434
	3	42	68.09552
	3	43	13.0
	3	44	97.20082
	3	45	86.833176
	3	46	68.65858
	3	47	108.16654
	3	48	68.06615
	3	49	85.61542
	3	50	59.464275
	3	51	97.04638
	3	52	5.3851647
	3	53	92.17918
	3	54	6.0827627
	3	55	92.19544
	3	56	115.52056
	3	57	64.66065
	3	58	79.924965
	3	59	69.065186
	3	60	25.495098
	3	61	95.0
	3	62	48.166378
	3	63	33.526108
	3	64	85.70297
	3	65	15.652476
	3	66	83.725746
	3	67	94.15413
	3	68	75.059975
	3	69	89.1852
	3	70	99.32271
	3	71	75.026665
	3	72	97.00516
	3	73	57.14018
	3	74	30.083218
	3	75	30.0
	3	76	86.4523
	3	77	94.15413
	3	78	65.60488
	3	79	54.48853
	3	80	62.39391
	3	81	49.24429
	3	82	20.615528
	3	83	7.2111025
	3	84	61.03278
	3	85	87.92042
	3	86	21.377558
	3	87	48.82622
	3	88	48.373547
	3	89	84.21401
	3	90	53.075417
	3	91	94.26028
	3	92	47.26521
	3	93	90.005554
	3	94	84.29116
	3	95	63.1981
	3	96	90.73588
	3	97	58.60034
	3	98	52.69725
	3	99	78.31347
	4	0	79.40403
	4	1	61.68468
	4	2	25.179358
	4	3	63.560993
	4	4	0.0
	4	5	40.012497
	4	6	13.0
	4	7	54.56189
	4	8	20.12461
	4	9	48.703182
	4	10	59.816387
	4	11	27.294687
	4	12	94.26028
	4	13	49.658836
	4	14	55.9017
	4	15	19.313208
	4	16	65.06919
	4	17	10.816654
	4	18	76.48529
	4	19	74.431175
	4	20	48.0
	4	21	68.18358
	4	22	22.203604
	4	23	55.9017
	4	24	50.596443
	4	25	39.824615
	4	26	30.88689
	4	27	88.83693
	4	28	70.00714
	4	29	32.75668
	4	30	51.1957
	4	31	22.803509
	4	32	38.27532
	4	33	77.46612
	4	34	86.09297
	4	35	67.47592
	4	36	32.01562
	4	37	32.75668
	4	38	68.88396
	4	39	43.416588
	4	40	13.601471
	4	41	71.693794
	4	42	53.0
	4	43	53.488316
	4	44	64.12488
	4	45	65.14599
	4	46	5.0990195
	4	47	76.02631
	4	48	12.529964
	4	49	80.26207
	4	50	31.622776
	4	51	75.43209
	4	52	59.20304
	4	53	35.510563
	4	54	69.2315
	4	55	103.47947
	4	56	74.330345
	4	57	41.677334
	4	58	57.58472
	4	59	18.384777
	4	60	45.276924
	4	61	45.221676
	4	62	22.803509
	4	63	30.265491
	4	64	22.203604
	4	65	69.0
	4	66	62.625874
	4	67	38.948685
	4	68	21.400934
	4	69	34.43835
	4	70	70.5762
	4	71	66.037865
	4	72	47.434166
	4	73	46.010868
	4	74	56.044624
	4	75	45.122055
	4	76	51.24451
	4	77	77.491936
	4	78	43.908997
	4	79	31.827662
	4	80	9.848858
	4	81	52.201534
	4	82	42.953465
	4	83	61.351448
	4	84	79.40403
	4	85	25.806976
	4	86	42.201897
	4	87	42.80187
	4	88	47.201694
	4	89	29.732138
	4	90	31.827662
	4	91	48.83646
	4	92	24.207438
	4	93	31.764761
	4	94	23.086792
	4	95	75.16648
	4	96	64.53681
	4	97	42.638012
	4	98	23.43075
	4	99	17.464249
	5	0	51.884487
	5	1	60.083275
	5	2	50.24938
	5	3	81.46779
	5	4	40.012497
	5	5	0.0
	5	6	41.761227
	5	7	24.698177
	5	8	36.359318
	5	9	16.155495
	5	10	46.09772
	5	11	51.10773
	5	12	73.37575
	5	13	47.92703
	5	14	18.601076
	5	15	49.979996
	5	16	73.92564
	5	17	47.07441
	5	18	52.810986
	5	19	34.713108
	5	20	8.062258
	5	21	75.591
	5	22	56.302753
	5	23	40.04997
	5	24	73.109505
	5	25	20.615528
	5	26	60.835846
	5	27	57.628117
	5	28	30.0
	5	29	56.302753
	5	30	70.724815
	5	31	57.245087
	5	32	21.540659
	5	33	52.0
	5	34	54.81788
	5	35	43.68066
	5	36	32.80244
	5	37	10.0
	5	38	86.55634
	5	39	5.8309517
	5	40	38.626415
	5	41	41.340054
	5	42	27.45906
	5	43	76.6942
	5	44	24.186773
	5	45	29.068884
	5	46	39.45884
	5	47	36.013885
	5	48	51.47815
	5	49	49.40648
	5	50	22.022715
	5	51	37.589893
	5	52	79.19596
	5	53	22.36068
	5	54	85.42833
	5	55	77.02597
	5	56	36.249138
	5	57	20.396078
	5	58	23.600847
	5	59	57.558666
	5	60	56.22277
	5	61	15.297058
	5	62	59.439045
	5	63	52.69725
	5	64	43.56604
	5	65	78.892334
	5	66	27.58623
	5	67	20.880613
	5	68	58.694122
	5	69	18.35756
	5	70	31.04835
	5	71	37.576588
	5	72	16.763054
	5	73	30.594116
	5	74	58.60034
	5	75	52.43091
	5	76	11.7046995
	5	77	41.400482
	5	78	21.095022
	5	79	27.018513
	5	80	31.144823
	5	81	41.976185
	5	82	63.89053
	5	83	82.75868
	5	84	63.387695
	5	85	33.30165
	5	86	64.03124
	5	87	35.846897
	5	88	38.8973
	5	89	64.25729
	5	90	28.42534
	5	91	12.806249
	5	92	60.63827
	5	93	62.177166
	5	94	52.3259
	5	95	56.718605
	5	96	26.41969
	5	97	26.925823
	5	98	30.232433
	5	99	49.979996
	6	0	72.47068
	6	1	49.658836
	6	2	38.118237
	6	3	50.96077
	6	4	13.0
	6	5	41.761227
	6	6	0.0
	6	7	50.219517
	6	8	32.280025
	6	9	46.09772
	6	10	50.24938
	6	11	14.56022
	6	12	84.89994
	6	13	38.27532
	6	14	59.615433
	6	15	8.602325
	6	16	52.086468
	6	17	22.803509
	6	18	68.50548
	6	19	74.168724
	6	20	49.729267
	6	21	55.226807
	6	22	33.61547
	6	23	47.201694
	6	24	38.483765
	6	25	47.423622
	6	26	20.518284
	6	27	82.85529
	6	28	71.021126
	6	29	20.248457
	6	30	38.600517
	6	31	34.0147
	6	32	32.984844
	6	33	69.97142
	6	34	80.23092
	6	35	60.033325
	6	36	42.941822
	6	37	32.55764
	6	38	56.32051
	6	39	43.56604
	6	40	26.305893
	6	41	66.12866
	6	42	47.434166
	6	43	41.59327
	6	44	64.629715
	6	45	62.39391
	6	46	18.027756
	6	47	76.79192
	6	48	21.954498
	6	49	74.46476
	6	50	26.476404
	6	51	73.24616
	6	52	46.818798
	6	53	43.863426
	6	54	56.515484
	6	55	95.44108
	6	56	77.83315
	6	57	36.878178
	6	58	54.451813
	6	59	26.24881
	6	60	32.38827
	6	61	50.77401
	6	62	18.027756
	6	63	17.464249
	6	64	35.128338
	6	65	56.0
	6	66	59.5399
	6	67	46.69047
	6	68	31.06445
	6	69	41.773197
	6	70	70.11419
	6	71	60.166435
	6	72	53.0
	6	73	38.470768
	6	74	43.65776
	6	75	32.572994
	6	76	51.62364
	6	77	74.1485
	6	78	39.051247
	6	79	24.698177
	6	80	12.727922
	6	81	42.44997
	6	82	30.364452
	6	83	49.24429
	6	84	69.354164
	6	85	37.161808
	6	86	29.732138
	6	87	33.42155
	6	88	37.536648
	6	89	40.311287
	6	90	24.166092
	6	91	52.801514
	6	92	19.104973
	6	93	43.65776
	6	94	35.69314
	6	95	65.8559
	6	96	63.007935
	6	97	35.846897
	6	98	15.811388
	6	99	29.832869
	7	0	27.45906
	7	1	44.04543
	7	2	71.44928
	7	3	73.57309
	7	4	54.56189
	7	5	24.698177
	7	6	50.219517
	7	7	0.0
	7	8	58.0
	7	9	8.5440035
	7	10	25.942244
	7	11	53.08484
	7	12	48.76474
	7	13	35.0
	7	14	34.525352
	7	15	56.32051
	7	16	61.6198
	7	17	64.14047
	7	18	28.160255
	7	19	29.681644
	7	20	24.020824
	7	21	62.225395
	7	22	74.88658
	7	23	20.248457
	7	24	69.289246
	7	25	45.221676
	7	26	64.070274
	7	27	34.828148
	7	28	31.144823
	7	29	56.568542
	7	30	65.39113
	7	31	75.716576
	7	32	17.262676
	7	33	27.313
	7	34	32.01562
	7	35	19.235384
	7	36	56.938564
	7	37	24.04163
	7	38	77.93587
	7	39	18.973665
	7	40	58.258045
	7	41	17.691807
	7	42	5.656854
	7	43	72.8011
	7	44	25.0
	7	45	13.601471
	7	46	56.0803
	7	47	34.828148
	7	48	67.08204
	7	49	26.24881
	7	50	23.769728
	7	51	24.5153
	7	52	72.89719
	7	53	47.010635
	7	54	76.02631
	7	55	52.69725
	7	56	44.94441
	7	57	13.341664
	7	58	6.4031243
	7	59	72.91776
	7	60	48.754486
	7	61	38.470768
	7	62	67.74216
	7	63	53.338543
	7	64	65.053825
	7	65	66.52819
	7	66	10.440307
	7	67	45.54119
	7	68	75.66373
	7	69	42.953465
	7	70	25.806976
	7	71	13.038404
	7	72	39.20459
	7	73	16.552946
	7	74	45.343136
	7	75	43.829212
	7	76	19.104973
	7	77	24.083189
	7	78	11.18034
	7	79	26.076809
	7	80	44.72136
	7	81	25.455845
	7	82	60.728905
	7	83	76.922035
	7	84	40.04997
	7	85	56.400356
	7	86	61.400326
	7	87	25.079872
	7	88	25.23886
	7	89	82.92768
	7	90	27.018513
	7	91	33.01515
	7	92	68.593
	7	93	82.46211
	7	94	72.47068
	7	95	33.0
	7	96	17.20465
	7	97	16.27882
	7	98	34.525352
	7	99	68.8186
	8	0	85.146935
	8	1	76.941536
	8	2	13.892444
	8	3	83.240616
	8	4	20.12461
	8	5	36.359318
	8	6	32.280025
	8	7	58.0
	8	8	0.0
	8	9	50.24938
	8	10	70.77429
	8	11	46.840153
	8	12	103.58572
	8	13	64.132675
	8	14	46.69047
	8	15	39.39543
	8	16	83.21658
	8	17	17.492855
	8	18	84.05355
	8	19	70.00714
	8	20	42.953465
	8	21	86.09297
	8	22	22.0
	8	23	65.74192
	8	24	70.5762
	8	25	26.019224
	8	26	51.0
	8	27	92.65527
	8	28	63.89053
	8	29	52.49762
	8	30	70.88018
	8	31	23.0
	8	32	45.276924
	8	33	84.20214
	8	34	89.827614
	8	35	74.63243
	8	36	13.038404
	8	37	33.970577
	8	38	88.60023
	8	39	41.617306
	8	40	7.071068
	8	41	75.66373
	8	42	58.412327
	8	43	73.53911
	8	44	59.236813
	8	45	65.21503
	8	46	15.264338
	8	47	69.92139
	8	48	23.323807
	8	49	84.14868
	8	50	39.812057
	8	51	73.92564
	8	52	79.05694
	8	53	21.023796
	8	54	88.76936
	8	55	110.25879
	8	56	64.12488
	8	57	47.434166
	8	58	58.898216
	8	59	28.231188
	8	60	63.126858
	8	61	34.234486
	8	62	41.868843
	8	63	49.729267
	8	64	7.2111025
	8	65	87.46428
	8	66	63.411354
	8	67	25.019993
	8	68	26.476404
	8	69	22.203604
	8	70	66.70832
	8	71	70.837845
	8	72	36.124783
	8	73	55.00909
	8	74	72.249565
	8	75	62.008064
	8	76	47.88528
	8	77	77.665955
	8	78	49.40648
	8	79	42.379242
	8	80	22.0
	8	81	63.90618
	8	82	62.641838
	8	83	81.34495
	8	84	90.37699
	8	85	6.708204
	8	86	61.983868
	8	87	54.708317
	8	88	59.135437
	8	89	29.274563
	8	90	43.011627
	8	91	40.024994
	8	92	43.27817
	8	93	26.0
	8	94	16.492422
	8	95	85.0
	8	96	62.76942
	8	97	51.0
	8	98	36.496574
	8	99	16.124516
	9	0	35.846897
	9	1	48.8774
	9	2	63.89053
	9	3	75.60423
	9	4	48.703182
	9	5	16.155495
	9	6	46.09772
	9	7	8.5440035
	9	8	50.24938
	9	9	0.0
	9	10	32.280025
	9	11	51.1957
	9	12	57.280014
	9	13	38.28838
	9	14	27.513634
	9	15	53.037724
	9	16	65.192024
	9	17	57.697487
	9	18	36.687874
	9	19	29.12044
	9	20	16.124516
	9	21	66.21933
	9	22	68.09552
	9	23	26.24881
	9	24	69.77106
	9	25	36.687874
	9	26	61.983868
	9	27	42.426407
	9	28	28.301943
	9	29	55.362442
	9	30	66.37017
	9	31	68.96376
	9	32	14.866069
	9	33	35.846897
	9	34	39.59798
	9	35	27.658634
	9	36	48.548943
	9	37	16.643316
	9	38	80.280754
	9	39	10.440307
	9	40	51.0392
	9	41	25.612497
	9	42	12.0415945
	9	43	73.3553
	9	44	21.633308
	9	45	16.492422
	9	46	49.658836
	9	47	33.105892
	9	48	61.09828
	9	49	33.970577
	9	50	20.09975
	9	51	27.166155
	9	52	74.330345
	9	53	38.483765
	9	54	78.64477
	9	55	61.05735
	9	56	40.36087
	9	57	11.18034
	9	58	8.944272
	9	59	67.06713
	9	60	50.219517
	9	61	30.149628
	9	62	64.03124
	9	63	51.92302
	9	64	57.384666
	9	65	70.178345
	9	66	13.928389
	9	67	37.0
	9	68	69.354164
	9	69	34.43835
	9	70	25.0
	9	71	21.470911
	9	72	31.016125
	9	73	19.209373
	9	74	49.0408
	9	75	45.607018
	9	76	12.083046
	9	77	28.79236
	9	78	10.0
	9	79	23.769728
	9	80	38.8973
	9	81	30.016663
	9	82	60.835846
	9	83	78.23043
	9	84	48.010414
	9	85	48.270073
	9	86	61.326992
	9	87	26.907248
	9	88	28.42534
	9	89	76.15773
	9	90	25.0
	9	91	25.079872
	9	92	65.00769
	9	93	75.21303
	9	94	65.21503
	9	95	41.109608
	9	96	17.117243
	9	97	17.029387
	9	98	31.06445
	9	99	61.91123
	10	0	27.0
	10	1	19.416489
	10	2	82.36504
	10	3	53.160137
	10	4	59.816387
	10	5	46.09772
	10	6	50.24938
	10	7	25.942244
	10	8	70.77429
	10	9	32.280025
	10	10	0.0
	10	11	45.617977
	10	12	34.655445
	10	13	16.124516
	10	14	59.77458
	10	15	52.69725
	10	16	38.470768
	10	17	70.60453
	10	18	20.396078
	10	19	53.75872
	10	20	48.270073
	10	21	38.27532
	10	22	82.006096
	10	23	6.0827627
	10	24	53.009434
	10	25	66.0303
	10	26	55.713554
	10	27	39.012817
	10	28	56.61272
	10	29	46.486557
	10	30	48.09366
	10	31	82.61961
	10	32	26.476404
	10	33	23.086792
	10	34	37.12142
	10	35	15.524175
	10	36	73.97973
	10	37	40.311287
	10	38	56.648037
	10	39	41.4367
	10	40	68.47627
	10	41	27.313
	10	42	20.615528
	10	43	56.0803
	10	44	50.77401
	10	45	36.796738
	10	46	63.245552
	10	47	59.548298
	10	48	71.50524
	10	49	32.55764
	10	50	31.016125
	10	51	45.607018
	10	52	53.935146
	10	53	66.37017
	10	54	54.230988
	10	55	46.06517
	10	56	70.83079
	10	57	26.019224
	10	58	31.906113
	10	59	76.36753
	10	60	32.06244
	10	61	61.294373
	10	62	64.14047
	10	63	44.38468
	10	64	76.922035
	10	65	43.046486
	10	66	34.058773
	10	67	66.068146
	10	68	80.72174
	10	69	62.289646
	10	70	50.32892
	10	71	22.472204
	10	72	62.514
	10	73	16.27882
	10	74	23.086792
	10	75	27.166155
	10	76	44.27189
	10	77	41.677334
	10	78	25.019993
	10	79	28.653097
	10	80	51.312767
	10	81	7.81025
	10	82	46.270943
	10	83	58.0517
	10	84	19.723083
	10	85	71.470276
	10	86	47.38143
	10	87	17.029387
	10	88	12.727922
	10	89	89.498604
	10	90	28.301943
	10	91	57.070133
	10	92	64.49806
	10	93	91.26335
	10	94	81.8352
	10	95	15.6205
	10	96	42.0119
	10	97	20.396078
	10	98	36.40055
	10	99	76.843994
	11	0	70.88018
	11	1	39.824615
	11	2	52.009613
	11	3	36.40055
	11	4	27.294687
	11	5	51.10773
	11	6	14.56022
	11	7	53.08484
	11	8	46.840153
	11	9	51.1957
	11	10	45.617977
	11	11	0.0
	11	12	79.32213
	11	13	30.805843
	11	14	69.641945
	11	15	9.486833
	11	16	38.63936
	11	17	36.05551
	11	18	65.551506
	11	19	80.280754
	11	20	58.59181
	11	21	41.976185
	11	22	45.891174
	11	23	44.27189
	11	24	24.186773
	11	25	60.307545
	11	26	11.0
	11	27	82.2253
	11	28	78.434685
	11	29	5.8309517
	11	30	24.04163
	11	31	46.09772
	11	32	36.496574
	11	33	67.6757
	11	34	79.83107
	11	35	58.24088
	11	36	57.271286
	11	37	41.18252
	11	38	41.761227
	11	39	51.47815
	11	40	40.792156
	11	41	66.61081
	11	42	49.010204
	11	43	27.45906
	11	44	71.7844
	11	45	66.37017
	11	46	32.38827
	11	47	83.81527
	11	48	33.734257
	11	49	74.330345
	11	50	31.320919
	11	51	77.41447
	11	52	32.31099
	11	53	57.201397
	11	54	41.976185
	11	55	91.67879
	11	56	87.23531
	11	57	40.4475
	11	58	58.420887
	11	59	36.40055
	11	60	20.12461
	11	61	62.369865
	11	62	19.104973
	11	63	3.0
	11	64	49.497475
	11	65	42.190044
	11	66	63.28507
	11	67	59.665737
	11	68	42.059483
	11	69	54.67175
	11	70	76.15773
	11	71	60.530983
	11	72	64.53681
	11	73	38.209946
	11	74	33.01515
	11	75	22.022715
	11	76	59.236813
	11	77	77.00649
	11	78	42.296574
	11	79	27.45906
	11	80	26.41969
	11	81	38.078865
	11	82	15.811388
	11	83	34.88553
	11	84	63.007935
	11	85	51.62364
	11	86	15.231546
	11	87	30.805843
	11	88	33.83785
	11	89	51.546097
	11	90	26.305893
	11	91	63.245552
	11	92	19.209373
	11	93	56.089214
	11	94	49.09175
	11	95	60.90156
	11	96	68.24954
	11	97	37.0
	11	98	21.023796
	11	99	43.104523
	12	0	24.083189
	12	1	43.011627
	12	2	115.935326
	12	3	76.53104
	12	4	94.26028
	12	5	73.37575
	12	6	84.89994
	12	7	48.76474
	12	8	103.58572
	12	9	57.280014
	12	10	34.655445
	12	11	79.32213
	12	12	0.0
	12	13	48.548943
	12	14	81.3019
	12	15	87.005745
	12	16	59.3043
	12	17	104.99524
	12	18	20.615528
	12	19	64.132675
	12	20	72.36712
	12	21	57.07889
	12	22	116.38728
	12	23	38.418747
	12	24	81.32035
	12	25	93.96276
	12	26	88.68484
	12	27	28.653097
	12	28	70.45566
	12	29	79.25907
	12	30	75.96052
	12	31	117.03418
	12	32	58.30952
	12	33	22.090721
	12	34	29.546574
	12	35	29.732138
	12	36	104.78549
	12	37	70.68239
	12	38	78.10249
	12	39	67.72001
	12	40	102.0784
	12	41	35.0
	12	42	46.238514
	12	43	83.677956
	12	44	67.02985
	12	45	51.0
	12	46	97.45255
	12	47	70.40597
	12	48	106.10372
	12	49	30.805843
	12	50	64.070274
	12	51	53.15073
	12	52	79.24645
	12	53	95.51963
	12	54	75.059975
	12	55	16.27882
	12	56	85.70881
	12	57	56.35601
	12	58	51.62364
	12	59	111.01801
	12	60	62.649822
	12	61	87.09765
	12	62	98.229324
	12	63	77.698135
	12	64	110.13628
	12	65	62.03225
	12	66	50.08992
	12	67	94.254974
	12	68	115.31262
	12	69	91.416626
	12	70	62.514
	12	71	36.496574
	12	72	87.66413
	12	73	48.82622
	12	74	49.979996
	12	75	58.59181
	12	76	66.910385
	12	77	46.32494
	12	78	54.56189
	12	79	62.625874
	12	80	85.42833
	12	81	42.44997
	12	82	76.6942
	12	83	83.02409
	12	84	16.552946
	12	85	103.31021
	12	86	78.0
	12	87	51.62364
	12	88	47.38143
	12	89	123.9879
	12	90	62.482
	12	91	81.21576
	12	92	98.47334
	12	93	125.4193
	12	94	115.80155
	12	95	19.104973
	12	96	57.00877
	12	97	52.69725
	12	98	70.837845
	12	99	111.040535
	13	0	43.046486
	13	1	13.0
	13	2	74.0
	13	3	38.910152
	13	4	49.658836
	13	5	47.92703
	13	6	38.27532
	13	7	35.0
	13	8	64.132675
	13	9	38.28838
	13	10	16.124516
	13	11	30.805843
	13	12	48.548943
	13	13	0.0
	13	14	64.66065
	13	15	38.8973
	13	16	26.907248
	13	17	60.373837
	13	18	36.496574
	13	19	64.63745
	13	20	52.478565
	13	21	28.01785
	13	22	71.5891
	13	23	17.464249
	13	24	37.12142
	13	25	65.51336
	13	26	40.24922
	13	27	55.00909
	13	28	65.8559
	13	29	30.870699
	13	30	32.38827
	13	31	72.06941
	13	32	26.400757
	13	33	39.20459
	13	34	53.009434
	13	35	31.06445
	13	36	70.00714
	13	37	39.56008
	13	38	43.046486
	13	39	44.777225
	13	40	60.440052
	13	41	41.976185
	13	42	29.410883
	13	43	40.311287
	13	44	59.413803
	13	45	48.02083
	13	46	53.851646
	13	47	69.81404
	13	48	60.207973
	13	49	48.166378
	13	50	27.45906
	13	51	58.137768
	13	52	38.8973
	13	53	64.629715
	13	54	41.04875
	13	55	61.46544
	13	56	78.64477
	13	57	28.301943
	13	58	41.400482
	13	59	64.40497
	13	60	16.0
	13	61	62.968246
	13	62	49.819675
	13	63	29.15476
	13	64	69.375786
	13	65	31.890438
	13	66	44.94441
	13	67	65.30697
	13	68	69.339745
	13	69	60.827625
	13	70	60.80296
	13	71	36.40055
	13	72	64.62198
	13	73	19.104973
	13	74	10.816654
	13	75	11.045361
	13	76	50.0
	13	77	55.362442
	13	78	28.600698
	13	79	23.086792
	13	80	42.72002
	13	81	10.440307
	13	82	30.149628
	13	83	43.011627
	13	84	32.202484
	13	85	66.27216
	13	86	31.257
	13	87	12.083046
	13	88	9.899495
	13	89	78.54935
	13	90	22.022715
	13	91	60.373837
	13	92	50.0
	13	93	81.394104
	13	94	72.615425
	13	95	30.463093
	13	96	52.201534
	13	97	21.633308
	13	98	27.658634
	13	99	67.11929
	14	0	57.706154
	14	1	76.02631
	14	2	59.908264
	14	3	99.724625
	14	4	55.9017
	14	5	18.601076
	14	6	59.615433
	14	7	34.525352
	14	8	46.69047
	14	9	27.513634
	14	10	59.77458
	14	11	69.641945
	14	12	81.3019
	14	13	64.66065
	14	14	0.0
	14	15	68.0294
	14	16	91.26335
	14	17	61.008198
	14	18	61.03278
	14	19	26.172504
	14	20	12.206555
	14	21	92.64988
	14	22	68.46897
	14	23	53.75872
	14	24	91.67879
	14	25	21.931713
	14	26	79.17702
	14	27	59.808025
	14	28	18.601076
	14	29	74.88658
	14	30	89.19641
	14	31	69.46222
	14	32	38.600517
	14	33	59.211487
	14	34	57.245087
	14	35	53.08484
	14	36	38.078865
	14	37	28.600698
	14	38	104.73777
	14	39	20.0
	14	40	51.088158
	14	41	46.52956
	14	42	39.293766
	14	43	95.26804
	14	44	16.643316
	14	45	30.805843
	14	46	54.230988
	14	47	24.186773
	14	48	66.1211
	14	49	52.886673
	14	50	40.311287
	14	51	34.132095
	14	52	97.62172
	14	53	26.57066
	14	54	103.47947
	14	55	81.32035
	14	56	18.439089
	14	57	36.359318
	14	58	30.016663
	14	59	72.06247
	14	60	74.330345
	14	61	12.649111
	14	62	76.843994
	14	63	71.281136
	14	64	53.366657
	14	65	96.26006
	14	66	31.257
	14	67	22.847319
	14	68	72.06247
	14	69	24.5153
	14	70	24.207438
	14	71	45.01111
	14	72	11.18034
	14	73	46.06517
	14	74	75.47185
	14	75	70.292244
	14	76	15.524175
	14	77	40.24922
	14	78	36.23534
	14	79	45.254833
	14	80	48.08326
	14	81	57.271286
	14	82	82.46211
	14	83	101.23734
	14	84	74.431175
	14	85	41.484936
	14	86	82.61961
	14	87	52.69725
	14	88	55.072678
	14	89	75.95393
	14	90	46.66905
	14	91	7.071068
	14	92	78.1089
	14	93	72.277245
	14	94	63.15061
	14	95	67.26812
	14	96	25.298222
	14	97	43.046486
	14	98	48.82622
	14	99	62.289646
	15	0	76.6942
	15	1	48.82622
	15	2	43.185646
	15	3	44.553337
	15	4	19.313208
	15	5	49.979996
	15	6	8.602325
	15	7	56.32051
	15	8	39.39543
	15	9	53.037724
	15	10	52.69725
	15	11	9.486833
	15	12	87.005745
	15	13	38.8973
	15	14	68.0294
	15	15	0.0
	15	16	48.052055
	15	17	27.018513
	15	18	72.00694
	15	19	81.61495
	15	20	57.870544
	15	21	51.41984
	15	22	36.496574
	15	23	50.537113
	15	24	31.320919
	15	25	55.97321
	15	26	12.0415945
	15	27	87.595665
	15	28	78.854294
	15	29	14.0
	15	30	32.24903
	15	31	36.67424
	15	32	39.115215
	15	33	73.82411
	15	34	85.07056
	15	35	64.07808
	15	36	50.77401
	15	37	40.5216
	15	38	49.819675
	15	39	51.41984
	15	40	32.89377
	15	41	71.30919
	15	42	52.95281
	15	43	34.176014
	15	44	72.36712
	15	45	69.02898
	15	46	24.351591
	15	47	84.5281
	15	48	24.33105
	15	49	79.40403
	15	50	33.0
	15	51	80.00625
	15	52	40.024994
	15	53	52.3259
	15	54	50.358715
	15	55	98.61542
	15	56	86.162636
	15	57	43.104523
	15	58	61.03278
	15	59	26.925823
	15	60	29.546574
	15	61	59.36329
	15	62	11.7046995
	15	63	12.369317
	15	64	41.231056
	15	65	51.47815
	15	66	66.068146
	15	67	55.226807
	15	68	32.572994
	15	69	50.32892
	15	70	77.52419
	15	71	65.25335
	15	72	61.587337
	15	73	43.011627
	15	74	42.190044
	15	75	31.06445
	15	76	59.439045
	15	77	80.399
	15	78	45.17743
	15	79	30.265491
	15	80	21.260292
	15	81	44.94441
	15	82	24.083189
	15	83	42.059483
	15	84	70.93659
	15	85	44.777225
	15	86	23.194826
	15	87	36.67424
	15	88	40.311287
	15	89	42.059483
	15	90	29.427877
	15	91	61.269894
	15	92	12.369317
	15	93	46.69047
	15	94	40.0
	15	95	68.24222
	15	96	70.11419
	15	97	41.0
	15	98	22.0
	15	99	34.0
	16	0	63.600315
	16	1	19.313208
	16	2	90.199776
	16	3	17.262676
	16	4	65.06919
	16	5	73.92564
	16	6	52.086468
	16	7	61.6198
	16	8	83.21658
	16	9	65.192024
	16	10	38.470768
	16	11	38.63936
	16	12	59.3043
	16	13	26.907248
	16	14	91.26335
	16	15	48.052055
	16	16	0.0
	16	17	74.54529
	16	18	55.7853
	16	19	91.04944
	16	20	79.05694
	16	21	3.6055512
	16	22	84.5281
	16	23	42.43819
	16	24	25.495098
	16	25	89.88882
	16	26	42.047592
	16	27	75.43209
	16	28	92.65527
	16	29	34.48188
	16	30	20.518284
	16	31	84.723076
	16	32	52.69725
	16	33	59.20304
	16	34	74.04053
	16	35	53.712196
	16	36	91.591484
	16	37	64.84597
	16	38	19.104973
	16	39	71.281136
	16	40	78.00641
	16	41	65.74192
	16	42	55.97321
	16	43	26.627054
	16	44	86.26703
	16	45	74.20242
	16	46	70.028564
	16	47	96.42614
	16	48	72.36712
	16	49	70.2282
	16	50	52.3259
	16	51	83.761566
	16	52	20.615528
	16	53	88.23265
	16	54	16.27882
	16	55	75.059975
	16	56	105.550934
	16	57	55.0
	16	58	68.0147
	16	59	74.726166
	16	60	20.09975
	16	61	88.54942
	16	62	55.154327
	16	63	35.69314
	16	64	87.0
	16	65	5.0
	16	66	71.21797
	16	67	89.537704
	16	68	80.523285
	16	69	84.758484
	16	70	87.32124
	16	71	60.90156
	16	72	90.35486
	16	73	46.010868
	16	74	16.27882
	16	75	22.135944
	16	76	76.837494
	16	77	80.13114
	16	78	55.443665
	16	79	47.423622
	16	80	61.294373
	16	81	36.23534
	16	82	25.942244
	16	83	24.04163
	16	84	44.011364
	16	85	86.833176
	16	86	27.294687
	16	87	38.600517
	16	88	36.796738
	16	89	89.98889
	16	90	46.09772
	16	91	86.608315
	16	92	54.626
	16	93	94.72592
	16	94	87.57283
	16	95	46.69047
	16	96	78.74643
	16	97	48.414875
	16	98	48.507732
	16	99	81.61495
	17	0	89.64374
	17	1	72.235725
	17	2	16.27882
	17	3	71.44928
	17	4	10.816654
	17	5	47.07441
	17	6	22.803509
	17	7	64.14047
	17	8	17.492855
	17	9	57.697487
	17	10	70.60453
	17	11	36.05551
	17	12	104.99524
	17	13	60.373837
	17	14	61.008198
	17	15	27.018513
	17	16	74.54529
	17	17	0.0
	17	18	87.0
	17	19	81.78631
	17	20	54.74486
	17	21	77.781746
	17	22	11.401754
	17	23	66.6033
	17	24	57.870544
	17	25	42.201897
	17	26	37.107952
	17	27	98.73702
	17	28	76.655075
	17	29	41.01219
	17	30	59.211487
	17	31	12.0415945
	17	32	48.414875
	17	33	87.86353
	17	34	95.96353
	17	35	77.89737
	17	36	30.528675
	17	37	41.231056
	17	38	76.655075
	17	39	51.24451
	17	40	10.770329
	17	41	81.5414
	17	42	63.007935
	17	43	60.41523
	17	44	71.19691
	17	45	73.92564
	17	46	8.062258
	17	47	82.73451
	17	48	5.8309517
	17	49	90.13878
	17	50	41.868843
	17	51	83.81527
	17	52	66.75328
	17	53	37.363083
	17	54	77.31753
	17	55	113.951744
	17	56	79.15807
	17	57	51.613953
	17	58	66.64083
	17	59	11.18034
	17	60	55.108982
	17	61	49.25444
	17	62	25.942244
	17	63	39.051247
	17	64	15.811388
	17	65	78.23043
	17	66	71.5891
	17	67	41.231056
	17	68	11.7046995
	17	69	37.48333
	17	70	78.10249
	17	71	76.02631
	17	72	51.351727
	17	73	56.568542
	17	74	66.40783
	17	75	55.362442
	17	76	58.694122
	17	77	86.40602
	17	78	53.823788
	17	79	42.44997
	17	80	19.849434
	17	81	63.007935
	17	82	51.088158
	17	83	68.44706
	17	84	90.21086
	17	85	24.186773
	17	86	50.159744
	17	87	53.600372
	17	88	58.00862
	17	89	19.104973
	17	90	42.520584
	17	91	54.0
	17	92	27.294687
	17	93	21.023796
	17	94	13.038404
	17	95	85.91275
	17	96	72.73238
	17	97	53.075417
	17	98	34.20526
	17	99	7.071068
	18	0	8.062258
	18	1	36.67424
	18	2	96.82975
	18	3	71.84706
	18	4	76.48529
	18	5	52.810986
	18	6	68.50548
	18	7	28.160255
	18	8	84.05355
	18	9	36.687874
	18	10	20.396078
	18	11	65.551506
	18	12	20.615528
	18	13	36.496574
	18	14	61.03278
	18	15	72.00694
	18	16	55.7853
	18	17	87.0
	18	18	0.0
	18	19	46.238514
	18	20	51.78803
	18	21	54.708317
	18	22	98.29038
	18	23	21.470911
	18	24	73.061615
	18	25	73.37575
	18	26	75.89466
	18	27	19.646883
	18	28	51.662365
	18	29	66.760765
	18	30	68.007355
	18	31	99.00505
	18	32	39.051247
	18	33	3.6055512
	18	34	18.384777
	18	35	9.433981
	18	36	84.5281
	18	37	50.606323
	18	38	74.73286
	18	39	47.127487
	18	40	83.09633
	18	41	15.811388
	18	42	25.942244
	18	43	76.00658
	18	44	47.518417
	18	45	31.400637
	18	46	79.19596
	18	47	52.554733
	18	48	88.72993
	18	49	15.6205
	18	50	45.276924
	18	51	35.77709
	18	52	73.24616
	18	53	75.026665
	18	54	72.03471
	18	55	27.018513
	18	56	66.94027
	18	57	36.619667
	18	58	31.144823
	18	59	94.02127
	18	60	52.34501
	18	61	66.4906
	18	62	83.630135
	18	63	64.513565
	18	64	90.80198
	18	65	59.77458
	18	66	30.066593
	18	67	73.68175
	18	68	97.8366
	18	69	70.93659
	18	70	43.965897
	18	71	16.03122
	18	72	67.08204
	18	73	30.479502
	18	74	42.107006
	18	75	47.518417
	18	76	46.389652
	18	77	29.681644
	18	78	34.669872
	18	79	44.687805
	18	80	67.17886
	18	81	27.513634
	18	82	66.61081
	18	83	77.31753
	18	84	16.40122
	18	85	83.35467
	18	86	67.74216
	18	87	35.35534
	18	88	31.780497
	18	89	106.10372
	18	90	44.82187
	18	91	60.671246
	18	92	84.095184
	18	93	106.887794
	18	94	97.082436
	18	95	10.0
	18	96	37.48333
	18	97	33.941124
	18	98	53.413483
	18	99	92.65527
	19	0	40.261642
	19	1	72.862885
	19	2	83.773506
	19	3	103.24728
	19	4	74.431175
	19	5	34.713108
	19	6	74.168724
	19	7	29.681644
	19	8	70.00714
	19	9	29.12044
	19	10	53.75872
	19	11	80.280754
	19	12	64.132675
	19	13	64.63745
	19	14	26.172504
	19	15	81.61495
	19	16	91.04944
	19	17	81.78631
	19	18	46.238514
	19	19	0.0
	19	20	27.202942
	19	21	91.43851
	19	22	90.80198
	19	23	48.83646
	19	24	98.48858
	19	25	47.434166
	19	26	91.00549
	19	27	38.052597
	19	28	8.062258
	19	29	84.48077
	19	30	94.81033
	19	31	91.76056
	19	32	43.965897
	19	33	43.32436
	19	34	36.0
	19	35	41.340054
	19	36	63.28507
	19	37	42.0119
	19	38	107.61505
	19	39	31.06445
	19	40	73.082146
	19	41	30.463093
	19	42	35.22783
	19	43	102.044106
	19	44	10.770329
	19	45	16.970562
	19	46	74.1485
	19	47	6.3245554
	19	48	86.145226
	19	49	33.37664
	19	50	49.0306
	19	51	11.045361
	19	52	102.47439
	19	53	51.62364
	19	54	105.68349
	19	55	60.133186
	19	56	22.022715
	19	57	40.16217
	19	58	23.323807
	19	59	92.22798
	19	60	78.29432
	19	61	38.013157
	19	62	92.19544
	19	63	81.0432
	19	64	77.07788
	19	65	95.90099
	19	66	19.849434
	19	67	48.259712
	19	68	93.39165
	19	69	48.76474
	19	70	4.1231055
	19	71	32.449963
	19	72	37.01351
	19	73	46.141087
	19	74	74.8131
	19	75	73.43024
	19	76	23.194826
	19	77	18.027756
	19	78	38.626415
	19	79	52.886673
	19	80	65.12296
	19	81	54.81788
	19	82	89.693924
	19	83	106.47065
	19	84	62.169125
	19	85	65.74192
	19	86	90.24966
	19	87	54.589375
	19	88	54.91812
	19	89	98.67117
	19	90	54.120235
	19	91	31.06445
	19	92	93.26307
	19	93	96.00521
	19	94	86.37708
	19	95	55.00909
	19	96	12.529964
	19	97	45.188496
	19	98	59.841457
	19	99	84.48077
	20	0	49.648766
	20	1	63.97656
	20	2	56.797886
	20	3	87.681244
	20	4	48.0
	20	5	8.062258
	20	6	49.729267
	20	7	24.020824
	20	8	42.953465
	20	9	16.124516
	20	10	48.270073
	20	11	58.59181
	20	12	72.36712
	20	13	52.478565
	20	14	12.206555
	20	15	57.870544
	20	16	79.05694
	20	17	54.74486
	20	18	51.78803
	20	19	27.202942
	20	20	0.0
	20	21	80.454956
	20	22	63.600315
	20	23	42.201897
	20	24	80.0
	20	25	23.021729
	20	26	68.54196
	20	27	53.851646
	20	28	22.022715
	20	29	63.631752
	20	30	77.33692
	20	31	64.56005
	20	32	26.400757
	20	33	50.447994
	20	34	51.10773
	20	35	43.185646
	20	36	37.536648
	20	37	17.464249
	20	38	92.65527
	20	39	7.81025
	20	40	45.88028
	20	41	38.626415
	20	42	28.160255
	20	43	83.60024
	20	44	16.492422
	20	45	24.41311
	20	46	47.26521
	20	47	28.071337
	20	48	59.3043
	20	49	46.06517
	20	50	28.42534
	20	51	31.400637
	20	52	85.70297
	20	53	26.172504
	20	54	91.350975
	20	55	74.323616
	20	56	28.653097
	20	57	24.186773
	20	58	20.880613
	20	59	65.37584
	20	60	62.241467
	20	61	14.866069
	20	62	67.46851
	20	63	60.033325
	20	64	50.08992
	20	65	84.05355
	20	66	23.70654
	20	67	23.600847
	20	68	66.287254
	20	69	22.671568
	20	70	23.769728
	20	71	35.902645
	20	72	15.297058
	20	73	34.0147
	20	74	63.28507
	20	75	58.137768
	20	76	5.8309517
	20	77	36.069378
	20	78	24.166092
	20	79	33.30165
	20	80	39.20459
	20	81	45.310043
	20	82	70.80254
	20	83	89.37561
	20	84	64.00781
	20	85	39.115215
	20	86	71.02816
	20	87	40.496914
	20	88	42.941822
	20	89	71.470276
	20	90	34.713108
	20	91	9.0
	20	92	68.65858
	20	93	68.942
	20	94	59.236813
	20	95	57.00877
	20	96	20.518284
	20	97	30.88689
	20	98	37.589893
	20	99	57.280014
	21	0	62.625874
	21	1	18.867962
	21	2	93.34345
	21	3	19.924858
	21	4	68.18358
	21	5	75.591
	21	6	55.226807
	21	7	62.225395
	21	8	86.09297
	21	9	66.21933
	21	10	38.27532
	21	11	41.976185
	21	12	57.07889
	21	13	28.01785
	21	14	92.64988
	21	15	51.41984
	21	16	3.6055512
	21	17	77.781746
	21	18	54.708317
	21	19	91.43851
	21	20	80.454956
	21	21	0.0
	21	22	87.86353
	21	23	42.638012
	21	24	29.0
	21	25	92.02717
	21	26	45.617977
	21	27	74.330345
	21	28	93.34881
	21	29	37.94733
	21	30	24.083189
	21	31	88.07383
	21	32	54.20332
	21	33	58.189346
	21	34	73.05477
	21	35	53.235325
	21	36	94.20191
	21	37	66.70832
	21	38	21.023796
	21	39	72.718636
	21	40	81.00617
	21	41	65.36819
	21	42	56.568542
	21	43	30.0
	21	44	87.04597
	21	45	74.518456
	21	46	73.109505
	21	47	96.938126
	21	48	75.70998
	21	49	69.46222
	21	50	54.230988
	21	51	83.81527
	21	52	23.70654
	21	53	90.52071
	21	54	18.0
	21	55	73.0
	21	56	106.52699
	21	57	56.302753
	21	58	68.593
	21	59	78.160095
	21	60	23.0
	21	61	90.37699
	21	62	58.694122
	21	63	39.051247
	21	64	90.02222
	21	65	5.0990195
	21	66	71.5891
	21	67	91.706055
	21	68	83.9345
	21	69	86.977005
	21	70	87.78383
	21	71	60.74537
	21	72	92.13577
	21	73	47.010635
	21	74	17.20465
	21	75	24.5153
	21	76	78.00641
	21	77	79.924965
	21	78	56.61272
	21	79	49.396355
	21	80	64.12488
	21	81	36.769554
	21	82	29.529646
	21	83	26.925823
	21	84	42.190044
	21	85	89.560036
	21	86	30.88689
	21	87	39.962482
	21	88	37.802116
	21	89	93.40771
	21	90	48.104053
	21	91	88.19297
	21	92	58.18075
	21	93	98.0612
	21	94	90.79648
	21	95	45.35416
	21	96	79.24645
	21	97	49.648766
	21	98	50.990196
	21	99	84.85281
	22	0	100.76706
	22	1	83.25864
	22	2	12.206555
	22	3	80.00625
	22	4	22.203604
	22	5	56.302753
	22	6	33.61547
	22	7	74.88658
	22	8	22.0
	22	9	68.09552
	22	10	82.006096
	22	11	45.891174
	22	12	116.38728
	22	13	71.5891
	22	14	68.46897
	22	15	36.496574
	22	16	84.5281
	22	17	11.401754
	22	18	98.29038
	22	19	90.80198
	22	20	63.600315
	22	21	87.86353
	22	22	0.0
	22	23	77.987175
	22	24	66.068146
	22	25	48.010414
	22	26	45.044422
	22	27	109.62208
	22	28	85.146935
	22	29	50.358715
	22	30	68.0294
	22	31	1.0
	22	32	59.548298
	22	33	99.08582
	22	34	106.83164
	22	35	89.140335
	22	36	33.734257
	22	37	51.47815
	22	38	85.052925
	22	39	60.926186
	22	40	17.720045
	22	41	92.417534
	22	42	74.02702
	22	43	68.26419
	22	44	80.08121
	22	45	84.07735
	22	46	19.104973
	22	47	91.21951
	22	48	12.165525
	22	49	101.0198
	22	50	53.075417
	22	51	93.62158
	22	52	75.059975
	22	53	43.011627
	22	54	86.0
	22	55	125.207825
	22	56	86.09297
	22	57	62.625874
	22	58	77.02597
	22	59	11.7046995
	22	60	65.52099
	22	61	56.142673
	22	62	32.38827
	22	63	48.83646
	22	64	16.492422
	22	65	87.965904
	22	66	81.88406
	22	67	47.010635
	22	68	6.4031243
	22	69	44.102154
	22	70	87.28116
	22	71	87.005745
	22	72	58.077534
	22	73	67.89698
	22	74	77.25283
	22	75	66.12866
	22	76	68.007355
	22	77	96.60228
	22	78	64.815125
	22	79	53.814495
	22	80	31.112698
	22	81	74.404305
	22	82	60.133186
	22	83	76.321686
	22	84	101.607086
	22	85	28.160255
	22	86	59.07622
	22	87	65.0
	22	88	69.40461
	22	89	8.062258
	22	90	53.90733
	22	91	61.66036
	22	92	33.54102
	22	93	10.198039
	22	94	7.2111025
	22	95	97.308784
	22	96	82.46211
	22	97	64.3506
	22	98	45.607018
	22	99	6.3245554
	23	0	26.683329
	23	1	24.04163
	23	2	77.698135
	23	3	56.0803
	23	4	55.9017
	23	5	40.04997
	23	6	47.201694
	23	7	20.248457
	23	8	65.74192
	23	9	26.24881
	23	10	6.0827627
	23	11	44.27189
	23	12	38.418747
	23	13	17.464249
	23	14	53.75872
	23	15	50.537113
	23	16	42.43819
	23	17	66.6033
	23	18	21.470911
	23	19	48.83646
	23	20	42.201897
	23	21	42.638012
	23	22	77.987175
	23	23	0.0
	23	24	54.451813
	23	25	60.074955
	23	26	54.81788
	23	27	38.327538
	23	28	51.224995
	23	29	45.891174
	23	30	49.819675
	23	31	78.64477
	23	32	20.880613
	23	33	23.409399
	23	34	36.124783
	23	35	14.142136
	23	36	68.41052
	23	37	34.525352
	23	38	59.933296
	23	39	35.35534
	23	40	63.812225
	23	41	24.5153
	23	42	14.764823
	23	43	57.706154
	23	44	45.221676
	23	45	31.890438
	23	46	59.03389
	23	47	54.451813
	23	48	67.89698
	23	49	31.0
	23	50	25.942244
	23	51	41.340054
	23	52	56.32051
	23	53	60.530983
	23	54	57.706154
	23	55	48.259712
	23	56	65.192024
	23	57	20.09975
	23	58	26.400757
	23	59	73.0
	23	60	33.24154
	23	61	55.226807
	23	62	62.169125
	23	63	43.416588
	23	64	72.06941
	23	65	47.201694
	23	66	29.0
	23	67	60.133186
	23	68	77.07788
	23	69	56.435802
	23	70	45.254833
	23	71	18.973665
	23	72	56.435802
	23	73	10.770329
	23	74	26.41969
	23	75	28.160255
	23	76	38.27532
	23	77	38.078865
	23	78	19.0
	23	79	24.207438
	23	80	47.010635
	23	81	7.071068
	23	82	47.010635
	23	83	60.440052
	23	84	24.698177
	23	85	66.12866
	23	86	48.0
	23	87	13.892444
	23	88	10.440307
	23	89	85.632935
	23	90	24.083189
	23	91	50.990196
	23	92	62.649822
	23	93	87.005745
	23	94	77.42093
	23	95	19.416489
	23	96	36.796738
	23	97	14.866069
	23	98	32.526913
	23	99	72.62231
	24	0	80.00625
	24	1	38.327538
	24	2	74.1485
	24	3	14.142136
	24	4	50.596443
	24	5	73.109505
	24	6	38.483765
	24	7	69.289246
	24	8	70.5762
	24	9	69.77106
	24	10	53.009434
	24	11	24.186773
	24	12	81.32035
	24	13	37.12142
	24	14	91.67879
	24	15	31.320919
	24	16	25.495098
	24	17	57.870544
	24	18	73.061615
	24	19	98.48858
	24	20	80.0
	24	21	29.0
	24	22	66.068146
	24	23	54.451813
	24	24	0.0
	24	25	84.20214
	24	26	21.023796
	24	27	92.021736
	24	28	98.005104
	24	29	18.35756
	24	30	5.3851647
	24	31	66.0303
	24	32	55.072678
	24	33	76.00658
	24	34	90.088844
	24	35	68.18358
	24	36	81.394104
	24	37	63.126858
	24	38	19.0
	24	39	72.42237
	24	40	64.195015
	24	41	78.91768
	24	42	64.195015
	24	43	3.6055512
	24	44	91.3017
	24	45	82.8734
	24	46	55.65968
	24	47	102.85912
	24	48	54.230988
	24	49	85.28775
	24	50	51.613953
	24	51	93.60555
	24	52	9.0
	24	53	81.27115
	24	54	20.22375
	24	55	96.10411
