data;

param n := 100;

param p := 10;

param m := 2;

param alpha := 10.431099891662598;

param r := 
	0	1
	1	1
	2	0
	3	0
	4	0
	5	1
	6	0
	7	0
	8	1
	9	0
	10	1
	11	1
	12	1
	13	1
	14	1
	15	1
	16	0
	17	0
	18	0
	19	0
	20	1
	21	0
	22	1
	23	0
	24	0
	25	1
	26	1
	27	0
	28	0
	29	1
	30	1
	31	1
	32	0
	33	0
	34	0
	35	1
	36	0
	37	1
	38	0
	39	1
	40	1
	41	0
	42	0
	43	1
	44	0
	45	0
	46	0
	47	1
	48	1
	49	0
	50	1
	51	0
	52	0
	53	0
	54	0
	55	0
	56	0
	57	0
	58	0
	59	0
	60	1
	61	0
	62	1
	63	1
	64	1
	65	0
	66	0
	67	1
	68	1
	69	0
	70	1
	71	0
	72	1
	73	0
	74	1
	75	0
	76	1
	77	0
	78	1
	79	0
	80	0
	81	0
	82	1
	83	1
	84	0
	85	1
	86	0
	87	1
	88	0
	89	1
	90	0
	91	1
	92	1
	93	1
	94	1
	95	1
	96	1
	97	1
	98	1
	99	0
;

param d := 
	0	1
	1	1
	2	1
	3	0
	4	1
	5	1
	6	1
	7	0
	8	1
	9	1
	10	1
	11	1
	12	1
	13	1
	14	1
	15	1
	16	0
	17	0
	18	0
	19	1
	20	1
	21	1
	22	1
	23	0
	24	0
	25	1
	26	1
	27	0
	28	1
	29	1
	30	1
	31	1
	32	1
	33	0
	34	0
	35	1
	36	1
	37	1
	38	1
	39	1
	40	1
	41	0
	42	1
	43	1
	44	1
	45	1
	46	1
	47	1
	48	1
	49	1
	50	1
	51	1
	52	0
	53	0
	54	1
	55	1
	56	0
	57	1
	58	1
	59	0
	60	1
	61	1
	62	1
	63	1
	64	1
	65	0
	66	1
	67	1
	68	1
	69	1
	70	1
	71	1
	72	1
	73	0
	74	1
	75	1
	76	1
	77	0
	78	1
	79	1
	80	1
	81	1
	82	1
	83	1
	84	1
	85	1
	86	0
	87	1
	88	1
	89	1
	90	0
	91	1
	92	1
	93	1
	94	1
	95	1
	96	1
	97	1
	98	1
	99	1
;

param c := 
	0	0	0.0
	0	1	49.20366
	0	2	74.330345
	0	3	15.0
	0	4	51.884487
	0	5	50.48762
	0	6	42.059483
	0	7	73.661385
	0	8	21.377558
	0	9	59.5399
	0	10	24.020824
	0	11	51.0392
	0	12	32.140316
	0	13	26.24881
	0	14	50.77401
	0	15	82.1523
	0	16	73.790245
	0	17	78.0
	0	18	46.389652
	0	19	39.293766
	0	20	53.160137
	0	21	45.39824
	0	22	38.483765
	0	23	70.5195
	0	24	58.60034
	0	25	56.0
	0	26	47.26521
	0	27	34.539833
	0	28	74.330345
	0	29	8.0
	0	30	43.266617
	0	31	20.615528
	0	32	13.341664
	0	33	63.655323
	0	34	46.173584
	0	35	29.15476
	0	36	22.803509
	0	37	47.63402
	0	38	49.648766
	0	39	70.76723
	0	40	40.804413
	0	41	22.36068
	0	42	79.15807
	0	43	66.21933
	0	44	70.71068
	0	45	79.881165
	0	46	23.323807
	0	47	71.021126
	0	48	40.0
	0	49	28.442924
	0	50	41.231056
	0	51	69.57011
	0	52	76.27582
	0	53	66.64083
	0	54	31.890438
	0	55	77.82673
	0	56	31.144823
	0	57	33.970577
	0	58	32.24903
	0	59	8.246211
	0	60	71.17584
	0	61	69.40461
	0	62	54.67175
	0	63	37.01351
	0	64	15.811388
	0	65	10.049875
	0	66	37.161808
	0	67	16.27882
	0	68	53.460266
	0	69	10.049875
	0	70	21.931713
	0	71	38.63936
	0	72	43.65776
	0	73	27.294687
	0	74	70.11419
	0	75	37.12142
	0	76	83.00603
	0	77	35.35534
	0	78	34.0
	0	79	23.600847
	0	80	31.0
	0	81	46.173584
	0	82	32.449963
	0	83	1.0
	0	84	57.00877
	0	85	14.866069
	0	86	37.48333
	0	87	26.41969
	0	88	22.203604
	0	89	27.294687
	0	90	32.649654
	0	91	6.0827627
	0	92	70.93659
	0	93	41.62932
	0	94	39.319206
	0	95	11.661903
	0	96	27.730848
	0	97	34.88553
	0	98	44.011364
	0	99	59.816387
	1	0	49.20366
	1	1	0.0
	1	2	54.405884
	1	3	59.548298
	1	4	85.2115
	1	5	25.495098
	1	6	89.94443
	1	7	26.925823
	1	8	38.470768
	1	9	13.038404
	1	10	32.649654
	1	11	42.544094
	1	12	75.96052
	1	13	54.626
	1	14	82.05486
	1	15	40.1995
	1	16	36.496574
	1	17	42.953465
	1	18	36.67424
	1	19	79.555016
	1	20	46.572525
	1	21	47.434166
	1	22	14.56022
	1	23	71.34424
	1	24	75.9276
	1	25	46.872166
	1	26	89.560036
	1	27	52.03845
	1	28	42.379242
	1	29	43.13931
	1	30	16.155495
	1	31	31.400637
	1	32	42.0119
	1	33	84.5281
	1	34	28.653097
	1	35	78.23682
	1	36	33.955853
	1	37	11.401754
	1	38	98.478424
	1	39	22.203604
	1	40	42.0
	1	41	70.00714
	1	42	41.19466
	1	43	22.090721
	1	44	22.825424
	1	45	36.496574
	1	46	28.79236
	1	47	48.259712
	1	48	40.261642
	1	49	44.04543
	1	50	30.675724
	1	51	39.812057
	1	52	33.24154
	1	53	74.323616
	1	54	81.055534
	1	55	84.53402
	1	56	42.0119
	1	57	83.09633
	1	58	26.925823
	1	59	46.52956
	1	60	76.47875
	1	61	84.118965
	1	62	12.649111
	1	63	86.21485
	1	64	64.44377
	1	65	56.568542
	1	66	15.811388
	1	67	53.14132
	1	68	39.40812
	1	69	57.982758
	1	70	71.063354
	1	71	37.01351
	1	72	55.108982
	1	73	43.104523
	1	74	53.15073
	1	75	73.1642
	1	76	38.327538
	1	77	64.195015
	1	78	16.643316
	1	79	25.612497
	1	80	39.012817
	1	81	38.483765
	1	82	49.47727
	1	83	48.60041
	1	84	15.524175
	1	85	63.51378
	1	86	65.06919
	1	87	59.03389
	1	88	71.40028
	1	89	22.671568
	1	90	24.020824
	1	91	46.647614
	1	92	38.27532
	1	93	56.568542
	1	94	35.17101
	1	95	60.80296
	1	96	44.27189
	1	97	55.00909
	1	98	14.142136
	1	99	77.87811
	2	0	74.330345
	2	1	54.405884
	2	2	0.0
	2	3	89.27486
	2	4	72.862885
	2	5	79.61156
	2	6	98.88377
	2	7	46.09772
	2	8	79.24645
	2	9	63.63961
	2	10	74.953316
	2	11	23.537205
	2	12	81.00617
	2	13	94.53042
	2	14	68.622154
	2	15	36.221542
	2	16	27.202942
	2	17	23.086792
	2	18	89.0
	2	19	78.23682
	2	20	99.282425
	2	21	31.780497
	2	22	64.40497
	2	23	29.832869
	2	24	49.92995
	2	25	19.313208
	2	26	87.61849
	2	27	46.518814
	2	28	18.439089
	2	29	74.00676
	2	30	41.62932
	2	31	70.21396
	2	32	77.23341
	2	33	58.18075
	2	34	30.805843
	2	35	94.57801
	2	36	52.009613
	2	37	43.56604
	2	38	109.59015
	2	39	51.971146
	2	40	91.76056
	2	41	95.524864
	2	42	28.160255
	2	43	40.496914
	2	44	49.24429
	2	45	38.832977
	2	46	54.230988
	2	47	6.4031243
	2	48	34.713108
	2	49	47.539455
	2	50	34.132095
	2	51	17.0
	2	52	37.64306
	2	53	38.626415
	2	54	99.92998
	2	55	43.289722
	2	56	44.14748
	2	57	102.14206
	2	58	74.330345
	2	59	66.61081
	2	60	37.107952
	2	61	51.264023
	2	62	42.520584
	2	63	103.46497
	2	64	88.45903
	2	65	84.38009
	2	66	64.884514
	2	67	64.56005
	2	68	21.0
	2	69	76.902534
	2	70	91.92388
	2	71	86.72946
	2	72	39.661064
	2	73	48.270073
	2	74	5.0
	2	75	69.63476
	2	76	42.579338
	2	77	58.5235
	2	78	62.39391
	2	79	61.188232
	2	80	43.56604
	2	81	28.160255
	2	82	94.14882
	2	83	73.33485
	2	84	40.311287
	2	85	81.7435
	2	86	57.428215
	2	87	97.18539
	2	88	90.52071
	2	89	63.324562
	2	90	45.705578
	2	91	68.46897
	2	92	20.615528
	2	93	43.266617
	2	94	35.057095
	2	95	81.78631
	2	96	87.86353
	2	97	48.76474
	2	98	67.23094
	2	99	51.62364
	3	0	15.0
	3	1	59.548298
	3	2	89.27486
	3	3	0.0
	3	4	60.307545
	3	5	54.626
	3	6	40.04997
	3	7	85.44589
	3	8	23.70654
	3	9	68.117546
	3	10	28.84441
	3	11	66.0303
	3	12	36.71512
	3	13	17.720045
	3	14	60.108234
	3	15	95.257545
	3	16	87.46428
	3	17	92.02717
	3	18	46.872166
	3	19	45.486263
	3	20	51.0
	3	21	60.299255
	3	22	46.75468
	3	23	84.89994
	3	24	71.19691
	3	25	71.0
	3	26	51.078373
	3	27	48.76474
	3	28	88.60023
	3	29	17.0
	3	30	56.364883
	3	31	28.284271
	3	32	17.691807
	3	33	75.21303
	3	34	60.63827
	3	35	25.0
	3	36	37.48333
	3	37	60.033325
	3	38	44.72136
	3	39	81.68843
	3	40	39.115215
	3	41	11.18034
	3	42	92.84934
	3	43	78.54935
	3	44	82.006096
	3	45	92.660675
	3	46	37.0
	3	47	85.84288
	3	48	55.0
	3	49	43.289722
	3	50	55.9017
	3	51	83.9345
	3	52	89.06739
	3	53	80.411446
	3	54	24.738634
	3	55	91.389275
	3	56	46.09772
	3	57	26.24881
	3	58	37.215588
	3	59	23.086792
	3	60	85.09406
	3	61	81.9878
	3	62	66.88796
	3	63	30.083218
	3	64	9.219544
	3	65	5.0990195
	3	66	45.343136
	3	67	29.15476
	3	68	68.359344
	3	69	17.20465
	3	70	16.0
	3	71	38.832977
	3	72	57.974133
	3	73	42.190044
	3	74	85.09406
	3	75	45.96738
	3	76	95.524864
	3	77	47.169907
	3	78	43.13931
	3	79	34.669872
	3	80	46.0
	3	81	61.13101
	3	82	27.166155
	3	83	16.0
	3	84	69.46222
	3	85	17.20465
	3	86	49.396355
	3	87	15.264338
	3	88	18.110771
	3	89	36.878178
	3	90	46.486557
	3	91	21.023796
	3	92	85.07056
	3	93	55.65968
	3	94	54.230988
	3	95	13.453624
	3	96	25.179358
	3	97	48.703182
	3	98	51.40039
	3	99	72.20111
	4	0	51.884487
	4	1	85.2115
	4	2	72.862885
	4	3	60.307545
	4	4	0.0
	4	5	97.49359
	4	6	37.48333
	4	7	99.92998
	4	8	72.615425
	4	9	98.12747
	4	10	73.68175
	4	11	55.072678
	4	12	25.23886
	4	13	76.843994
	4	14	4.2426405
	4	15	100.18483
	4	16	89.470665
	4	17	89.88882
	4	18	96.76776
	4	19	16.124516
	4	20	104.54664
	4	21	45.17743
	4	22	81.394104
	4	23	49.24429
	4	24	25.495098
	4	25	56.0357
	4	26	19.026299
	4	27	33.955853
	4	28	84.59905
	4	29	59.093147
	4	30	71.021126
	4	31	68.68042
	4	32	64.884514
	4	33	22.090721
	4	34	63.245552
	4	35	44.294468
	4	36	52.03845
	4	37	77.10383
	4	38	47.042534
	4	39	100.89599
	4	40	92.309265
	4	41	56.85068
	4	42	93.64828
	4	43	91.394745
	4	44	99.458534
	4	45	100.22475
	4	46	58.137768
	4	47	74.02702
	4	48	48.703182
	4	49	41.19466
	4	50	58.24088
	4	51	79.924965
	4	52	97.16995
	4	53	39.812057
	4	54	50.08992
	4	55	46.09772
	4	56	43.56604
	4	57	51.47815
	4	58	80.523285
	4	59	46.818798
	4	60	44.38468
	4	61	32.38827
	4	62	82.9759
	4	63	49.979996
	4	64	52.3259
	4	65	56.400356
	4	66	80.50466
	4	67	37.0
	4	68	60.41523
	4	69	43.829212
	4	70	49.20366
	4	71	89.537704
	4	72	35.35534
	4	73	42.107006
	4	74	67.941154
	4	75	14.764823
	4	76	104.27847
	4	77	21.023796
	4	78	76.41989
	4	79	65.76473
	4	80	46.52956
	4	81	54.626
	4	82	84.21995
	4	83	51.42956
	4	84	83.677956
	4	85	43.185646
	4	86	20.22375
	4	87	75.43209
	4	88	46.400433
	4	89	70.85902
	4	90	61.204575
	4	91	48.466484
	4	92	83.35467
	4	93	32.202484
	4	94	53.160137
	4	95	46.8615
	4	96	79.60528
	4	97	30.805843
	4	98	87.36704
	4	99	24.698177
	5	0	50.48762
	5	1	25.495098
	5	2	79.61156
	5	3	54.626
	5	4	97.49359
	5	5	0.0
	5	6	92.19544
	5	7	48.010414
	5	8	31.016125
	5	9	22.090721
	5	10	26.683329
	5	11	65.11528
	5	12	82.0975
	5	13	42.638012
	5	14	95.12623
	5	15	63.387695
	5	16	61.400326
	5	17	68.007355
	5	18	13.601471
	5	19	88.051125
	5	20	22.022715
	5	21	67.6757
	5	22	17.492855
	5	23	93.723
	5	24	93.941475
	5	25	70.00714
	5	26	97.020615
	5	27	67.77905
	5	28	67.77905
	5	29	42.579338
	5	30	38.948685
	5	31	30.066593
	5	32	38.327538
	5	33	101.76935
	5	34	51.62364
	5	35	78.160095
	5	36	46.486557
	5	37	36.05551
	5	38	98.67117
	5	39	41.04875
	5	40	21.954498
	5	41	65.795135
	5	42	65.734314
	5	43	45.891174
	5	44	43.0
	5	45	59.211487
	5	46	40.16217
	5	47	73.57309
	5	48	59.908264
	5	49	58.872746
	5	50	51.855568
	5	51	65.30697
	5	52	56.435802
	5	53	95.131485
	5	54	79.12016
	5	55	106.01887
	5	56	58.18075
	5	57	80.77747
	5	58	18.248287
	5	59	52.009613
	5	60	98.005104
	5	61	103.35376
	5	62	38.078865
	5	63	84.50444
	5	64	62.297672
	5	65	53.75872
	5	66	17.888544
	5	67	61.204575
	5	68	62.968246
	5	69	60.530983
	5	70	69.57011
	5	71	18.439089
	5	72	73.3553
	5	73	57.58472
	5	74	78.00641
	5	75	83.60024
	5	76	60.00833
	5	77	77.12976
	5	78	21.931713
	5	79	31.780497
	5	80	55.461697
	5	81	60.307545
	5	82	33.970577
	5	83	50.358715
	5	84	40.853397
	5	85	65.11528
	5	86	78.58753
	5	87	47.63402
	5	88	70.88018
	5	89	26.683329
	5	90	41.340054
	5	91	51.009804
	5	92	63.694584
	5	93	73.82411
	5	94	55.21775
	5	95	61.39218
	5	96	31.400637
	5	97	70.2282
	5	98	12.727922
	5	99	95.7549
	6	0	42.059483
	6	1	89.94443
	6	2	98.88377
	6	3	40.04997
	6	4	37.48333
	6	5	92.19544
	6	6	0.0
	6	7	112.00446
	6	8	61.66036
	6	9	101.133575
	6	10	65.51336
	6	11	76.55064
	6	12	17.888544
	6	13	57.428215
	6	14	40.112343
	6	15	117.37972
	6	16	107.563934
	6	17	110.11358
	6	18	86.28442
	6	19	23.086792
	6	20	91.02197
	6	21	67.23094
	6	22	80.411446
	6	23	82.0
	6	24	60.207973
	6	25	79.755875
	6	26	19.313208
	6	27	52.478565
	6	28	105.42296
	6	29	49.729267
	6	30	80.60397
	6	31	62.641838
	6	32	53.935146
	6	33	59.135437
	6	34	78.51752
	6	35	15.132746
	6	36	57.801384
	6	37	86.023254
	6	38	10.770329
	6	39	110.38569
	6	40	79.00633
	6	41	30.805843
	6	42	112.60995
	6	43	103.85567
	6	44	109.859
	6	45	116.0431
	6	46	61.587337
	6	47	97.94386
	6	48	66.4003
	6	49	53.90733
	6	50	72.862885
	6	51	100.4241
	6	52	112.53888
	6	53	73.82411
	6	54	17.888544
	6	55	82.0975
	6	56	57.48913
	6	57	18.027756
	6	58	73.97973
	6	59	43.416588
	6	60	78.77182
	6	61	69.00725
	6	62	93.00538
	6	63	14.866069
	6	64	31.0
	6	65	39.115215
	6	66	79.12016
	6	67	38.28838
	6	68	81.02469
	6	69	32.31099
	6	70	24.083189
	6	71	78.23043
	6	72	59.5063
	6	73	53.814495
	6	74	93.941475
	6	75	30.805843
	6	76	119.67038
	6	77	40.853397
	6	78	75.76939
	6	79	64.884514
	6	80	59.464275
	6	81	73.60027
	6	82	67.18631
	6	83	42.379242
	6	84	94.81033
	6	85	27.202942
	6	86	42.379242
	6	87	53.935146
	6	88	22.0
	6	89	69.079666
	6	90	69.2026
	6	91	43.382023
	6	92	102.941734
	6	93	55.946404
	6	94	68.76772
	6	95	30.805843
	6	96	65.00769
	6	97	50.119858
	6	98	86.034874
	6	99	60.074955
	7	0	73.661385
	7	1	26.925823
	7	2	46.09772
	7	3	85.44589
	7	4	99.92998
	7	5	48.010414
	7	6	112.00446
	7	7	0.0
	7	8	65.30697
	7	9	26.172504
	7	10	59.5063
	7	11	47.169907
	7	12	96.25487
	7	13	81.5414
	7	14	96.16652
	7	15	16.155495
	7	16	19.416489
	7	17	25.495098
	7	18	61.073727
	7	19	97.94897
	7	20	70.028564
	7	21	55.9017
	7	22	41.4367
	7	23	72.00694
	7	24	84.38009
	7	25	49.010204
	7	26	108.24047
	7	27	66.12866
	7	28	28.301943
	7	29	68.60029
	7	30	31.400637
	7	31	57.801384
	7	32	68.26419
	7	33	93.43447
	7	34	36.687874
	7	35	101.862656
	7	36	54.20332
	7	37	26.172504
	7	38	121.37957
	7	39	7.615773
	7	40	67.74216
	7	41	95.42536
	7	42	21.260292
	7	43	8.5440035
	7	44	5.0990195
	7	45	11.7046995
	7	46	50.931328
	7	47	39.92493
	7	48	51.24451
	7	49	60.373837
	7	50	41.785164
	7	51	29.15476
	7	52	10.0
	7	53	78.160095
	7	54	105.380264
	7	55	86.145226
	7	56	57.271286
	7	57	107.51744
	7	58	53.75872
	7	59	69.354164
	7	60	78.63841
	7	61	90.005554
	7	62	19.104973
	7	63	110.308655
	7	64	89.37561
	7	65	82.006096
	7	66	42.72002
	7	67	73.817345
	7	68	42.047592
	7	69	81.34495
	7	70	95.524864
	7	71	62.968246
	7	72	65.51336
	7	73	59.94164
	7	74	47.434166
	7	75	90.37699
	7	76	12.0
	7	77	79.84986
	7	78	43.382023
	7	79	50.803543
	7	80	54.56189
	7	81	45.891174
	7	82	76.243034
	7	83	72.91776
	7	84	17.20465
	7	85	87.0
	7	86	80.05623
	7	87	85.90693
	7	88	95.462036
	7	89	48.8774
	7	90	42.80187
	7	91	70.00714
	7	92	25.495098
	7	93	68.154236
	7	94	46.818798
	7	95	84.8646
	7	96	71.168816
	7	97	69.289246
	7	98	39.812057
	7	99	86.37129
	8	0	21.377558
	8	1	38.470768
	8	2	79.24645
	8	3	23.70654
	8	4	72.615425
	8	5	31.016125
	8	6	61.66036
	8	7	65.30697
	8	8	0.0
	8	9	45.276924
	8	10	5.8309517
	8	11	58.189346
	8	12	53.460266
	8	13	16.492422
	8	14	71.11259
	8	15	77.201035
	8	16	71.021126
	8	17	76.53104
	8	18	25.079872
	8	19	60.63827
	8	20	31.95309
	8	21	55.946404
	8	22	24.41311
	8	23	83.00603
	8	24	75.74299
	8	25	63.56886
	8	26	68.593
	8	27	49.517673
	8	28	74.10803
	8	29	13.601471
	8	30	40.112343
	8	31	9.055386
	8	32	8.062258
	8	33	82.006096
	8	34	48.507732
	8	35	47.296936
	8	36	30.016663
	8	37	41.976185
	8	38	67.72001
	8	39	60.53924
	8	40	19.697716
	8	41	34.88553
	8	42	76.29548
	8	43	59.464275
	8	44	61.294373
	8	45	74.0
	8	46	25.632011
	8	47	74.54529
	8	48	48.754486
	8	49	41.231056
	8	50	45.35416
	8	51	70.00714
	8	52	70.5195
	8	53	81.21576
	8	54	48.104053
	8	55	92.61749
	8	56	42.43819
	8	57	49.76947
	8	58	13.601471
	8	59	25.942244
	8	60	85.2115
	8	61	86.27862
	8	62	48.08326
	8	63	53.488316
	8	64	31.320919
	8	65	22.803509
	8	66	23.021729
	8	67	35.77709
	8	68	58.694122
	8	69	31.144823
	8	70	38.600517
	8	71	17.262676
	8	72	57.628117
	8	73	39.824615
	8	74	75.9276
	8	75	57.939625
	8	76	76.321686
	8	77	54.378304
	8	78	21.931713
	8	79	18.110771
	8	80	40.81666
	8	81	52.810986
	8	82	15.231546
	8	83	21.587032
	8	84	50.96077
	8	85	35.014282
	8	86	56.302753
	8	87	20.615528
	8	88	40.024994
	8	89	17.262676
	8	90	33.54102
	8	91	24.166092
	8	92	70.178345
	8	93	56.63921
	8	94	45.88028
	8	95	31.06445
	8	96	8.944272
	8	97	50.931328
	8	98	28.284271
	8	99	77.23341
	9	0	59.5399
	9	1	13.038404
	9	2	63.63961
	9	3	68.117546
	9	4	98.12747
	9	5	22.090721
	9	6	101.133575
	9	7	26.172504
	9	8	45.276924
	9	9	0.0
	9	10	39.59798
	9	11	54.626
	9	12	87.93179
	9	13	60.216278
	9	14	95.02105
	9	15	41.976185
	9	16	41.59327
	9	17	48.30114
	9	18	35.510563
	9	19	91.983696
	9	20	44.011364
	9	21	60.166435
	9	22	21.400934
	9	23	83.18654
	9	24	88.84256
	9	25	58.59181
	9	26	101.86756
	9	27	65.06919
	9	28	49.09175
	9	29	52.69725
	9	30	28.86174
	9	31	40.0
	9	32	50.447994
	9	33	97.49359
	9	34	40.853397
	9	35	88.68484
	9	36	46.52956
	9	37	23.409399
	9	38	109.17875
	9	39	19.0
	9	40	43.011627
	9	41	79.025314
	9	42	45.310043
	9	43	25.495098
	9	44	21.095022
	9	45	37.65634
	9	46	41.0
	9	47	57.280014
	9	48	53.15073
	9	49	57.00877
	9	50	43.416588
	9	51	47.63402
	9	52	35.17101
	9	53	86.72946
	9	54	90.97253
	9	55	96.66437
	9	56	55.03635
	9	57	92.91394
	9	58	32.01562
	9	59	57.939625
	9	60	88.63972
	9	61	96.84007
	9	62	21.400934
	9	63	96.25487
	9	64	74.06078
	9	65	65.802734
	9	66	22.803509
	9	67	65.25335
	9	68	51.0
	9	69	68.8767
	9	70	80.99383
	9	71	38.626415
	9	72	68.06615
	9	73	56.0357
	9	74	63.126858
	9	75	85.84288
	9	76	38.118237
	9	77	77.10383
	9	78	25.553865
	9	79	36.249138
	9	80	52.03845
	9	81	50.92151
	9	82	53.235325
	9	83	59.05929
	9	84	23.345236
	9	85	74.24284
	9	86	78.025635
	9	87	65.0
	9	88	81.63332
	9	89	32.24903
	9	90	37.0
	9	91	57.77543
	9	92	45.221676
	9	93	69.58448
	9	94	48.052055
	9	95	71.19691
	9	96	49.09175
	9	97	68.0294
	9	98	17.029387
	9	99	90.80198
	10	0	24.020824
	10	1	32.649654
	10	2	74.953316
	10	3	28.84441
	10	4	73.68175
	10	5	26.683329
	10	6	65.51336
	10	7	59.5063
	10	8	5.8309517
	10	9	39.59798
	10	10	0.0
	10	11	54.626
	10	12	56.0357
	10	13	22.135944
	10	14	71.867935
	10	15	71.568146
	10	16	65.62012
	10	17	71.25307
	10	18	23.086792
	10	19	62.649822
	10	20	31.38471
	10	21	53.25411
	10	22	18.601076
	10	23	80.44874
	10	24	74.8131
	10	25	60.00833
	10	26	71.11259
	10	27	48.270073
	10	28	69.00725
	10	29	16.03122
	10	30	35.0
	10	31	5.656854
	10	32	11.7046995
	10	33	81.5414
	10	34	44.14748
	10	35	51.546097
	10	36	27.658634
	10	37	36.496574
	10	38	72.11102
	10	39	54.708317
	10	40	19.849434
	10	41	39.962482
	10	42	70.85902
	10	43	53.75872
	10	44	55.470715
	10	45	68.30813
	10	46	22.472204
	10	47	70.035706
	10	48	45.79301
	10	49	39.623226
	10	50	41.4367
	10	51	65.03076
	10	52	64.84597
	10	53	79.30952
	10	54	52.801514
	10	55	90.68627
	10	56	40.36087
	10	57	54.56189
	10	58	8.5440035
	10	59	26.925823
	10	60	83.09633
	10	61	85.146935
	10	62	42.44997
	10	63	58.18075
	10	64	35.846897
	10	65	27.313
	10	66	17.20465
	10	67	36.687874
	10	68	54.708317
	10	69	34.058773
	10	70	43.081318
	10	71	16.124516
	10	72	55.86591
	10	73	38.209946
	10	74	71.8401
	10	75	59.20304
	10	76	70.5762
	10	77	54.56189
	10	78	16.155495
	10	79	13.928389
	10	80	38.418747
	10	81	49.24429
	10	82	19.235384
	10	83	24.0
	10	84	45.35416
	10	85	38.470768
	10	86	56.35601
	10	87	26.400757
	10	88	44.27189
	10	89	12.0
	10	90	29.410883
	10	91	25.495098
	10	92	65.03076
	10	93	55.226807
	10	94	42.48529
	10	95	34.713108
	10	96	13.038404
	10	97	50.0
	10	98	22.671568
	10	99	76.40026
	11	0	51.0392
	11	1	42.544094
	11	2	23.537205
	11	3	66.0303
	11	4	55.072678
	11	5	65.11528
	11	6	76.55064
	11	7	47.169907
	11	8	58.189346
	11	9	54.626
	11	10	54.626
	11	11	0.0
	11	12	58.821766
	11	13	72.56721
	11	14	51.0
	11	15	45.188496
	11	16	34.43835
	11	17	35.0
	11	18	72.00694
	11	19	57.280014
	11	20	82.20097
	11	21	10.0
	11	22	48.104053
	11	23	28.84441
	11	24	37.215588
	11	25	5.3851647
	11	26	67.20863
	11	27	24.207438
	11	28	29.832869
	11	29	51.351727
	11	30	26.627054
	11	31	49.396355
	11	32	55.108982
	11	33	46.270943
	11	34	13.892444
	11	35	71.30919
	11	36	29.274563
	11	37	31.304953
	11	38	87.13208
	11	39	50.08992
	11	40	73.061615
	11	41	72.00694
	11	42	38.587563
	11	43	39.012817
	11	44	48.010414
	11	45	45.54119
	11	46	32.572994
	11	47	21.470911
	11	48	11.18034
	11	49	24.04163
	11	50	13.601471
	11	51	25.0
	11	52	42.72002
	11	53	32.280025
	11	54	76.55064
	11	55	42.047592
	11	56	20.615528
	11	57	78.77182
	11	58	55.758408
	11	59	43.185646
	11	60	34.0147
	11	61	43.289722
	11	62	34.20526
	11	63	80.23092
	11	64	64.93843
	11	65	61.073727
	11	66	48.166378
	11	67	41.109608
	11	68	5.3851647
	11	69	53.366657
	11	70	68.41052
	11	71	68.26419
	11	72	19.723083
	11	73	24.738634
	11	74	19.104973
	11	75	48.79549
	11	76	49.648766
	11	77	37.48333
	11	78	44.82187
	11	79	40.718548
	11	80	20.09975
	11	81	5.3851647
	11	82	73.38937
	11	83	50.039986
	11	84	33.54102
	11	85	58.24088
	11	86	36.878178
	11	87	74.8131
	11	88	67.052216
	11	89	43.908997
	11	90	25.553865
	11	91	45.099888
	11	92	28.301943
	11	93	23.021729
	11	94	12.369317
	11	95	58.249462
	11	96	67.06713
	11	97	26.907248
	11	98	52.40229
	11	99	39.20459
	12	0	32.140316
	12	1	75.96052
	12	2	81.00617
	12	3	36.71512
	12	4	25.23886
	12	5	82.0975
	12	6	17.888544
	12	7	96.25487
	12	8	53.460266
	12	9	87.93179
	12	10	56.0357
	12	11	58.821766
	12	12	0.0
	12	13	54.129475
	12	14	26.400757
	12	15	100.56838
	12	16	90.52071
	12	17	92.76314
	12	18	78.51752
	12	19	9.219544
	12	20	84.92938
	12	21	49.396355
	12	22	68.24954
	12	23	64.77654
	12	24	44.102154
	12	25	61.91123
	12	26	15.132746
	12	27	34.669872
	12	28	87.965904
	12	29	40.112343
	12	30	65.0
	12	31	52.03845
	12	32	45.39824
	12	33	44.64303
	12	34	61.6198
	12	35	19.313208
	12	36	42.48529
	12	37	70.71068
	12	38	28.635643
	12	39	95.29428
	12	40	72.56721
	12	41	31.827662
	12	42	95.462036
	12	43	87.92042
	12	44	94.51455
	12	45	99.48869
	12	46	47.169907
	12	47	80.1561
	12	48	48.9183
	12	49	36.796738
	12	50	55.97321
	12	51	82.9759
	12	52	96.04687
	12	53	57.07889
	12	54	25.298222
	12	55	66.1211
	12	56	40.311287
	12	57	26.925823
	12	58	64.00781
	12	59	30.413813
	12	60	62.072536
	12	61	53.75872
	12	62	77.52419
	12	63	26.172504
	12	64	28.01785
	12	65	33.61547
	12	66	67.08204
	12	67	22.847319
	12	68	63.411354
	12	69	22.36068
	12	70	24.083189
	12	71	70.71068
	12	72	41.62932
	12	73	36.878178
	12	74	76.05919
	12	75	14.035668
	12	76	103.23275
	12	77	23.086792
	12	78	63.348244
	12	79	52.17279
	12	80	42.520584
	12	81	56.0803
	12	82	62.625874
	12	83	32.06244
	12	84	79.07591
	12	85	19.697716
	12	86	24.738634
	12	87	51.971146
	12	88	21.260292
	12	89	56.88585
	12	90	53.712196
	12	91	31.144823
	12	92	85.632935
	12	93	38.078865
	12	94	51.62364
	12	95	23.769728
	12	96	58.940647
	12	97	32.24903
	12	98	74.1485
	12	99	44.28318
	13	0	26.24881
	13	1	54.626
	13	2	94.53042
	13	3	17.720045
	13	4	76.843994
	13	5	42.638012
	13	6	57.428215
	13	7	81.5414
	13	8	16.492422
	13	9	60.216278
	13	10	22.135944
	13	11	72.56721
	13	12	54.129475
	13	13	0.0
	13	14	76.2168
	13	15	93.680305
	13	16	87.47571
	13	17	92.91394
	13	18	32.202484
	13	19	62.649822
	13	20	34.36568
	13	21	68.94926
	13	22	40.24922
	13	23	95.34149
	13	24	84.811554
	13	25	77.87811
	13	26	68.70953
	13	27	60.033325
	13	28	90.35486
	13	29	21.931713
	13	30	56.435802
	13	31	25.179358
	13	32	17.464249
	13	33	89.87213
	13	34	64.070274
	13	35	42.296574
	13	36	43.416588
	13	37	58.463665
	13	38	61.073727
	13	39	76.47875
	13	40	23.409399
	13	41	27.0
	13	42	92.76314
	13	43	75.89466
	13	44	77.388626
	13	45	90.44335
	13	46	40.311287
	13	47	90.13878
	13	48	62.361847
	13	49	52.801514
	13	50	60.40695
	13	51	86.145226
	13	52	86.977005
	13	53	92.28217
	13	54	41.01219
	13	55	103.58572
	13	56	54.781384
	13	57	42.107006
	13	58	28.301943
	13	59	33.83785
	13	60	96.64885
	13	61	95.60335
	13	62	64.56005
	13	63	46.09772
	13	64	26.925823
	13	65	20.59126
	13	66	38.910152
	13	67	42.520584
	13	68	73.68175
	13	69	33.01515
	13	70	33.37664
	13	71	24.698177
	13	72	68.88396
	13	73	51.47815
	13	74	90.934044
	13	75	62.201286
	13	76	92.69843
	13	77	61.554855
	13	78	38.27532
	13	79	34.058773
	13	80	53.75872
	13	81	67.26812
	13	82	10.198039
	13	83	27.018513
	13	84	67.44627
	13	85	34.43835
	13	86	63.702435
	13	87	5.0
	13	88	35.69314
	13	89	33.734257
	13	90	49.0408
	13	91	31.622776
	13	92	86.46965
	13	93	67.23094
	13	94	60.207973
	13	95	30.413813
	13	96	11.313708
	13	97	60.74537
	13	98	43.266617
	13	99	86.05231
	14	0	50.77401
	14	1	82.05486
	14	2	68.622154
	14	3	60.108234
	14	4	4.2426405
	14	5	95.12623
	14	6	40.112343
	14	7	96.16652
	14	8	71.11259
	14	9	95.02105
	14	10	71.867935
	14	11	51.0
	14	12	26.400757
	14	13	76.2168
	14	14	0.0
	14	15	96.150925
	14	16	85.42248
	14	17	85.75546
	14	18	94.92102
	14	19	17.720045
	14	20	102.9563
	14	21	41.14608
	14	22	78.77182
	14	23	45.17743
	14	24	21.540659
	14	25	51.86521
	14	26	22.36068
	14	27	30.413813
	14	28	80.454956
	14	29	57.706154
	14	30	67.601776
	14	31	66.730804
	14	32	63.529522
	14	33	19.026299
	14	34	59.48109
	14	35	45.694637
	14	36	49.25444
	14	37	73.68175
	14	38	50.01
	14	39	97.29337
	14	40	90.80198
	14	41	57.428215
	14	42	89.55445
	14	43	87.64131
	14	44	95.80188
	14	45	96.25487
	14	46	55.443665
	14	47	69.81404
	14	48	44.922153
	14	49	38.013157
	14	50	54.571056
	14	51	75.802376
	14	52	93.230896
	14	53	35.846897
	14	54	51.62364
	14	55	42.579338
	14	56	40.1995
	14	57	53.14132
	14	58	78.44743
	14	59	45.188496
	14	60	40.496914
	14	61	29.068884
	14	62	79.429214
	14	63	51.92302
	14	64	52.49762
	14	65	55.97321
	14	66	77.92946
	14	67	35.341194
	14	68	56.35601
	14	69	43.27817
	14	70	49.92995
	14	71	87.84646
	14	72	31.304953
	14	73	39.0
	14	74	63.702435
	14	75	14.142136
	14	76	100.31949
	14	77	18.110771
	14	78	73.82411
	14	79	63.348244
	14	80	43.185646
	14	81	50.695168
	14	82	83.21658
	14	83	50.24938
	14	84	80.04999
	14	85	43.185646
	14	86	17.0
	14	87	75.073296
	14	88	47.169907
	14	89	68.44706
	14	90	58.034473
	14	91	46.957428
	14	92	79.25907
	14	93	28.231188
	14	94	49.47727
	14	95	46.66905
	14	96	78.39005
	14	97	27.294687
	14	98	84.71718
	14	99	20.880613
	15	0	82.1523
	15	1	40.1995
	15	2	36.221542
	15	3	95.257545
	15	4	100.18483
	15	5	63.387695
	15	6	117.37972
	15	7	16.155495
	15	8	77.201035
	15	9	41.976185
	15	10	71.568146
	15	11	45.188496
	15	12	100.56838
	15	13	93.680305
	15	14	96.150925
	15	15	0.0
	15	16	10.770329
	15	17	13.152946
	15	18	76.05919
	15	19	100.80179
	15	20	85.37564
	15	21	55.00909
	15	22	54.589375
	15	23	65.06919
	15	24	81.32035
	15	25	45.221676
	15	26	111.01801
	15	27	67.6757
	15	28	18.0
	15	29	78.26238
	15	30	38.948685
	15	31	68.94926
	15	32	78.92401
	15	33	90.24966
	15	34	38.948685
	15	35	108.85311
	15	36	60.60528
	15	37	35.468296
	15	38	127.349915
	15	39	23.769728
	15	40	82.0975
	15	41	104.44616
	15	42	8.062258
	15	43	18.110771
	15	44	21.189621
	15	45	4.472136
	15	46	58.830265
	15	47	31.0
	15	48	52.43091
	15	49	63.780876
	15	50	44.598206
	15	51	21.377558
	15	52	7.0
	15	53	72.691124
	15	54	113.004425
	15	55	79.00633
	15	56	60.307545
	15	57	115.2085
	15	58	66.910385
	15	59	76.6094
	15	60	72.1734
	15	61	85.158676
	15	62	29.12044
	15	63	117.61378
	15	64	97.94386
	15	65	91.3017
	15	66	55.7315
	15	67	79.24645
	15	68	39.812057
	15	69	88.60023
	15	70	103.4698
	15	71	77.16217
	15	72	64.84597
	15	73	63.702435
	15	74	39.0
	15	75	92.65527
	15	76	6.708204
	15	77	81.5414
	15	78	55.542778
	15	79	60.926186
	15	80	58.0517
	15	81	45.79301
	15	82	89.44272
	15	83	81.3019
	15	84	26.24881
	15	85	94.20191
	15	86	81.3019
	15	87	97.71899
	15	88	103.00485
	15	89	60.083275
	15	90	49.648766
	15	91	77.665955
	15	92	17.464249
	15	93	68.0
	15	94	49.0408
	15	95	92.65527
	15	96	83.95237
	15	97	70.724815
	15	98	54.037025
	15	99	83.240616
	16	0	73.790245
	16	1	36.496574
	16	2	27.202942
	16	3	87.46428
	16	4	89.470665
	16	5	61.400326
	16	6	107.563934
	16	7	19.416489
	16	8	71.021126
	16	9	41.59327
	16	10	65.62012
	16	11	34.43835
	16	12	90.52071
	16	13	87.47571
	16	14	85.42248
	16	15	10.770329
	16	16	0.0
	16	17	6.708204
	16	18	73.1642
	16	19	90.426765
	16	20	82.9759
	16	21	44.294468
	16	22	50.039986
	16	23	55.00909
	16	24	70.60453
	16	25	34.48188
	16	26	100.60318
	16	27	57.201397
	16	28	8.944272
	16	29	70.5762
	16	30	31.320919
	16	31	62.369865
	16	32	71.8401
	16	33	79.555016
	16	34	29.068884
	16	35	99.62429
	16	36	51.62364
	16	37	29.15476
	16	38	117.68602
	16	39	26.172504
	16	40	78.23043
	16	41	96.150925
	16	42	5.3851647
	16	43	16.124516
	16	44	23.345236
	16	45	12.0
	16	46	50.566788
	16	47	21.377558
	16	48	42.0119
	16	49	53.740116
	16	50	34.713108
	16	51	11.0
	16	52	10.440307
	16	53	62.289646
	16	54	104.00961
	16	55	69.065186
	16	56	50.20956
	16	57	106.23088
	16	58	62.008064
	16	59	67.74216
	16	60	62.008064
	16	61	74.672615
	16	62	24.083189
	16	63	108.46658
	16	64	89.470665
	16	65	83.25864
	16	66	51.009804
	16	67	69.656296
	16	68	29.068884
	16	69	79.61156
	16	70	94.66784
	16	71	73.171036
	16	72	54.120235
	16	73	53.75872
	16	74	29.274563
	16	75	82.20097
	16	76	16.03122
	16	77	71.02816
	16	78	50.08992
	16	79	53.851646
	16	80	48.104053
	16	81	35.22783
	16	82	84.21401
	16	83	72.89719
	16	84	21.095022
	16	85	85.146935
	16	86	70.724815
	16	87	91.21951
	16	88	94.031906
	16	89	53.75872
	16	90	41.14608
	16	91	68.96376
	16	92	7.0
	16	93	57.306194
	16	94	38.8973
	16	95	83.86298
	16	96	78.40918
	16	97	60.216278
	16	98	50.635956
	16	99	72.53275
	17	0	78.0
	17	1	42.953465
	17	2	23.086792
	17	3	92.02717
	17	4	89.88882
	17	5	68.007355
	17	6	110.11358
	17	7	25.495098
	17	8	76.53104
	17	9	48.30114
	17	10	71.25307
	17	11	35.0
	17	12	92.76314
	17	13	92.91394
	17	14	85.75546
	17	15	13.152946
	17	16	6.708204
	17	17	0.0
	17	18	79.624115
	17	19	92.021736
	17	20	89.498604
	17	21	45.0
	17	22	56.22277
	17	23	52.23983
	17	24	69.641945
	17	25	34.0
	17	26	102.0686
	17	27	58.728188
	17	28	5.3851647
	17	29	75.28612
	17	30	36.496574
	17	31	67.74216
	17	32	76.902534
	17	33	78.434685
	17	34	32.24903
	17	35	102.92716
	17	36	55.461697
	17	37	35.0
	17	38	120.4201
	17	39	32.55764
	17	40	84.48077
	17	41	100.31949
	17	42	5.0990195
	17	43	22.825424
	17	44	29.732138
	17	45	16.155495
	17	46	55.027267
	17	47	18.110771
	17	48	43.863426
	17	49	56.22277
	17	50	37.735924
	17	51	10.0
	17	52	15.811388
	17	53	60.207973
	17	54	107.54069
	17	55	66.068146
	17	56	52.63079
	17	57	109.77249
	17	58	68.0294
	17	59	71.55418
	17	60	59.413803
	17	61	72.780495
	17	62	30.413813
	17	63	111.83023
	17	64	93.52005
	17	65	87.66413
	17	66	57.14018
	17	67	72.67049
	17	68	29.832869
	17	69	83.240616
	17	70	98.4124
	17	71	79.40403
	17	72	54.644306
	17	73	56.400356
	17	74	26.076809
	17	75	83.630135
	17	76	19.646883
	17	77	72.34639
	17	78	56.0
	17	79	59.03389
	17	80	50.803543
	17	81	36.769554
	17	82	90.04999
	17	83	77.07788
	17	84	27.45906
	17	85	88.68484
	17	86	71.8401
	17	87	96.50906
	17	88	97.6166
	17	89	59.3043
	17	90	45.54119
	17	91	72.91776
	17	92	7.2111025
	17	93	58.00862
	17	94	41.400482
	17	95	87.658424
	17	96	84.14868
	17	97	61.6198
	17	98	57.070133
	17	99	71.51224
	18	0	46.389652
	18	1	36.67424
	18	2	89.0
	18	3	46.872166
	18	4	96.76776
	18	5	13.601471
	18	6	86.28442
	18	7	61.073727
	18	8	25.079872
	18	9	35.510563
	18	10	23.086792
	18	11	72.00694
	18	12	78.51752
	18	13	32.202484
	18	14	94.92102
	18	15	76.05919
	18	16	73.1642
	18	17	79.624115
	18	18	0.0
	18	19	85.51023
	18	20	10.29563
	18	21	72.835434
	18	22	24.596748
	18	23	99.764725
	18	24	96.79876
	18	25	77.201035
	18	26	93.64828
	18	27	70.178345
	18	28	78.84795
	18	29	38.470768
	18	30	47.41308
	18	31	28.231188
	18	32	33.13608
	18	33	103.94229
	18	34	59.36329
	18	35	71.568146
	18	36	48.82622
	18	37	45.88028
	18	38	91.591484
	18	39	54.33231
	18	40	9.219544
	18	41	57.72348
	18	42	77.781746
	18	43	58.21512
	18	44	56.142673
	18	45	72.00694
	18	46	42.80187
	18	47	83.25864
	18	48	65.053825
	18	49	61.294373
	18	50	58.412327
	18	51	75.89466
	18	52	69.065186
	18	53	99.90495
	18	54	71.5891
	18	55	111.12605
	18	56	61.400326
	18	57	73.00685
	18	58	17.20465
	18	59	50.0
	18	60	103.27633
	18	61	106.83164
	18	62	49.24429
	18	63	76.902534
	18	64	55.443665
	18	65	47.169907
	18	66	24.186773
	18	67	59.77458
	18	68	70.724815
	18	69	56.22277
	18	70	62.649822
	18	71	8.062258
	18	72	77.00649
	18	73	59.908264
	18	74	86.833176
	18	75	82.28001
	18	76	73.061615
	18	77	77.47257
	18	78	27.202942
	18	79	33.600594
	18	80	59.03389
	18	81	66.8431
	18	82	22.472204
	18	83	46.52956
	18	84	52.17279
	18	85	60.00833
	18	86	79.20227
	18	87	37.12142
	18	88	64.381676
	18	89	29.068884
	18	90	46.75468
	18	91	48.507732
	18	92	74.726166
	18	93	76.843994
	18	94	60.876926
	18	95	56.0
	18	96	21.84033
	18	97	72.20111
	18	98	22.561028
	18	99	98.478424
	19	0	39.293766
	19	1	79.555016
	19	2	78.23682
	19	3	45.486263
	19	4	16.124516
	19	5	88.051125
	19	6	23.086792
	19	7	97.94897
	19	8	60.63827
	19	9	91.983696
	19	10	62.649822
	19	11	57.280014
	19	12	9.219544
	19	13	62.649822
	19	14	17.720045
	19	15	100.80179
	19	16	90.426765
	19	17	92.021736
	19	18	85.51023
	19	19	0.0
	19	20	92.44458
	19	21	47.423622
	19	22	73.24616
	19	23	59.20304
	19	24	37.12142
	19	25	59.665737
	19	26	10.29563
	19	27	33.30165
	19	28	87.0
	19	29	47.07441
	19	30	67.23094
	19	31	58.21512
	19	32	52.63079
	19	33	36.496574
	19	34	62.1289
	19	35	28.178005
	19	36	45.607018
	19	37	73.1642
	19	38	33.54102
	19	39	97.6934
	19	40	80.08121
	19	41	41.036568
	19	42	95.131485
	19	43	89.470665
	19	44	96.66437
	19	45	100.12492
	19	46	50.990196
	19	47	78.10249
	19	48	48.414875
	19	49	37.589893
	19	50	56.603886
	19	51	82.073135
	19	52	96.79876
	19	53	50.803543
	19	54	34.0147
	19	55	59.03389
	19	56	40.81666
	19	57	35.468296
	19	58	70.256676
	19	59	36.05551
	19	60	55.7315
	19	61	46.09772
	19	62	79.70571
	19	63	34.20526
	19	64	37.01351
	19	65	42.059483
	19	66	72.1734
	19	67	27.073973
	19	68	62.241467
	19	69	30.083218
	19	70	33.30165
	19	71	77.87811
	19	72	38.600517
	19	73	38.013157
	19	74	73.239334
	19	75	8.602325
	19	76	104.00961
	19	77	19.849434
	19	78	68.26419
	19	79	57.14018
	19	80	43.416588
	19	81	55.31727
	19	82	70.77429
	19	83	39.051247
	19	84	80.95678
	19	85	28.301943
	19	86	20.808653
	19	87	60.74537
	19	88	30.479502
	19	89	62.072536
	19	90	56.302753
	19	91	37.215588
	19	92	85.04117
	19	93	35.0
	19	94	51.86521
	19	95	32.24903
	19	96	66.730804
	19	97	30.413813
	19	98	79.22752
	19	99	37.01351
	20	0	53.160137
	20	1	46.572525
	20	2	99.282425
	20	3	51.0
	20	4	104.54664
	20	5	22.022715
	20	6	91.02197
	20	7	70.028564
	20	8	31.95309
	20	9	44.011364
	20	10	31.38471
	20	11	82.20097
	20	12	84.92938
	20	13	34.36568
	20	14	102.9563
	20	15	85.37564
	20	16	82.9759
	20	17	89.498604
	20	18	10.29563
	20	19	92.44458
	20	20	0.0
	20	21	82.75868
	20	22	34.88553
	20	23	109.786156
	20	24	106.01887
	20	25	87.41853
	20	26	100.02
	20	27	79.40403
	20	28	88.88757
	20	29	45.54119
	20	30	57.706154
	20	31	36.891735
	20	32	39.849716
	20	33	112.898186
	20	34	69.641945
	20	35	76.0
	20	36	58.258045
	20	37	56.0803
	20	38	95.33625
	20	39	63.007935
	20	40	12.369317
	20	41	61.204575
	20	42	87.47571
	20	43	67.74216
	20	44	65.00769
	20	45	81.22192
	20	46	52.40229
	20	47	93.52005
	20	48	75.00667
	20	49	70.60453
	20	50	68.60029
	20	51	86.034874
	20	52	78.40918
	20	53	109.65856
	20	54	75.23962
	20	55	120.93387
	20	56	70.93659
	20	57	76.41989
	20	58	26.870058
	20	59	57.77543
	20	60	113.137085
	20	61	116.21101
	20	62	59.20304
	20	63	80.399
	20	64	60.033325
	20	65	52.23983
	20	66	34.48188
	20	67	67.62396
	20	68	80.99383
	20	69	62.58594
	20	70	67.0
	20	71	15.264338
	20	72	86.55634
	20	73	69.2026
	20	74	97.128784
	20	75	89.88882
	20	76	82.02438
	20	77	85.883644
	20	78	37.44329
	20	79	43.185646
	20	80	68.68042
	20	81	77.00649
	20	82	24.186773
	20	83	53.450912
	20	84	62.0967
	20	85	65.76473
	20	86	87.70975
	20	87	38.832977
	20	88	69.02898
	20	89	38.8973
	20	90	56.85068
	20	91	56.0803
	20	92	84.77028
	20	93	86.21485
	20	94	70.93659
	20	95	61.66036
	20	96	26.172504
	20	97	81.27115
	20	98	32.572994
	20	99	107.647575
	21	0	45.39824
	21	1	47.434166
	21	2	31.780497
	21	3	60.299255
	21	4	45.17743
	21	5	67.6757
	21	6	67.23094
	21	7	55.9017
	21	8	55.946404
	21	9	60.166435
	21	10	53.25411
	21	11	10.0
	21	12	49.396355
	21	13	68.94926
	21	14	41.14608
	21	15	55.00909
	21	16	44.294468
	21	17	45.0
	21	18	72.835434
	21	19	47.423622
	21	20	82.75868
	21	21	0.0
	21	22	50.219517
	21	23	27.202942
	21	24	29.068884
	21	25	12.529964
	21	26	57.280014
	21	27	14.764823
	21	28	39.824615
	21	29	47.127487
	21	30	31.320919
	21	31	47.707443
	21	32	51.62364
	21	33	38.013157
	21	34	20.024984
	21	35	62.936478
	21	36	25.942244
	21	37	36.878178
	21	38	77.89737
	21	39	58.077534
	21	40	72.62231
	21	41	65.12296
	21	42	48.548943
	21	43	47.518417
	21	44	56.22277
	21	45	55.154327
	21	46	30.805843
	21	47	30.805843
	21	48	7.81025
	21	49	17.029387
	21	50	16.763054
	21	51	35.0
	21	52	52.201534
	21	53	27.45906
	21	54	68.41052
	21	55	38.418747
	21	56	14.3178215
	21	57	70.60453
	21	58	55.9017
	21	59	37.215588
	21	60	30.479502
	21	61	36.687874
	21	62	41.109608
	21	63	71.7844
	21	64	58.077534
	21	65	55.226807
	21	66	50.0
	21	67	33.37664
	21	68	15.264338
	21	69	46.173584
	21	70	60.827625
	21	71	68.117546
	21	72	9.848858
	21	73	18.110771
	21	74	26.925823
	21	75	38.8973
	21	76	59.236813
	21	77	27.58623
	21	78	46.227695
	21	79	39.824615
	21	80	15.231546
	21	81	10.049875
	21	82	71.11962
	21	83	44.407207
	21	84	41.0
	21	85	50.635956
	21	86	26.907248
	21	87	70.60453
	21	88	59.22837
	21	89	43.863426
	21	90	26.400757
	21	91	39.319206
	21	92	38.27532
	21	93	13.038404
	21	94	12.529964
	21	95	51.156624
	21	96	64.884514
	21	97	17.20465
	21	98	55.226807
	21	99	31.06445
	22	0	38.483765
	22	1	14.56022
	22	2	64.40497
	22	3	46.75468
	22	4	81.394104
	22	5	17.492855
	22	6	80.411446
	22	7	41.4367
	22	8	24.41311
	22	9	21.400934
	22	10	18.601076
	22	11	48.104053
	22	12	68.24954
	22	13	40.24922
	22	14	78.77182
	22	15	54.589375
	22	16	50.039986
	22	17	56.22277
	22	18	24.596748
	22	19	73.24616
	22	20	34.88553
	22	21	50.219517
	22	22	0.0
	22	23	76.48529
	22	24	76.55717
	22	25	53.15073
	22	26	82.73451
	22	27	50.596443
	22	28	54.91812
	22	29	31.38471
	22	30	22.825424
	22	31	18.601076
	22	32	29.068884
	22	33	84.50444
	22	34	35.0
	22	35	67.53518
	22	36	29.614185
	22	37	21.587032
	22	38	88.10221
	22	39	36.23534
	22	40	28.284271
	22	41	57.628117
	22	42	55.0
	22	43	36.496574
	22	44	37.161808
	22	45	50.990196
	22	46	23.345236
	22	47	58.694122
	22	48	42.43819
	22	49	41.761227
	22	50	34.655445
	22	51	51.662365
	22	52	47.67599
	22	53	77.665955
	22	54	69.641945
	22	55	88.60023
	22	56	40.853397
	22	57	71.561165
	22	58	12.369317
	22	59	37.85499
	22	60	80.60397
	22	61	85.883644
	22	62	26.0
	22	63	74.94665
	22	64	52.69725
	22	65	44.407207
	22	66	1.4142135
	22	67	46.173584
	22	68	46.400433
	22	69	48.104053
	22	70	59.682495
	22	71	23.194826
	22	72	55.9017
	22	73	40.5216
	22	74	62.26556
	22	75	68.007355
	22	76	52.886673
	22	77	60.671246
	22	78	5.0
	22	79	16.124516
	22	80	38.078865
	22	81	43.13931
	22	82	34.928497
	22	83	38.078865
	22	84	29.0
	22	85	53.310413
	22	86	61.983868
	22	87	44.777225
	22	88	60.41523
	22	89	11.401754
	22	90	23.853722
	22	91	37.363083
	22	92	50.803543
	22	93	56.462376
	22	94	37.802116
	22	95	50.08992
	22	96	29.732138
	22	97	53.160137
	22	98	6.0
	22	99	78.39005
	23	0	70.5195
	23	1	71.34424
	23	2	29.832869
	23	3	84.89994
	23	4	49.24429
	23	5	93.723
	23	6	82.0
	23	7	72.00694
	23	8	83.00603
	23	9	83.18654
	23	10	80.44874
	23	11	28.84441
	23	12	64.77654
	23	13	95.34149
	23	14	45.17743
	23	15	65.06919
	23	16	55.00909
	23	17	52.23983
	23	18	99.764725
	23	19	59.20304
	23	20	109.786156
	23	21	27.202942
	23	22	76.48529
	23	23	0.0
	23	24	23.853722
	23	25	24.596748
	23	26	66.85058
	23	27	36.138622
	23	28	47.095646
	23	29	73.409805
	23	30	55.470715
	23	31	74.88658
	23	32	78.26238
	23	33	30.413813
	23	34	42.72002
	23	35	82.05486
	23	36	53.0
	23	37	60.033325
	23	38	92.64988
	23	39	76.40026
	23	40	99.80982
	23	41	87.823685
	23	42	57.14018
	23	43	64.7611
	23	44	73.97973
	23	45	67.00746
	23	46	58.00862
	23	47	34.132095
	23	48	34.828148
	23	49	42.544094
	23	50	41.868843
	23	51	44.011364
	23	52	65.12296
	23	53	9.899495
	23	54	88.02273
	23	55	14.142136
	23	56	40.706264
	23	57	90.04999
	23	58	82.9759
	23	59	62.297672
	23	60	7.28011
	23	61	21.954498
	23	62	62.241467
	23	63	90.27181
	23	64	81.04937
	23	65	79.81228
	23	66	76.41989
	23	67	56.089214
	23	68	32.202484
	23	69	69.050705
	23	70	82.219215
	23	71	95.26804
	23	72	26.925823
	23	73	43.863426
	23	74	26.172504
	23	75	51.1957
	23	76	71.0
	23	77	42.107006
	23	78	72.835434
	23	79	67.00746
	23	80	42.190044
	23	81	33.42155
	23	82	98.11218
	23	83	69.57011
	23	84	61.09828
	23	85	72.443085
	23	86	40.1995
	23	87	96.56604
	23	88	80.09994
	23	89	70.93659
	23	90	53.037724
	23	91	64.513565
	23	92	48.010414
	23	93	29.427877
	23	94	38.8973
	23	95	73.97973
	23	96	91.92388
	23	97	36.496574
	23	98	81.055534
	23	99	25.0
	24	0	58.60034
	24	1	75.9276
	24	2	49.92995
	24	3	71.19691
	24	4	25.495098
	24	5	93.941475
	24	6	60.207973
	24	7	84.38009
	24	8	75.74299
	24	9	88.84256
	24	10	74.8131
	24	11	37.215588
	24	12	44.102154
	24	13	84.811554
	24	14	21.540659
	24	15	81.32035
	24	16	70.60453
	24	17	69.641945
	24	18	96.79876
	24	19	37.12142
	24	20	106.01887
	24	21	29.068884
	24	22	76.55717
	24	23	23.853722
	24	24	0.0
	24	25	36.138622
	24	26	43.68066
	24	27	26.627054
	24	28	64.25729
	24	29	63.702435
	24	30	60.016663
	24	31	69.2026
	24	32	69.31089
	24	33	9.055386
	24	34	49.09175
	24	35	62.801273
	24	36	48.02083
	24	37	65.76473
	24	38	70.5762
	24	39	87.005745
	24	40	94.641426
	24	41	71.51224
	24	42	74.0
	24	43	76.1643
	24	44	85.052925
	24	45	82.2253
	24	46	54.20332
	24	47	52.3259
	24	48	35.69314
	24	49	35.510563
	24	50	45.54119
	24	51	60.083275
	24	52	79.624115
	24	53	14.3178215
	24	54	68.88396
	24	55	22.022715
	24	56	35.77709
	24	57	70.71068
	24	58	79.61156
