data;

param n := 50;

param p := 10;

param m := 3;

param alpha := 9.8804292678833;

param r := 
	0	2
	1	2
	2	0
	3	0
	4	1
	5	2
	6	2
	7	0
	8	1
	9	2
	10	0
	11	1
	12	0
	13	1
	14	0
	15	2
	16	1
	17	1
	18	2
	19	0
	20	2
	21	0
	22	0
	23	1
	24	2
	25	1
	26	1
	27	0
	28	2
	29	0
	30	2
	31	0
	32	1
	33	0
	34	1
	35	2
	36	2
	37	2
	38	0
	39	1
	40	1
	41	2
	42	0
	43	1
	44	1
	45	0
	46	2
	47	2
	48	0
	49	0
;

param d := 
	0	2
	1	2
	2	2
	3	0
	4	1
	5	2
	6	2
	7	1
	8	1
	9	2
	10	1
	11	1
	12	1
	13	1
	14	2
	15	2
	16	2
	17	2
	18	2
	19	1
	20	2
	21	1
	22	2
	23	1
	24	2
	25	1
	26	1
	27	2
	28	2
	29	2
	30	2
	31	0
	32	2
	33	0
	34	2
	35	2
	36	2
	37	2
	38	0
	39	2
	40	1
	41	2
	42	2
	43	2
	44	2
	45	2
	46	2
	47	2
	48	2
	49	1
;

param c := 
	0	0	0.0
	0	1	76.48529
	0	2	37.336308
	0	3	30.805843
	0	4	67.62396
	0	5	93.39165
	0	6	34.655445
	0	7	80.523285
	0	8	65.29931
	0	9	56.586216
	0	10	39.446167
	0	11	44.27189
	0	12	38.118237
	0	13	55.03635
	0	14	75.272835
	0	15	10.0
	0	16	77.46612
	0	17	40.04997
	0	18	80.60397
	0	19	82.219215
	0	20	83.360664
	0	21	90.62009
	0	22	38.078865
	0	23	77.781746
	0	24	46.8615
	0	25	92.84934
	0	26	38.209946
	0	27	34.669872
	0	28	72.20111
	0	29	101.636604
	0	30	109.12378
	0	31	75.13322
	0	32	38.832977
	0	33	1.0
	0	34	48.104053
	0	35	101.07918
	0	36	66.8431
	0	37	70.0928
	0	38	70.837845
	0	39	58.00862
	0	40	49.0408
	0	41	79.025314
	0	42	25.70992
	0	43	59.008472
	0	44	92.72001
	0	45	67.36468
	0	46	45.694637
	0	47	27.166155
	0	48	89.94443
	0	49	52.801514
	1	0	76.48529
	1	1	0.0
	1	2	79.64923
	1	3	81.5414
	1	4	43.965897
	1	5	17.088007
	1	6	63.411354
	1	7	5.8309517
	1	8	62.241467
	1	9	63.812225
	1	10	73.661385
	1	11	43.931767
	1	12	41.14608
	1	13	23.853722
	1	14	40.1995
	1	15	66.70832
	1	16	79.37884
	1	17	38.910152
	1	18	31.257
	1	19	11.401754
	1	20	30.805843
	1	21	49.819675
	1	22	78.10249
	1	23	4.472136
	1	24	41.785164
	1	25	76.1643
	1	26	62.369865
	1	27	71.21797
	1	28	53.600372
	1	29	25.298222
	1	30	67.06713
	1	31	20.615528
	1	32	70.837845
	1	33	76.29548
	1	34	43.863426
	1	35	61.13101
	1	36	61.46544
	1	37	72.615425
	1	38	73.53911
	1	39	74.330345
	1	40	84.17244
	1	41	65.30697
	1	42	69.72087
	1	43	21.260292
	1	44	43.32436
	1	45	11.313708
	1	46	46.66905
	1	47	51.264023
	1	48	58.137768
	1	49	71.40028
	2	0	37.336308
	2	1	79.64923
	2	2	0.0
	2	3	7.81025
	2	4	49.648766
	2	5	96.02083
	2	6	16.27882
	2	7	85.146935
	2	8	37.65634
	2	9	28.284271
	2	10	7.071068
	2	11	35.805027
	2	12	40.60788
	2	13	55.97321
	2	14	58.855755
	2	15	35.128338
	2	16	43.829212
	2	17	42.638012
	2	18	68.68042
	2	19	80.26207
	2	20	71.8401
	2	21	71.00704
	2	22	2.0
	2	23	78.81624
	2	24	68.94926
	2	25	62.649822
	2	26	17.492855
	2	27	8.485281
	2	28	49.0408
	2	29	103.73042
	2	30	85.98837
	2	31	87.61849
	2	32	9.486833
	2	33	38.27532
	2	34	71.470276
	2	35	78.51752
	2	36	39.623226
	2	37	38.013157
	2	38	38.470768
	2	39	24.186773
	2	40	11.7046995
	2	41	50.96077
	2	42	60.40695
	2	43	58.412327
	2	44	76.53104
	2	45	68.41052
	2	46	33.61547
	2	47	34.928497
	2	48	66.48308
	2	49	20.248457
	3	0	30.805843
	3	1	81.5414
	3	2	7.81025
	3	3	0.0
	3	4	55.081757
	3	5	98.270035
	3	6	18.973665
	3	7	86.83893
	3	8	44.64303
	3	9	35.17101
	3	10	13.601471
	3	11	38.483765
	3	12	41.109608
	3	13	57.68882
	3	14	64.195015
	3	15	30.149628
	3	16	51.613953
	3	17	43.27817
	3	18	73.34848
	3	19	83.19255
	3	20	76.48529
	3	21	77.10383
	3	22	9.433981
	3	23	81.12336
	3	24	66.64083
	3	25	70.21396
	3	26	21.377558
	3	27	12.0415945
	3	28	55.443665
	3	29	106.174385
	3	30	92.76314
	3	31	87.72685
	3	32	15.132746
	3	33	31.780497
	3	34	68.942
	3	35	85.158676
	3	36	46.572525
	3	37	45.65085
	3	38	46.141087
	3	39	31.906113
	3	40	18.867962
	3	41	58.189346
	3	42	55.00909
	3	43	60.53924
	3	44	82.0975
	3	45	70.491135
	3	46	37.0
	3	47	33.600594
	3	48	73.1642
	3	49	27.730848
	4	0	67.62396
	4	1	43.965897
	4	2	49.648766
	4	3	55.081757
	4	4	0.0
	4	5	56.0803
	4	6	37.12142
	4	7	49.648766
	4	8	19.209373
	4	9	24.186773
	4	10	42.579338
	4	11	23.853722
	4	12	33.941124
	4	13	29.832869
	4	14	9.219544
	4	15	58.59181
	4	16	35.468296
	4	17	33.30165
	4	18	20.248457
	4	19	38.587563
	4	20	23.323807
	4	21	23.086792
	4	22	47.67599
	4	23	40.853397
	4	24	62.649822
	4	25	34.928497
	4	26	34.0147
	4	27	43.046486
	4	28	10.0
	4	29	62.201286
	4	30	41.677334
	4	31	61.204575
	4	32	40.311287
	4	33	68.0294
	4	34	65.795135
	4	35	33.61547
	4	36	18.027756
	4	37	29.15476
	4	38	30.016663
	4	39	34.4093
	4	40	48.8467
	4	41	22.0
	4	42	76.41989
	4	43	28.160255
	4	44	27.018513
	4	45	34.36568
	4	46	21.931713
	4	47	42.43819
	4	48	23.345236
	4	49	33.54102
	5	0	93.39165
	5	1	17.088007
	5	2	96.02083
	5	3	98.270035
	5	4	56.0803
	5	5	0.0
	5	6	79.881165
	5	7	13.038404
	5	8	75.16648
	5	9	78.10249
	5	10	89.81091
	5	11	60.216278
	5	12	58.18075
	5	13	40.706264
	5	14	50.159744
	5	15	83.677956
	5	16	91.24144
	5	17	55.946404
	5	18	38.8973
	5	19	17.492855
	5	20	37.107952
	5	21	55.443665
	5	22	94.40339
	5	23	17.20465
	5	24	55.7315
	5	25	84.646324
	5	26	78.60026
	5	27	87.658424
	5	28	64.84597
	5	29	8.246211
	5	30	69.354164
	5	31	27.294687
	5	32	87.005745
	5	33	93.17188
	5	34	57.271286
	5	35	65.0
	5	36	74.094536
	5	37	85.23497
	5	38	86.09297
	5	39	88.72993
	5	40	99.824844
	5	41	75.76939
	5	42	85.09406
	5	43	37.735924
	5	44	47.042534
	5	45	27.784887
	5	46	62.625874
	5	47	68.35203
	5	48	65.11528
	5	49	86.313385
	6	0	34.655445
	6	1	63.411354
	6	2	16.27882
	6	3	18.973665
	6	4	37.12142
	6	5	79.881165
	6	6	0.0
	6	7	68.88396
	6	8	30.805843
	6	9	21.931713
	6	10	11.18034
	6	11	19.723083
	6	12	24.698177
	6	13	39.698868
	6	14	46.010868
	6	15	28.301943
	6	16	43.266617
	6	17	26.627054
	6	18	54.589375
	6	19	64.412735
	6	20	57.706154
	6	21	59.841457
	6	22	14.866069
	6	23	62.681736
	6	24	55.108982
	6	25	58.258045
	6	26	3.6055512
	6	27	7.81025
	6	28	39.217342
	6	29	87.66413
	6	30	76.843994
	6	31	71.610054
	6	32	8.5440035
	6	33	35.35534
	6	34	57.870544
	6	35	68.96376
	6	36	32.449963
	6	37	35.608986
	6	38	36.40055
	6	39	24.698177
	6	40	23.409399
	6	41	44.65423
	6	42	52.554733
	6	43	42.201897
	6	44	64.03124
	6	45	52.201534
	6	46	18.027756
	6	47	21.095022
	6	48	57.245087
	6	49	19.313208
	7	0	80.523285
	7	1	5.8309517
	7	2	85.146935
	7	3	86.83893
	7	4	49.648766
	7	5	13.038404
	7	6	68.88396
	7	7	0.0
	7	8	68.0294
	7	9	69.641945
	7	10	79.24645
	7	11	49.517673
	7	12	46.141087
	7	13	29.206163
	7	14	45.54119
	7	15	70.88018
	7	16	85.09406
	7	17	43.908997
	7	18	36.013885
	7	19	14.56022
	7	20	35.22783
	7	21	54.33231
	7	22	83.630135
	7	23	9.055386
	7	24	43.174065
	7	25	81.394104
	7	26	67.941154
	7	27	76.6942
	7	28	59.20304
	7	29	21.213203
	7	30	70.88018
	7	31	17.804493
	7	32	76.41989
	7	33	80.280754
	7	34	44.922153
	7	35	65.30697
	7	36	67.23094
	7	37	78.39005
	7	38	79.30952
	7	39	80.1561
	7	40	89.87213
	7	41	70.83079
	7	42	72.1734
	7	43	26.870058
	7	44	47.296936
	7	45	17.029387
	7	46	52.34501
	7	47	55.946404
	7	48	63.007935
	7	49	77.201035
	8	0	65.29931
	8	1	62.241467
	8	2	37.65634
	8	3	44.64303
	8	4	19.209373
	8	5	75.16648
	8	6	30.805843
	8	7	68.0294
	8	8	0.0
	8	9	9.486833
	8	10	31.04835
	8	11	29.12044
	8	12	40.804413
	8	13	44.28318
	8	14	27.018513
	8	15	58.0
	8	16	18.027756
	8	17	41.231056
	8	18	38.948685
	8	19	57.68882
	8	20	41.868843
	8	21	34.928497
	8	22	35.69314
	8	23	59.48109
	8	24	73.34848
	8	25	27.58623
	8	26	27.202942
	8	27	33.61547
	8	28	13.0
	8	29	81.400246
	8	30	48.373547
	8	31	77.87811
	8	32	29.732138
	8	33	65.946945
	8	34	76.48529
	8	35	41.04875
	8	36	2.0
	8	37	10.440307
	8	38	11.401754
	8	39	16.763054
	8	40	33.24154
	8	41	13.892444
	8	42	80.1561
	8	43	43.931767
	8	44	42.154476
	8	45	51.86521
	8	46	25.298222
	8	47	45.276924
	8	48	29.017237
	8	49	18.0
	9	0	56.586216
	9	1	63.812225
	9	2	28.284271
	9	3	35.17101
	9	4	24.186773
	9	5	78.10249
	9	6	21.931713
	9	7	69.641945
	9	8	9.486833
	9	9	0.0
	9	10	21.587032
	9	11	25.019993
	9	12	36.124783
	9	13	43.32436
	9	14	33.105892
	9	15	49.819675
	9	16	22.472204
	9	17	37.01351
	9	18	44.418465
	9	19	60.876926
	9	20	47.507893
	9	21	43.289722
	9	22	26.305893
	9	23	61.611687
	9	24	69.18092
	9	25	36.40055
	9	26	18.384777
	9	27	24.166092
	9	28	21.095022
	9	29	84.89994
	9	30	57.706154
	9	31	77.491936
	9	32	20.248457
	9	33	57.280014
	9	34	72.249565
	9	35	50.24938
	9	36	11.401754
	9	37	14.3178215
	9	38	15.231546
	9	39	10.630146
	9	40	25.0
	9	41	23.259407
	9	42	72.94518
	9	43	43.863426
	9	44	49.729267
	9	45	52.83938
	9	46	21.023796
	9	47	38.626415
	9	48	38.209946
	9	49	9.486833
	10	0	39.446167
	10	1	73.661385
	10	2	7.071068
	10	3	13.601471
	10	4	42.579338
	10	5	89.81091
	10	6	11.18034
	10	7	79.24645
	10	8	31.04835
	10	9	21.587032
	10	10	0.0
	10	11	29.732138
	10	12	35.846897
	10	13	50.20956
	10	14	51.78803
	10	15	35.44009
	10	16	38.948685
	10	17	37.735924
	10	18	61.68468
	10	19	73.78347
	10	20	64.84597
	10	21	64.0
	10	22	5.0990195
	10	23	72.62231
	10	24	65.96969
	10	25	56.82429
	10	26	11.313708
	10	27	5.0990195
	10	28	42.107006
	10	29	97.41663
	10	30	79.24645
	10	31	82.661964
	10	32	2.828427
	10	33	40.311287
	10	34	68.65858
	10	35	71.70077
	10	36	32.984844
	10	37	32.449963
	10	38	33.01515
	10	39	19.104973
	10	40	12.369317
	10	41	44.598206
	10	42	60.63827
	10	43	52.40229
	10	44	69.46222
	10	45	62.369865
	10	46	27.202942
	10	47	31.780497
	10	48	59.682495
	10	49	14.422205
	11	0	44.27189
	11	1	43.931767
	11	2	35.805027
	11	3	38.483765
	11	4	23.853722
	11	5	60.216278
	11	6	19.723083
	11	7	49.517673
	11	8	29.12044
	11	9	25.019993
	11	10	29.732138
	11	11	0.0
	11	12	11.7046995
	11	13	20.615528
	11	14	31.016125
	11	15	34.928497
	11	16	46.52956
	11	17	12.165525
	11	18	37.054016
	11	19	44.72136
	11	20	40.012497
	11	21	46.518814
	11	22	34.20526
	11	23	43.011627
	11	24	44.407207
	11	25	54.708317
	11	26	18.439089
	11	27	27.45906
	11	28	30.479502
	11	29	67.95587
	11	30	65.51336
	11	31	54.120235
	11	32	26.907248
	11	33	44.598206
	11	34	47.518417
	11	35	57.45433
	11	36	29.732138
	11	37	38.327538
	11	38	39.319206
	11	39	33.955853
	11	40	40.60788
	11	41	40.311287
	11	42	53.075417
	11	43	22.671568
	11	44	48.507732
	11	45	32.649654
	11	46	4.0
	11	47	18.601076
	11	48	47.010635
	11	49	29.732138
	12	0	38.118237
	12	1	41.14608
	12	2	40.60788
	12	3	41.109608
	12	4	33.941124
	12	5	58.18075
	12	6	24.698177
	12	7	46.141087
	12	8	40.804413
	12	9	36.124783
	12	10	35.846897
	12	11	11.7046995
	12	12	0.0
	12	13	17.720045
	12	14	39.661064
	12	15	28.160255
	12	16	58.0517
	12	17	2.236068
	12	18	43.011627
	12	19	44.911022
	12	20	45.607018
	12	21	55.470715
	12	22	39.40812
	12	23	41.4367
	12	24	33.06055
	12	25	66.24198
	12	26	25.079872
	12	27	32.202484
	12	28	41.617306
	12	29	66.309875
	12	30	75.0
	12	31	47.010635
	12	32	33.12099
	12	33	38.209946
	12	34	36.124783
	12	35	67.00746
	12	36	41.4367
	12	37	49.819675
	12	38	50.803543
	12	39	44.181442
	12	40	47.853943
	12	41	51.884487
	12	42	42.520584
	12	43	21.377558
	12	44	55.946404
	12	45	30.675724
	12	46	15.524175
	12	47	11.0
	12	48	57.280014
	12	49	39.45884
	13	0	55.03635
	13	1	23.853722
	13	2	55.97321
	13	3	57.68882
	13	4	29.832869
	13	5	40.706264
	13	6	39.698868
	13	7	29.206163
	13	8	44.28318
	13	9	43.32436
	13	10	50.20956
	13	11	20.615528
	13	12	17.720045
	13	13	0.0
	13	14	31.38471
	13	15	45.044422
	13	16	62.289646
	13	17	15.524175
	13	18	30.0
	13	19	27.294687
	13	20	31.906113
	13	21	46.227695
	13	22	54.48853
	13	23	23.769728
	13	24	33.83785
	13	25	64.7611
	13	26	38.8973
	13	27	47.507893
	13	28	39.623226
	13	29	48.754486
	13	30	65.946945
	13	31	34.176014
	13	32	47.38143
	13	33	55.00909
	13	34	36.891735
	13	35	58.412327
	13	36	44.102154
	13	37	54.589375
	13	38	55.578773
	13	39	53.310413
	13	40	61.220913
	13	41	51.47815
	13	42	54.129475
	13	43	4.1231055
	13	44	44.04543
	13	45	13.0
	13	46	23.853722
	13	47	28.442924
	13	48	51.0
	13	49	49.648766
	14	0	75.272835
	14	1	40.1995
	14	2	58.855755
	14	3	64.195015
	14	4	9.219544
	14	5	50.159744
	14	6	46.010868
	14	7	45.54119
	14	8	27.018513
	14	9	33.105892
	14	10	51.78803
	14	11	31.016125
	14	12	39.661064
	14	13	31.38471
	14	14	0.0
	14	15	65.9242
	14	16	41.340054
	14	17	38.600517
	14	18	12.0415945
	14	19	32.89377
	14	20	14.866069
	14	21	15.811388
	14	22	56.88585
	14	23	36.496574
	14	24	65.192024
	14	25	36.013885
	14	26	43.011627
	14	27	52.153618
	14	28	15.0
	14	29	55.569775
	14	30	35.468296
	14	31	59.135437
	14	32	49.497475
	14	33	75.61085
	14	34	68.26419
	14	35	27.58623
	14	36	25.495098
	14	37	36.124783
	14	38	36.878178
	14	39	43.046486
	14	40	57.939625
	14	41	25.632011
	14	42	82.006096
	14	43	28.635643
	14	44	18.027756
	14	45	32.24903
	14	46	29.832869
	14	47	49.193497
	14	48	19.697716
	14	49	42.544094
	15	0	10.0
	15	1	66.70832
	15	2	35.128338
	15	3	30.149628
	15	4	58.59181
	15	5	83.677956
	15	6	28.301943
	15	7	70.88018
	15	8	58.0
	15	9	49.819675
	15	10	35.44009
	15	11	34.928497
	15	12	28.160255
	15	13	45.044422
	15	14	65.9242
	15	15	0.0
	15	16	71.561165
	15	17	30.066593
	15	18	70.83079
	15	19	72.249565
	15	20	73.545906
	15	21	81.437096
	15	22	35.35534
	15	23	67.89698
	15	24	39.698868
	15	25	85.56284
	15	26	31.622776
	15	27	30.364452
	15	28	63.82006
	15	29	91.92388
	15	30	100.239716
	15	31	66.37017
	15	32	34.176014
	15	33	10.049875
	15	34	41.400482
	15	35	92.17918
	15	36	59.39697
	15	37	63.82006
	15	38	64.63745
	15	39	52.773098
	15	40	46.52956
	15	41	71.44928
	15	42	25.317978
	15	43	49.010204
	15	44	83.1685
	15	45	57.428215
	15	46	36.71512
	15	47	17.262676
	15	48	81.3019
	15	49	47.41308
	16	0	77.46612
	16	1	79.37884
	16	2	43.829212
	16	3	51.613953
	16	4	35.468296
	16	5	91.24144
	16	6	43.266617
	16	7	85.09406
	16	8	18.027756
	16	9	22.472204
	16	10	38.948685
	16	11	46.52956
	16	12	58.0517
	16	13	62.289646
	16	14	41.340054
	16	15	71.561165
	16	16	0.0
	16	17	58.694122
	16	18	53.25411
	16	19	73.790245
	16	20	55.803226
	16	21	43.60046
	16	22	42.201897
	16	23	76.321686
	16	24	90.934044
	16	25	21.023796
	16	26	39.962482
	16	27	43.13931
	16	28	26.41969
	16	29	96.89685
	16	30	50.447994
	16	31	95.707886
	16	32	38.8973
	16	33	78.24321
	16	34	94.04786
	16	35	44.94441
	16	36	18.248287
	16	37	8.246211
	16	38	7.28011
	16	39	19.849434
	16	40	34.928497
	16	41	17.029387
	16	42	95.257545
	16	43	61.81424
	16	44	52.49762
	16	45	69.375786
	16	46	42.579338
	16	47	61.09828
	16	48	34.48188
	16	49	24.758837
	17	0	40.04997
	17	1	38.910152
	17	2	42.638012
	17	3	43.27817
	17	4	33.30165
	17	5	55.946404
	17	6	26.627054
	17	7	43.908997
	17	8	41.231056
	17	9	37.01351
	17	10	37.735924
	17	11	12.165525
	17	12	2.236068
	17	13	15.524175
	17	14	38.600517
	17	15	30.066593
	17	16	58.694122
	17	17	0.0
	17	18	41.4367
	17	19	42.755116
	17	20	43.965897
	17	21	54.405884
	17	22	41.400482
	17	23	39.217342
	17	24	32.24903
	17	25	66.189125
	17	26	26.832815
	17	27	34.20526
	17	28	41.340054
	17	29	64.07808
	17	30	74.02702
	17	31	45.0
	17	32	34.98571
	17	33	40.112343
	17	34	35.35534
	17	35	66.068146
	17	36	41.761227
	17	37	50.48762
	17	38	51.47815
	17	39	45.39824
	17	40	49.648766
	17	41	51.894123
	17	42	43.416588
	17	43	19.235384
	17	44	54.56189
	17	45	28.460499
	17	46	16.124516
	17	47	13.038404
	17	48	56.586216
	17	49	40.792156
	18	0	80.60397
	18	1	31.257
	18	2	68.68042
	18	3	73.34848
	18	4	20.248457
	18	5	38.8973
	18	6	54.589375
	18	7	36.013885
	18	8	38.948685
	18	9	44.418465
	18	10	61.68468
	18	11	37.054016
	18	12	43.011627
	18	13	30.0
	18	14	12.0415945
	18	15	70.83079
	18	16	53.25411
	18	17	41.4367
	18	18	0.0
	18	19	22.203604
	18	20	3.1622777
	18	21	18.681541
	18	22	66.760765
	18	23	27.073973
	18	24	62.968246
	18	25	45.891174
	18	26	51.971146
	18	27	61.39218
	18	28	27.018513
	18	29	43.829212
	18	30	37.215588
	18	31	51.41984
	18	32	59.20304
	18	33	80.80842
	18	34	65.8559
	18	35	30.463093
	18	36	37.48333
	18	37	48.166378
	18	38	48.9183
	18	39	54.644306
	18	40	68.8767
	18	41	37.12142
	18	42	83.725746
	18	43	26.24881
	18	44	14.142136
	18	45	25.942244
	18	46	37.054016
	18	47	53.600372
	18	48	27.0
	18	49	53.712196
	19	0	82.219215
	19	1	11.401754
	19	2	80.26207
	19	3	83.19255
	19	4	38.587563
	19	5	17.492855
	19	6	64.412735
	19	7	14.56022
	19	8	57.68882
	19	9	60.876926
	19	10	73.78347
	19	11	44.72136
	19	12	44.911022
	19	13	27.294687
	19	14	32.89377
	19	15	72.249565
	19	16	73.790245
	19	17	42.755116
	19	18	22.203604
	19	19	0.0
	19	20	21.0
	19	21	40.04997
	19	22	78.54935
	19	23	7.071068
	19	24	51.884487
	19	25	68.06615
	19	26	62.76942
	19	27	72.06941
	19	28	47.423622
	19	29	24.04163
	19	30	56.32051
	19	31	31.764761
	19	32	71.021126
	19	33	82.1523
	19	34	54.20332
	19	35	50.803543
	19	36	56.603886
	19	37	67.74216
	19	38	68.60029
	19	39	71.50524
	19	40	83.240616
	19	41	58.5235
	19	42	78.339005
	19	43	23.537205
	19	44	32.75668
	19	45	15.033297
	19	46	46.647614
	19	47	55.7315
	19	48	49.09175
	19	49	69.31089
	20	0	83.360664
	20	1	30.805843
	20	2	71.8401
	20	3	76.48529
	20	4	23.323807
	20	5	37.107952
	20	6	57.706154
	20	7	35.22783
	20	8	41.868843
	20	9	47.507893
	20	10	64.84597
	20	11	40.012497
	20	12	45.607018
	20	13	31.906113
	20	14	14.866069
	20	15	73.545906
	20	16	55.803226
	20	17	43.965897
	20	18	3.1622777
	20	19	21.0
	20	20	0.0
	20	21	19.104973
	20	22	69.92139
	20	23	26.476404
	20	24	64.3506
	20	25	47.539455
	20	26	55.108982
	20	27	64.53681
	20	28	29.732138
	20	29	41.62932
	20	30	36.67424
	20	31	51.24451
	20	32	62.361847
	20	33	83.546394
	20	34	67.17886
	20	35	30.364452
	20	36	40.36087
	20	37	50.931328
	20	38	51.662365
	20	39	57.68882
	20	40	72.013885
	20	41	39.446167
	20	42	85.883644
	20	43	28.01785
	20	44	13.038404
	20	45	26.627054
	20	46	40.112343
	20	47	56.293873
	20	48	28.160255
	20	49	56.82429
	21	0	90.62009
	21	1	49.819675
	21	2	71.00704
	21	3	77.10383
	21	4	23.086792
	21	5	55.443665
	21	6	59.841457
	21	7	54.33231
	21	8	34.928497
	21	9	43.289722
	21	10	64.0
	21	11	46.518814
	21	12	55.470715
	21	13	46.227695
	21	14	15.811388
	21	15	81.437096
	21	16	43.60046
	21	17	54.405884
	21	18	18.681541
	21	19	40.04997
	21	20	19.104973
	21	21	0.0
	21	22	69.00725
	21	23	45.54119
	21	24	80.0
	21	25	30.413813
	21	26	56.568542
	21	27	65.192024
	21	28	22.203604
	21	29	58.940647
	21	30	19.79899
	21	31	70.0928
	21	32	62.03225
	21	33	91.0
	21	34	83.00603
	21	35	12.206555
	21	36	32.984844
	21	37	41.14608
	21	38	41.59327
	21	39	51.662365
	21	40	68.06615
	21	41	26.627054
	21	42	97.80082
	21	43	43.011627
	21	44	9.433981
	21	45	44.38468
	21	46	44.94441
	21	47	64.884514
	21	48	10.29563
	21	49	52.611786
	22	0	38.078865
	22	1	78.10249
	22	2	2.0
	22	3	9.433981
	22	4	47.67599
	22	5	94.40339
	22	6	14.866069
	22	7	83.630135
	22	8	35.69314
	22	9	26.305893
	22	10	5.0990195
	22	11	34.20526
	22	12	39.40812
	22	13	54.48853
	22	14	56.88585
	22	15	35.35534
	22	16	42.201897
	22	17	41.400482
	22	18	66.760765
	22	19	78.54935
	22	20	69.92139
	22	21	69.00725
	22	22	0.0
	22	23	77.201035
	22	24	68.30813
	22	25	60.835846
	22	26	15.811388
	22	27	7.2111025
	22	28	47.042534
	22	29	102.0784
	22	30	84.0119
	22	31	86.40023
	22	32	7.615773
	22	33	39.0
	22	34	70.88018
	22	35	76.53104
	22	36	37.65634
	22	37	36.23534
	22	38	36.71512
	22	39	22.472204
	22	40	11.18034
	22	41	49.0408
	22	42	60.671246
	22	43	56.85068
	22	44	74.54529
	22	45	66.8431
	22	46	31.906113
	22	47	34.176014
	22	48	64.49806
	22	49	18.384777
	23	0	77.781746
	23	1	4.472136
	23	2	78.81624
	23	3	81.12336
	23	4	40.853397
	23	5	17.20465
	23	6	62.681736
	23	7	9.055386
	23	8	59.48109
	23	9	61.611687
	23	10	72.62231
	23	11	43.011627
	23	12	41.4367
	23	13	23.769728
	23	14	36.496574
	23	15	67.89698
	23	16	76.321686
	23	17	39.217342
	23	18	27.073973
	23	19	7.071068
	23	20	26.476404
	23	21	45.54119
	23	22	77.201035
	23	23	0.0
	23	24	45.188496
	23	25	72.33948
	23	26	61.400326
	23	27	70.45566
	23	28	50.289165
	23	29	25.059929
	23	30	62.625874
	23	31	25.079872
	23	32	69.81404
	23	33	77.64664
	23	34	47.41308
	23	35	56.753853
	23	36	58.60034
	23	37	69.77822
	23	38	70.68239
	23	39	72.20111
	23	40	82.75868
	23	41	61.846584
	23	42	72.36712
	23	43	20.59126
	23	44	38.8973
	23	45	10.770329
	23	46	45.453274
	23	47	51.92302
	23	48	54.037025
	23	49	69.52697
	24	0	46.8615
	24	1	41.785164
	24	2	68.94926
	24	3	66.64083
	24	4	62.649822
	24	5	55.7315
	24	6	55.108982
	24	7	43.174065
	24	8	73.34848
	24	9	69.18092
	24	10	65.96969
	24	11	44.407207
	24	12	33.06055
	24	13	33.83785
	24	14	65.192024
	24	15	39.698868
	24	16	90.934044
	24	17	32.24903
	24	18	62.968246
	24	19	51.884487
	24	20	64.3506
	24	21	80.0
	24	22	68.30813
	24	23	45.188496
	24	24	0.0
	24	25	97.144226
	24	26	56.568542
	24	27	61.400326
	24	28	71.867935
	24	29	63.387695
	24	30	99.63935
	24	31	31.257
	24	32	63.560993
	24	33	46.227695
	24	34	3.1622777
	24	35	92.20087
	24	36	73.756355
	24	37	82.73451
	24	38	83.725746
	24	39	77.02597
	24	40	78.339005
	24	41	83.1685
	24	42	30.413813
	24	43	37.01351
	24	44	77.10383
	24	45	38.600517
	24	46	48.373547
	24	47	34.20526
	24	48	84.723076
	24	49	72.11102
	25	0	92.84934
	25	1	76.1643
	25	2	62.649822
	25	3	70.21396
	25	4	34.928497
	25	5	84.646324
	25	6	58.258045
	25	7	81.394104
	25	8	27.58623
	25	9	36.40055
	25	10	56.82429
	25	11	54.708317
	25	12	66.24198
	25	13	64.7611
	25	14	36.013885
	25	15	85.56284
	25	16	21.023796
	25	17	66.189125
	25	18	45.891174
	25	19	68.06615
	25	20	47.539455
	25	21	30.413813
	25	22	60.835846
	25	23	72.33948
	25	24	97.144226
	25	25	0.0
	25	26	54.67175
	25	27	60.207973
	25	28	25.298222
	25	29	88.86507
	25	30	30.870699
	25	31	95.047356
	25	32	56.0803
	25	33	93.50936
	25	34	100.304535
	25	35	27.018513
	25	36	26.172504
	25	37	24.698177
	25	38	24.351591
	25	39	38.626415
	25	40	55.081757
	25	41	14.422205
	25	42	107.200745
	25	43	62.968246
	25	44	39.824615
	25	45	68.06615
	25	46	51.312767
	25	47	72.20111
	25	48	20.12461
	25	49	42.48529
	26	0	38.209946
	26	1	62.369865
	26	2	17.492855
	26	3	21.377558
	26	4	34.0147
	26	5	78.60026
	26	6	3.6055512
	26	7	67.941154
	26	8	27.202942
	26	9	18.384777
	26	10	11.313708
	26	11	18.439089
	26	12	25.079872
	26	13	38.8973
	26	14	43.011627
	26	15	31.622776
	26	16	39.962482
	26	17	26.832815
	26	18	51.971146
	26	19	62.76942
	26	20	55.108982
	26	21	56.568542
	26	22	15.811388
	26	23	61.400326
	26	24	56.568542
	26	25	54.67175
	26	26	0.0
	26	27	9.486833
	26	28	35.735138
	26	29	86.26703
	26	30	73.37575
	26	31	71.561165
	26	32	8.485281
	26	33	38.8973
	26	34	59.413803
	26	35	65.52099
	26	36	28.84441
	26	37	32.202484
	26	38	33.01515
	26	39	21.84033
	26	40	22.825424
	26	41	41.04875
	26	42	55.542778
	26	43	41.109608
	26	44	61.0
	26	45	51.088158
	26	46	16.124516
	26	47	23.021729
	26	48	53.75872
	26	49	16.492422
	27	0	34.669872
	27	1	71.21797
	27	2	8.485281
	27	3	12.0415945
	27	4	43.046486
	27	5	87.658424
	27	6	7.81025
	27	7	76.6942
	27	8	33.61547
	27	9	24.166092
	27	10	5.0990195
	27	11	27.45906
	27	12	32.202484
	27	13	47.507893
	27	14	52.153618
	27	15	30.364452
	27	16	43.13931
	27	17	34.20526
	27	18	61.39218
	27	19	72.06941
	27	20	64.53681
	27	21	65.192024
	27	22	7.2111025
	27	23	70.45566
	27	24	61.400326
	27	25	60.207973
	27	26	9.486833
	27	27	0.0
	27	28	43.737854
	27	29	95.41489
	27	30	81.25269
	27	31	79.20227
	27	32	4.2426405
	27	33	35.510563
	27	34	64.03124
	27	35	73.545906
	27	36	35.468296
	27	37	36.23534
	27	38	36.878178
	27	39	23.43075
	27	40	17.117243
	27	41	47.423622
	27	42	55.542778
	27	43	50.0
	27	44	70.064255
	27	45	60.0
	27	46	25.495098
	27	47	27.202942
	27	48	61.611687
	27	49	18.384777
	28	0	72.20111
	28	1	53.600372
	28	2	49.0408
	28	3	55.443665
	28	4	10.0
	28	5	64.84597
	28	6	39.217342
	28	7	59.20304
	28	8	13.0
	28	9	21.095022
	28	10	42.107006
	28	11	30.479502
	28	12	41.617306
	28	13	39.623226
	28	14	15.0
	28	15	63.82006
	28	16	26.41969
	28	17	41.340054
	28	18	27.018513
	28	19	47.423622
	28	20	29.732138
	28	21	22.203604
	28	22	47.042534
	28	23	50.289165
	28	24	71.867935
	28	25	25.298222
	28	26	35.735138
	28	27	43.737854
	28	28	0.0
	28	29	70.491135
	28	30	37.64306
	28	31	71.17584
	28	32	40.311287
	28	33	72.718636
	28	34	75.026665
	28	35	29.832869
	28	36	11.18034
	28	37	21.213203
	28	38	21.931713
	28	39	29.732138
	28	40	45.891174
	28	41	12.0
	28	42	83.546394
	28	43	38.118237
	28	44	29.15476
	28	45	44.28318
	28	46	27.58623
	28	47	48.79549
	28	48	18.027756
	28	49	30.413813
	29	0	101.636604
	29	1	25.298222
	29	2	103.73042
	29	3	106.174385
	29	4	62.201286
	29	5	8.246211
	29	6	87.66413
	29	7	21.213203
	29	8	81.400246
	29	9	84.89994
	29	10	97.41663
	29	11	67.95587
	29	12	66.309875
	29	13	48.754486
	29	14	55.569775
	29	15	91.92388
	29	16	96.89685
	29	17	64.07808
	29	18	43.829212
	29	19	24.04163
	29	20	41.62932
	29	21	58.940647
	29	22	102.0784
	29	23	25.059929
	29	24	63.387695
	29	25	88.86507
	29	26	86.26703
	29	27	95.41489
	29	28	70.491135
	29	29	0.0
	29	30	71.00704
	29	31	33.83785
	29	32	94.62558
	29	33	101.414986
	29	34	64.77654
	29	35	67.47592
	29	36	80.21222
	29	37	91.26335
	29	38	92.086914
	29	39	95.524864
	29	40	107.16809
	29	41	80.9506
	29	42	93.0215
	29	43	45.65085
	29	44	50.01
	29	45	35.77709
	29	46	70.21396
	29	47	76.55064
	29	48	68.96376
	29	49	93.34881
	30	0	109.12378
	30	1	67.06713
	30	2	85.98837
	30	3	92.76314
	30	4	41.677334
	30	5	69.354164
	30	6	76.843994
	30	7	70.88018
	30	8	48.373547
	30	9	57.706154
	30	10	79.24645
	30	11	65.51336
	30	12	75.0
	30	13	65.946945
	30	14	35.468296
	30	15	100.239716
	30	16	50.447994
	30	17	74.02702
	30	18	37.215588
	30	19	56.32051
	30	20	36.67424
	30	21	19.79899
	30	22	84.0119
	30	23	62.625874
	30	24	99.63935
	30	25	30.870699
	30	26	73.37575
	30	27	81.25269
	30	28	37.64306
	30	29	71.00704
	30	30	0.0
	30	31	87.66413
	30	32	77.665955
	30	33	109.56733
	30	34	102.61579
	30	35	8.062258
	30	36	46.389652
	30	37	51.156624
	30	38	51.24451
	30	39	64.00781
	30	40	81.02469
	30	41	36.013885
	30	42	117.4436
	30	43	62.625874
	30	44	23.769728
	30	45	63.134777
	30	46	63.529522
	30	47	84.0595
	30	48	19.646883
	30	49	66.27216
	31	0	75.13322
	31	1	20.615528
	31	2	87.61849
	31	3	87.72685
	31	4	61.204575
	31	5	27.294687
	31	6	71.610054
	31	7	17.804493
	31	8	77.87811
	31	9	77.491936
	31	10	82.661964
	31	11	54.120235
	31	12	47.010635
	31	13	34.176014
	31	14	59.135437
	31	15	66.37017
	31	16	95.707886
	31	17	45.0
	31	18	51.41984
	31	19	31.764761
	31	20	51.24451
	31	21	70.0928
	31	22	86.40023
	31	23	25.079872
	31	24	31.257
	31	25	95.047356
	31	26	71.561165
	31	27	79.20227
	31	28	71.17584
	31	29	33.83785
	31	30	87.66413
	31	31	0.0
	31	32	79.881165
	31	33	74.68601
	31	34	32.01562
	31	35	81.608826
	31	36	77.46612
	31	37	88.29496
	31	38	89.26926
	31	39	87.46428
	31	40	94.33981
	31	41	83.15047
	31	42	61.66036
	31	43	33.955853
	31	44	63.90618
	31	45	27.0
	31	46	57.697487
	31	47	54.48853
	31	48	77.92946
	31	49	83.67198
	32	0	38.832977
	32	1	70.837845
	32	2	9.486833
	32	3	15.132746
	32	4	40.311287
	32	5	87.005745
	32	6	8.5440035
	32	7	76.41989
	32	8	29.732138
	32	9	20.248457
	32	10	2.828427
	32	11	26.907248
	32	12	33.12099
	32	13	47.38143
	32	14	49.497475
	32	15	34.176014
	32	16	38.8973
	32	17	34.98571
	32	18	59.20304
	32	19	71.021126
	32	20	62.361847
	32	21	62.03225
	32	22	7.615773
	32	23	69.81404
	32	24	63.560993
	32	25	56.0803
	32	26	8.485281
	32	27	4.2426405
	32	28	40.311287
	32	29	94.62558
	32	30	77.665955
	32	31	79.881165
	32	32	0.0
	32	33	39.661064
	32	34	66.287254
	32	35	70.035706
	32	36	31.622776
	32	37	32.01562
	32	38	32.649654
	32	39	19.209373
	32	40	14.866069
	32	41	43.462627
	32	42	59.20304
	32	43	49.57822
	32	44	67.26812
	32	45	59.548298
	32	46	24.41311
	32	47	29.427877
	32	48	58.0517
	32	49	14.142136
	33	0	1.0
	33	1	76.29548
	33	2	38.27532
	33	3	31.780497
	33	4	68.0294
	33	5	93.17188
	33	6	35.35534
	33	7	80.280754
	33	8	65.946945
	33	9	57.280014
	33	10	40.311287
	33	11	44.598206
	33	12	38.209946
	33	13	55.00909
	33	14	75.61085
	33	15	10.049875
	33	16	78.24321
	33	17	40.112343
	33	18	80.80842
	33	19	82.1523
	33	20	83.546394
	33	21	91.0
	33	22	39.0
	33	23	77.64664
	33	24	46.227695
	33	25	93.50936
	33	26	38.8973
	33	27	35.510563
	33	28	72.718636
	33	29	101.414986
	33	30	109.56733
	33	31	74.68601
	33	32	39.661064
	33	33	0.0
	33	34	47.423622
	33	35	101.51847
	33	36	67.47592
	33	37	70.837845
	33	38	71.5891
	33	39	58.821766
	33	40	49.979996
	33	41	79.64923
	33	42	24.738634
	33	43	59.0
	33	44	93.00538
	33	45	67.26812
	33	46	46.09772
	33	47	27.294687
	33	48	90.426765
	33	49	53.600372
	34	0	48.104053
	34	1	43.863426
	34	2	71.470276
	34	3	68.942
	34	4	65.795135
	34	5	57.271286
	34	6	57.870544
	34	7	44.922153
	34	8	76.48529
	34	9	72.249565
	34	10	68.65858
	34	11	47.518417
	34	12	36.124783
	34	13	36.891735
	34	14	68.26419
	34	15	41.400482
	34	16	94.04786
	34	17	35.35534
	34	18	65.8559
	34	19	54.20332
	34	20	67.17886
	34	21	83.00603
	34	22	70.88018
	34	23	47.41308
	34	24	3.1622777
	34	25	100.304535
	34	26	59.413803
	34	27	64.03124
	34	28	75.026665
	34	29	64.77654
	34	30	102.61579
	34	31	32.01562
	34	32	66.287254
	34	33	47.423622
	34	34	0.0
	34	35	95.2103
	34	36	76.902534
	34	37	85.84288
	34	38	86.833176
	34	39	80.00625
	34	40	81.02469
	34	41	86.33076
	34	42	30.083218
	34	43	40.0
	34	44	79.98125
	34	45	41.231056
	34	46	51.47815
	34	47	36.878178
	34	48	87.81799
	34	49	75.059975
	35	0	101.07918
	35	1	61.13101
	35	2	78.51752
	35	3	85.158676
	35	4	33.61547
	35	5	65.0
	35	6	68.96376
	35	7	65.30697
	35	8	41.04875
	35	9	50.24938
	35	10	71.70077
	35	11	57.45433
	35	12	67.00746
	35	13	58.412327
	35	14	27.58623
	35	15	92.17918
	35	16	44.94441
	35	17	66.068146
	35	18	30.463093
	35	19	50.803543
	35	20	30.364452
	35	21	12.206555
	35	22	76.53104
	35	23	56.753853
	35	24	92.20087
	35	25	27.018513
	35	26	65.52099
	35	27	73.545906
	35	28	29.832869
	35	29	67.47592
	35	30	8.062258
	35	31	81.608826
	35	32	70.035706
	35	33	101.51847
	35	34	95.2103
	35	35	0.0
	35	36	39.051247
	35	37	44.72136
	35	38	44.911022
	35	39	57.07889
	35	40	74.02702
	35	41	29.427877
	35	42	109.48059
	35	43	55.21775
	35	44	18.110771
	35	45	56.364883
	35	46	55.470715
	35	47	76.00658
	35	48	12.0415945
	35	49	59.03389
	36	0	66.8431
	36	1	61.46544
	36	2	39.623226
	36	3	46.572525
	36	4	18.027756
	36	5	74.094536
	36	6	32.449963
	36	7	67.23094
	36	8	2.0
	36	9	11.401754
	36	10	32.984844
	36	11	29.732138
	36	12	41.4367
	36	13	44.102154
	36	14	25.495098
	36	15	59.39697
	36	16	18.248287
	36	17	41.761227
	36	18	37.48333
	36	19	56.603886
	36	20	40.36087
	36	21	32.984844
	36	22	37.65634
	36	23	58.60034
	36	24	73.756355
	36	25	26.172504
	36	26	28.84441
	36	27	35.468296
	36	28	11.18034
	36	29	80.21222
	36	30	46.389652
	36	31	77.46612
	36	32	31.622776
	36	33	67.47592
	36	34	76.902534
	36	35	39.051247
	36	36	0.0
	36	37	11.18034
	36	38	12.083046
	36	39	18.681541
	36	40	35.22783
	36	41	12.206555
	36	42	81.27115
	36	43	43.56604
	36	44	40.311287
	36	45	51.24451
	36	46	26.0
	36	47	46.32494
	36	48	27.018513
	36	49	20.0
	37	0	70.0928
	37	1	72.615425
	37	2	38.013157
	37	3	45.65085
	37	4	29.15476
	37	5	85.23497
	37	6	35.608986
	37	7	78.39005
	37	8	10.440307
	37	9	14.3178215
	37	10	32.449963
	37	11	38.327538
	37	12	49.819675
	37	13	54.589375
	37	14	36.124783
	37	15	63.82006
	37	16	8.246211
	37	17	50.48762
	37	18	48.166378
	37	19	67.74216
	37	20	50.931328
	37	21	41.14608
	37	22	36.23534
	37	23	69.77822
	37	24	82.73451
	37	25	24.698177
	37	26	32.202484
	37	27	36.23534
	37	28	21.213203
	37	29	91.26335
	37	30	51.156624
	37	31	88.29496
	37	32	32.01562
	37	33	70.837845
	37	34	85.84288
	37	35	44.72136
	37	36	11.18034
	37	37	0.0
	37	38	1.0
	37	39	13.928389
	37	40	30.594116
	37	41	15.297058
	37	42	87.23531
	37	43	54.34151
	37	44	49.396355
	37	45	62.297672
	37	46	34.36568
	37	47	52.924473
	37	48	33.24154
	37	49	18.027756
	38	0	70.837845
	38	1	73.53911
	38	2	38.470768
	38	3	46.141087
	38	4	30.016663
	38	5	86.09297
	38	6	36.40055
	38	7	79.30952
	38	8	11.401754
	38	9	15.231546
	38	10	33.01515
	38	11	39.319206
	38	12	50.803543
	38	13	55.578773
	38	14	36.878178
	38	15	64.63745
	38	16	7.28011
	38	17	51.47815
	38	18	48.9183
	38	19	68.60029
	38	20	51.662365
	38	21	41.59327
	38	22	36.71512
	38	23	70.68239
	38	24	83.725746
	38	25	24.351591
	38	26	33.01515
	38	27	36.878178
	38	28	21.931713
	38	29	92.086914
	38	30	51.24451
	38	31	89.26926
	38	32	32.649654
	38	33	71.5891
	38	34	86.833176
	38	35	44.911022
	38	36	12.083046
	38	37	1.0
	38	38	0.0
	38	39	14.3178215
	38	40	30.805843
	38	41	15.524175
	38	42	88.11924
	38	43	55.31727
	38	44	49.92995
	38	45	63.245552
	38	46	35.35534
	38	47	53.851646
	38	48	33.526108
	38	49	18.601076
	39	0	58.00862
	39	1	74.330345
	39	2	24.186773
	39	3	31.906113
	39	4	34.4093
	39	5	88.72993
	39	6	24.698177
	39	7	80.1561
	39	8	16.763054
	39	9	10.630146
	39	10	19.104973
	39	11	33.955853
	39	12	44.181442
	39	13	53.310413
	39	14	43.046486
	39	15	52.773098
	39	16	19.849434
	39	17	45.39824
	39	18	54.644306
	39	19	71.50524
	39	20	57.68882
	39	21	51.662365
	39	22	22.472204
	39	23	72.20111
	39	24	77.02597
	39	25	38.626415
	39	26	21.84033
	39	27	23.43075
	39	28	29.732138
	39	29	95.524864
	39	30	64.00781
	39	31	87.46428
	39	32	19.209373
	39	33	58.821766
	39	34	80.00625
	39	35	57.07889
	39	36	18.681541
	39	37	13.928389
	39	38	14.3178215
	39	39	0.0
	39	40	17.029387
	39	41	28.071337
	39	42	77.25283
	39	43	54.120235
	39	44	58.872746
	39	45	63.28507
	39	46	30.083218
	39	47	44.553337
	39	48	45.17743
	39	49	5.3851647
	40	0	49.0408
	40	1	84.17244
	40	2	11.7046995
	40	3	18.867962
	40	4	48.8467
	40	5	99.824844
	40	6	23.409399
	40	7	89.87213
	40	8	33.24154
	40	9	25.0
	40	10	12.369317
	40	11	40.60788
	40	12	47.853943
	40	13	61.220913
	40	14	57.939625
	40	15	46.52956
	40	16	34.928497
	40	17	49.648766
	40	18	68.8767
	40	19	83.240616
	40	20	72.013885
	40	21	68.06615
	40	22	11.18034
	40	23	82.75868
	40	24	78.339005
	40	25	55.081757
	40	26	22.825424
	40	27	17.117243
	40	28	45.891174
	40	29	107.16809
	40	30	81.02469
	40	31	94.33981
	40	32	14.866069
	40	33	49.979996
	40	34	81.02469
	40	35	74.02702
	40	36	35.22783
	40	37	30.594116
	40	38	30.805843
	40	39	17.029387
	40	40	0.0
	40	41	45.099888
	40	42	71.84706
	40	43	63.03174
	40	44	74.726166
	40	45	72.862885
	40	46	37.536648
	40	47	44.14748
	40	48	62.072536
	40	49	15.524175
	41	0	79.025314
	41	1	65.30697
	41	2	50.96077
	41	3	58.189346
	41	4	22.0
	41	5	75.76939
	41	6	44.65423
	41	7	70.83079
	41	8	13.892444
	41	9	23.259407
	41	10	44.598206
	41	11	40.311287
	41	12	51.884487
	41	13	51.47815
	41	14	25.632011
	41	15	71.44928
	41	16	17.029387
	41	17	51.894123
	41	18	37.12142
	41	19	58.5235
	41	20	39.446167
	41	21	26.627054
	41	22	49.0408
	41	23	61.846584
	41	24	83.1685
	41	25	14.422205
	41	26	41.04875
	41	27	47.423622
	41	28	12.0
	41	29	80.9506
	41	30	36.013885
	41	31	83.15047
	41	32	43.462627
	41	33	79.64923
	41	34	86.33076
	41	35	29.427877
	41	36	12.206555
	41	37	15.297058
	41	38	15.524175
	41	39	28.071337
	41	40	45.099888
	41	41	0.0
	41	42	92.800865
	41	43	50.08992
	41	44	35.468296
	41	45	56.22277
	41	46	36.891735
	41	47	57.801384
	41	48	18.027756
	41	49	30.805843
	42	0	25.70992
	42	1	69.72087
	42	2	60.40695
	42	3	55.00909
	42	4	76.41989
	42	5	85.09406
	42	6	52.554733
	42	7	72.1734
	42	8	80.1561
	42	9	72.94518
	42	10	60.63827
	42	11	53.075417
	42	12	42.520584
	42	13	54.129475
	42	14	82.006096
	42	15	25.317978
	42	16	95.257545
	42	17	43.416588
	42	18	83.725746
	42	19	78.339005
	42	20	85.883644
	42	21	97.80082
	42	22	60.671246
	42	23	72.36712
	42	24	30.413813
	42	25	107.200745
	42	26	55.542778
	42	27	55.542778
	42	28	83.546394
	42	29	93.0215
	42	30	117.4436
	42	31	61.66036
	42	32	59.20304
	42	33	24.738634
	42	34	30.083218
	42	35	109.48059
	42	36	81.27115
	42	37	87.23531
	42	38	88.11924
	42	39	77.25283
	42	40	71.84706
	42	41	92.800865
	42	42	0.0
	42	43	58.18075
	42	44	97.41663
	42	45	63.600315
	42	46	56.0803
	42	47	35.0
	42	48	99.764725
	42	49	71.867935
	43	0	59.008472
	43	1	21.260292
	43	2	58.412327
	43	3	60.53924
	43	4	28.160255
	43	5	37.735924
	43	6	42.201897
	43	7	26.870058
	43	8	43.931767
	43	9	43.863426
	43	10	52.40229
	43	11	22.671568
	43	12	21.377558
	43	13	4.1231055
	43	14	28.635643
	43	15	49.010204
	43	16	61.81424
	43	17	19.235384
	43	18	26.24881
	43	19	23.537205
	43	20	28.01785
	43	21	43.011627
	43	22	56.85068
	43	23	20.59126
	43	24	37.01351
	43	25	62.968246
	43	26	41.109608
	43	27	50.0
	43	28	38.118237
	43	29	45.65085
	43	30	62.625874
	43	31	33.955853
	43	32	49.57822
	43	33	59.0
	43	34	40.0
	43	35	55.21775
	43	36	43.56604
	43	37	54.34151
	43	38	55.31727
	43	39	54.120235
	43	40	63.03174
	43	41	50.08992
	43	42	58.18075
	43	43	0.0
	43	44	40.36087
	43	45	10.0
	43	46	25.495098
	43	47	32.24903
	43	48	48.332184
	43	49	50.77401
	44	0	92.72001
	44	1	43.32436
	44	2	76.53104
	44	3	82.0975
	44	4	27.018513
	44	5	47.042534
	44	6	64.03124
	44	7	47.296936
	44	8	42.154476
	44	9	49.729267
	44	10	69.46222
	44	11	48.507732
	44	12	55.946404
	44	13	44.04543
	44	14	18.027756
	44	15	83.1685
	44	16	52.49762
	44	17	54.56189
	44	18	14.142136
	44	19	32.75668
	44	20	13.038404
	44	21	9.433981
	44	22	74.54529
	44	23	38.8973
	44	24	77.10383
	44	25	39.824615
	44	26	61.0
	44	27	70.064255
	44	28	29.15476
	44	29	50.01
	44	30	23.769728
	44	31	63.90618
	44	32	67.26812
	44	33	93.00538
	44	34	79.98125
	44	35	18.110771
	44	36	40.311287
	44	37	49.396355
	44	38	49.92995
	44	39	58.872746
	44	40	74.726166
	44	41	35.468296
	44	42	97.41663
	44	43	40.36087
	44	44	0.0
	44	45	39.661064
	44	46	47.67599
	44	47	66.12866
	44	48	19.723083
	44	49	59.20304
	45	0	67.36468
	45	1	11.313708
	45	2	68.41052
	45	3	70.491135
	45	4	34.36568
	45	5	27.784887
	45	6	52.201534
	45	7	17.029387
	45	8	51.86521
	45	9	52.83938
	45	10	62.369865
	45	11	32.649654
	45	12	30.675724
	45	13	13.0
	45	14	32.24903
	45	15	57.428215
	45	16	69.375786
	45	17	28.460499
	45	18	25.942244
	45	19	15.033297
	45	20	26.627054
	45	21	44.38468
	45	22	66.8431
	45	23	10.770329
	45	24	38.600517
	45	25	68.06615
	45	26	51.088158
	45	27	60.0
	45	28	44.28318
	45	29	35.77709
	45	30	63.134777
	45	31	27.0
	45	32	59.548298
	45	33	67.26812
	45	34	41.231056
	45	35	56.364883
	45	36	51.24451
	45	37	62.297672
	45	38	63.245552
	45	39	63.28507
	45	40	72.862885
	45	41	56.22277
	45	42	63.600315
	45	43	10.0
	45	44	39.661064
	45	45	0.0
	45	46	35.35534
	45	47	41.231056
	45	48	51.41984
	45	49	60.216278
	46	0	45.694637
	46	1	46.66905
	46	2	33.61547
	46	3	37.0
	46	4	21.931713
	46	5	62.625874
	46	6	18.027756
	46	7	52.34501
	46	8	25.298222
	46	9	21.023796
	46	10	27.202942
	46	11	4.0
	46	12	15.524175
	46	13	23.853722
	46	14	29.832869
	46	15	36.71512
	46	16	42.579338
	46	17	16.124516
	46	18	37.054016
	46	19	46.647614
	46	20	40.112343
	46	21	44.94441
	46	22	31.906113
	46	23	45.453274
	46	24	48.373547
	46	25	51.312767
	46	26	16.124516
	46	27	25.495098
	46	28	27.58623
	46	29	70.21396
	46	30	63.529522
	46	31	57.697487
	46	32	24.41311
	46	33	46.09772
	46	34	51.47815
	46	35	55.470715
	46	36	26.0
	46	37	34.36568
	46	38	35.35534
	46	39	30.083218
	46	40	37.536648
	46	41	36.891735
	46	42	56.0803
	46	43	25.495098
	46	44	47.67599
	46	45	35.35534
	46	46	0.0
	46	47	21.213203
	46	48	44.65423
	46	49	26.0
	47	0	27.166155
	47	1	51.264023
	47	2	34.928497
	47	3	33.600594
	47	4	42.43819
	47	5	68.35203
	47	6	21.095022
	47	7	55.946404
	47	8	45.276924
	47	9	38.626415
	47	10	31.780497
	47	11	18.601076
	47	12	11.0
	47	13	28.442924
	47	14	49.193497
	47	15	17.262676
	47	16	61.09828
	47	17	13.038404
	47	18	53.600372
	47	19	55.7315
	47	20	56.293873
	47	21	64.884514
	47	22	34.176014
	47	23	51.92302
	47	24	34.20526
	47	25	72.20111
	47	26	23.021729
	47	27	27.202942
	47	28	48.79549
	47	29	76.55064
	47	30	84.0595
	47	31	54.48853
	47	32	29.427877
	47	33	27.294687
	47	34	36.878178
	47	35	76.00658
	47	36	46.32494
	47	37	52.924473
	47	38	53.851646
	47	39	44.553337
	47	40	44.14748
	47	41	57.801384
	47	42	35.0
	47	43	32.24903
	47	44	66.12866
	47	45	41.231056
	47	46	21.213203
	47	47	0.0
	47	48	65.60488
	47	49	39.319206
	48	0	89.94443
	48	1	58.137768
	48	2	66.48308
	48	3	73.1642
	48	4	23.345236
	48	5	65.11528
	48	6	57.245087
	48	7	63.007935
	48	8	29.017237
	48	9	38.209946
	48	10	59.682495
	48	11	47.010635
	48	12	57.280014
	48	13	51.0
	48	14	19.697716
	48	15	81.3019
	48	16	34.48188
	48	17	56.586216
	48	18	27.0
	48	19	49.09175
	48	20	28.160255
	48	21	10.29563
	48	22	64.49806
	48	23	54.037025
	48	24	84.723076
	48	25	20.12461
	48	26	53.75872
	48	27	61.611687
	48	28	18.027756
	48	29	68.96376
	48	30	19.646883
	48	31	77.92946
	48	32	58.0517
	48	33	90.426765
	48	34	87.81799
	48	35	12.0415945
	48	36	27.018513
	48	37	33.24154
	48	38	33.526108
	48	39	45.17743
	48	40	62.072536
	48	41	18.027756
	48	42	99.764725
	48	43	48.332184
	48	44	19.723083
	48	45	51.41984
	48	46	44.65423
	48	47	65.60488
	48	48	0.0
	48	49	47.010635
	49	0	52.801514
	49	1	71.40028
	49	2	20.248457
	49	3	27.730848
	49	4	33.54102
	49	5	86.313385
	49	6	19.313208
	49	7	77.201035
	49	8	18.0
	49	9	9.486833
	49	10	14.422205
	49	11	29.732138
	49	12	39.45884
	49	13	49.648766
	49	14	42.544094
	49	15	47.41308
	49	16	24.758837
	49	17	40.792156
	49	18	53.712196
	49	19	69.31089
	49	20	56.82429
	49	21	52.611786
	49	22	18.384777
	49	23	69.52697
	49	24	72.11102
