data;

param n := 50;

param p := 5;

param m := 3;

param alpha := 10.770291328430176;

param r := 
	0	0
	1	0
	2	1
	3	0
	4	1
	5	2
	6	1
	7	1
	8	1
	9	1
	10	2
	11	0
	12	0
	13	1
	14	1
	15	2
	16	2
	17	2
	18	1
	19	1
	20	2
	21	2
	22	1
	23	0
	24	2
	25	2
	26	0
	27	0
	28	1
	29	0
	30	1
	31	0
	32	2
	33	1
	34	0
	35	1
	36	0
	37	0
	38	0
	39	0
	40	0
	41	1
	42	1
	43	1
	44	1
	45	2
	46	2
	47	1
	48	2
	49	0
;

param d := 
	0	0
	1	1
	2	1
	3	2
	4	2
	5	2
	6	2
	7	2
	8	1
	9	1
	10	2
	11	0
	12	1
	13	1
	14	1
	15	2
	16	2
	17	2
	18	1
	19	2
	20	2
	21	2
	22	2
	23	2
	24	2
	25	2
	26	2
	27	2
	28	2
	29	0
	30	1
	31	1
	32	2
	33	1
	34	1
	35	2
	36	1
	37	2
	38	1
	39	2
	40	1
	41	1
	42	2
	43	1
	44	2
	45	2
	46	2
	47	1
	48	2
	49	2
;

param c := 
	0	0	0.0
	0	1	85.158676
	0	2	64.49806
	0	3	67.74216
	0	4	85.58621
	0	5	57.245087
	0	6	30.870699
	0	7	13.038404
	0	8	57.48913
	0	9	1.4142135
	0	10	83.198555
	0	11	35.77709
	0	12	38.327538
	0	13	97.67292
	0	14	82.80701
	0	15	33.24154
	0	16	57.384666
	0	17	91.21951
	0	18	81.8352
	0	19	99.40322
	0	20	98.40732
	0	21	108.68762
	0	22	85.08819
	0	23	100.22475
	0	24	107.647575
	0	25	47.010635
	0	26	60.207973
	0	27	28.84441
	0	28	90.73588
	0	29	72.18033
	0	30	55.326305
	0	31	28.231188
	0	32	71.19691
	0	33	86.579445
	0	34	82.637764
	0	35	76.655075
	0	36	85.42833
	0	37	61.400326
	0	38	64.12488
	0	39	4.2426405
	0	40	62.76942
	0	41	103.75452
	0	42	30.870699
	0	43	8.062258
	0	44	82.661964
	0	45	90.60353
	0	46	50.96077
	0	47	91.0
	0	48	85.09406
	0	49	90.79648
	1	0	85.158676
	1	1	0.0
	1	2	90.97253
	1	3	17.464249
	1	4	102.55243
	1	5	35.1141
	1	6	56.008926
	1	7	83.00603
	1	8	82.492424
	1	9	86.313385
	1	10	5.8309517
	1	11	70.34202
	1	12	82.565125
	1	13	12.649111
	1	14	47.88528
	1	15	61.81424
	1	16	32.01562
	1	17	54.781384
	1	18	68.007355
	1	19	88.68484
	1	20	68.35203
	1	21	35.846897
	1	22	81.21576
	1	23	15.652476
	1	24	48.166378
	1	25	59.615433
	1	26	46.872166
	1	27	68.73136
	1	28	72.56032
	1	29	91.04944
	1	30	35.22783
	1	31	73.97973
	1	32	68.593
	1	33	103.24728
	1	34	17.464249
	1	35	96.540146
	1	36	24.04163
	1	37	25.179358
	1	38	26.907248
	1	39	81.7435
	1	40	65.60488
	1	41	33.24154
	1	42	72.36712
	1	43	83.21658
	1	44	36.67424
	1	45	64.84597
	1	46	78.26238
	1	47	85.44589
	1	48	10.049875
	1	49	6.3245554
	2	0	64.49806
	2	1	90.97253
	2	2	0.0
	2	3	79.98125
	2	4	21.095022
	2	5	57.384666
	2	6	54.781384
	2	7	51.47815
	2	8	9.433981
	2	9	65.62012
	2	10	85.75546
	2	11	32.984844
	2	12	26.172504
	2	13	99.29753
	2	14	53.600372
	2	15	42.72002
	2	16	61.554855
	2	17	56.008926
	2	18	36.345562
	2	19	41.868843
	2	20	53.851646
	2	21	91.591484
	2	22	29.529646
	2	23	99.744675
	2	24	80.024994
	2	25	34.20526
	2	26	44.102154
	2	27	40.792156
	2	28	42.059483
	2	29	8.602325
	2	30	84.31489
	2	31	38.118237
	2	32	27.073973
	2	33	22.090721
	2	34	76.922035
	2	35	12.165525
	2	36	74.094536
	2	37	69.354164
	2	38	88.09086
	2	39	61.204575
	2	40	26.0
	2	41	86.88498
	2	42	36.345562
	2	43	56.435802
	2	44	62.361847
	2	45	47.67599
	2	46	16.155495
	2	47	33.600594
	2	48	97.6166
	2	49	97.097885
	3	0	67.74216
	3	1	17.464249
	3	2	79.98125
	3	3	0.0
	3	4	94.20191
	3	5	22.627417
	3	6	39.115215
	3	7	66.068146
	3	8	70.93659
	3	9	68.88396
	3	10	16.643316
	3	11	55.542778
	3	12	68.0294
	3	13	30.083218
	3	14	46.389652
	3	15	46.173584
	3	16	18.439089
	3	17	55.081757
	3	18	63.324562
	3	19	85.3815
	3	20	68.359344
	3	21	48.270073
	3	22	75.58439
	3	23	32.89377
	3	24	56.0803
	3	25	46.615448
	3	26	37.202152
	3	27	52.886673
	3	28	69.641945
	3	29	81.46779
	3	30	20.0
	3	31	58.24088
	3	32	61.05735
	3	33	95.0
	3	34	22.36068
	3	35	87.20665
	3	36	28.79236
	3	37	10.630146
	3	38	14.3178215
	3	39	64.381676
	3	40	56.22277
	3	41	44.407207
	3	42	56.920998
	3	43	66.0303
	3	44	37.01351
	3	45	63.15061
	3	46	65.802734
	3	47	80.622574
	3	48	18.973665
	3	49	23.086792
	4	0	85.58621
	4	1	102.55243
	4	2	21.095022
	4	3	94.20191
	4	4	0.0
	4	5	71.84706
	4	6	74.215904
	4	7	72.56032
	4	8	29.15476
	4	9	86.70064
	4	10	96.938126
	4	11	53.338543
	4	12	47.26521
	4	13	109.01835
	4	14	58.66856
	4	15	62.369865
	4	16	76.27582
	4	17	57.58472
	4	18	37.576588
	4	19	30.594116
	4	20	50.48762
	4	21	95.85406
	4	22	25.0
	4	23	108.81177
	4	24	81.32035
	4	25	51.62364
	4	26	57.00877
	4	27	61.294373
	4	28	38.832977
	4	29	14.3178215
	4	30	101.51847
	4	31	59.008472
	4	32	33.970577
	4	33	1.0
	4	34	86.683334
	4	35	9.0
	4	36	82.419655
	4	37	83.81527
	4	38	104.100914
	4	39	82.29824
	4	40	38.013157
	4	41	91.706055
	4	42	57.07889
	4	43	77.52419
	4	44	69.339745
	4	45	46.840153
	4	46	36.221542
	4	47	25.019993
	4	48	110.39022
	4	49	108.30051
	5	0	57.245087
	5	1	35.1141
	5	2	57.384666
	5	3	22.627417
	5	4	71.84706
	5	5	0.0
	5	6	26.41969
	5	7	51.662365
	5	8	48.414875
	5	9	58.59181
	5	10	30.805843
	5	11	35.510563
	5	12	47.539455
	5	13	45.705578
	5	14	31.622776
	5	15	28.071337
	5	16	4.472136
	5	17	41.109608
	5	18	43.56604
	5	19	65.9242
	5	20	52.773098
	5	21	51.47815
	5	22	54.708317
	5	23	47.26521
	5	24	51.62364
	5	25	24.596748
	5	26	15.231546
	5	27	35.057095
	5	28	51.088158
	5	29	58.898216
	5	30	32.24903
	5	31	40.0
	5	32	39.39543
	5	33	72.67049
	5	34	26.305893
	5	35	64.66065
	5	36	28.231188
	5	37	12.0415945
	5	38	32.695564
	5	39	53.225933
	5	40	33.83785
	5	41	46.518814
	5	42	38.052597
	5	43	53.14132
	5	44	27.018513
	5	45	46.173584
	5	46	43.56604
	5	47	60.166435
	5	48	40.496914
	5	49	41.4367
	6	0	30.870699
	6	1	56.008926
	6	2	54.781384
	6	3	39.115215
	6	4	74.215904
	6	5	26.41969
	6	6	0.0
	6	7	27.0
	6	8	45.54119
	6	9	32.202484
	6	10	53.338543
	6	11	22.472204
	6	12	33.970577
	6	13	68.18358
	6	14	54.20332
	6	15	12.083046
	6	16	26.57066
	6	17	63.245552
	6	18	58.24088
	6	19	78.91768
	6	20	72.44998
	6	21	77.820305
	6	22	65.27634
	6	23	70.45566
	6	24	77.46612
	6	25	24.020824
	6	26	31.906113
	6	27	16.27882
	6	28	67.052216
	6	29	59.908264
	6	30	33.01515
	6	31	21.400934
	6	32	49.497475
	6	33	75.18643
	6	34	51.86521
	6	35	65.52099
	6	36	54.56189
	6	37	31.257
	6	38	39.812057
	6	39	26.925823
	6	40	41.19466
	6	41	72.89719
	6	42	21.213203
	6	43	27.45906
	6	44	52.49762
	6	45	64.884514
	6	46	38.626415
	6	47	71.34424
	6	48	57.706154
	6	49	62.008064
	7	0	13.038404
	7	1	83.00603
	7	2	51.47815
	7	3	66.068146
	7	4	72.56032
	7	5	51.662365
	7	6	27.0
	7	7	0.0
	7	8	44.64303
	7	9	14.142136
	7	10	80.224686
	7	11	24.207438
	7	12	25.317978
	7	13	95.131485
	7	14	73.817345
	7	15	24.596748
	7	16	52.773098
	7	17	81.68843
	7	18	70.60453
	7	19	87.20665
	7	20	87.78383
	7	21	102.78619
	7	22	72.89719
	7	23	97.32934
	7	24	99.849884
	7	25	36.878178
	7	26	51.62364
	7	27	18.601076
	7	28	79.40403
	7	29	59.22837
	7	30	57.245087
	7	31	16.40122
	7	32	59.64059
	7	33	73.552704
	7	34	77.87811
	7	35	63.63961
	7	36	79.69943
	7	37	58.137768
	7	38	65.25335
	7	39	10.198039
	7	40	51.40039
	7	41	97.73945
	7	42	19.209373
	7	43	5.0
	7	44	75.13322
	7	45	79.98125
	7	46	38.27532
	7	47	78.72102
	7	48	84.48077
	7	49	89.005615
	8	0	57.48913
	8	1	82.492424
	8	2	9.433981
	8	3	70.93659
	8	4	29.15476
	8	5	48.414875
	8	6	45.54119
	8	7	44.64303
	8	8	0.0
	8	9	58.694122
	8	10	77.41447
	8	11	24.186773
	8	12	19.697716
	8	13	91.28527
	8	14	48.0
	8	15	33.526108
	8	16	52.49762
	8	17	51.78803
	8	18	33.61547
	8	19	44.20407
	8	20	51.894123
	8	21	85.47514
	8	22	30.413813
	8	23	91.92388
	8	24	75.23962
	8	25	24.839485
	8	26	35.77709
	8	27	32.140316
	8	28	40.81666
	8	29	15.0
	8	30	74.88658
	8	31	30.066593
	8	32	22.803509
	8	33	30.149628
	8	34	69.079666
	8	35	20.22375
	8	36	66.760765
	8	37	60.307545
	8	38	78.74643
	8	39	53.935146
	8	40	19.104973
	8	41	80.622574
	8	42	28.0
	8	43	49.47727
	8	44	55.7315
	8	45	44.94441
	8	46	7.071068
	8	47	35.608986
	8	48	88.814415
	8	49	88.68484
	9	0	1.4142135
	9	1	86.313385
	9	2	65.62012
	9	3	68.88396
	9	4	86.70064
	9	5	58.59181
	9	6	32.202484
	9	7	14.142136
	9	8	58.694122
	9	9	0.0
	9	10	84.40379
	9	11	37.12142
	9	12	39.45884
	9	13	98.84331
	9	14	84.21995
	9	15	34.655445
	9	16	58.694122
	9	17	92.63369
	9	18	83.21658
	9	19	100.72239
	9	20	99.80982
	9	21	110.02273
	9	22	86.40602
	9	23	101.414986
	9	24	109.041275
	9	25	48.414875
	9	26	61.6198
	9	27	30.232433
	9	28	92.11406
	9	29	73.34848
	9	30	56.22277
	9	31	29.546574
	9	32	72.56032
	9	33	87.69264
	9	34	83.9345
	9	35	77.781746
	9	36	86.764046
	9	37	62.641838
	9	38	65.06919
	9	39	5.656854
	9	40	64.14047
	9	41	105.09519
	9	42	32.202484
	9	43	9.219544
	9	44	84.05355
	9	45	92.00543
	9	46	52.201534
	9	47	92.309265
	9	48	86.145226
	9	49	91.92388
	10	0	83.198555
	10	1	5.8309517
	10	2	85.75546
	10	3	16.643316
	10	4	96.938126
	10	5	30.805843
	10	6	53.338543
	10	7	80.224686
	10	8	77.41447
	10	9	84.40379
	10	10	0.0
	10	11	66.287254
	10	12	78.339005
	10	13	15.033297
	10	14	42.059483
	10	15	58.21512
	10	16	28.160255
	10	17	49.0408
	10	18	62.201286
	10	19	82.85529
	10	20	62.625874
	10	21	32.75668
	10	22	75.43209
	10	23	17.117243
	10	24	43.56604
	10	25	55.027267
	10	26	41.677334
	10	27	65.192024
	10	28	66.730804
	10	29	85.60374
	10	30	36.069378
	10	31	70.34913
	10	32	62.968246
	10	33	97.62172
	10	34	11.7046995
	10	35	91.04944
	10	36	18.439089
	10	37	22.090721
	10	38	28.600698
	10	39	79.624115
	10	40	60.216278
	10	41	29.546574
	10	42	68.593
	10	43	80.75271
	10	44	30.870699
	10	45	59.03389
	10	46	73.409805
	10	47	79.630394
	10	48	15.524175
	10	49	11.401754
	11	0	35.77709
	11	1	70.34202
	11	2	32.984844
	11	3	55.542778
	11	4	53.338543
	11	5	35.510563
	11	6	22.472204
	11	7	24.207438
	11	8	24.186773
	11	9	37.12142
	11	10	66.287254
	11	11	0.0
	11	12	12.529964
	11	13	81.21576
	11	14	51.0
	11	15	10.630146
	11	16	38.327538
	11	17	58.249462
	11	18	46.400433
	11	19	63.694584
	11	20	63.655323
	11	21	83.360664
	11	22	49.396355
	11	23	82.73451
	11	24	78.0
	11	25	13.928389
	11	26	30.083218
	11	27	8.0
	11	28	55.21775
	11	29	39.115215
	11	30	54.451813
	11	31	7.81025
	11	32	35.510563
	11	33	54.33231
	11	34	61.03278
	11	35	44.407207
	11	36	61.204575
	11	37	45.54119
	11	38	60.0
	11	39	31.780497
	11	40	27.202942
	11	41	78.26238
	11	42	5.0
	11	43	28.301943
	11	44	54.120235
	11	45	55.86591
	11	46	17.117243
	11	47	55.362442
	11	48	74.46476
	11	49	76.655075
	12	0	38.327538
	12	1	82.565125
	12	2	26.172504
	12	3	68.0294
	12	4	47.26521
	12	5	47.539455
	12	6	33.970577
	12	7	25.317978
	12	8	19.697716
	12	9	39.45884
	12	10	78.339005
	12	11	12.529964
	12	12	0.0
	12	13	93.17188
	12	14	58.821766
	12	15	22.803509
	12	16	50.596443
	12	17	64.884514
	12	18	49.819675
	12	19	63.51378
	12	20	68.007355
	12	21	93.43447
	12	22	49.40648
	12	23	94.54099
	12	24	86.40023
	12	25	24.020824
	12	26	40.04997
	12	27	17.804493
	12	28	58.0517
	12	29	33.955853
	12	30	66.6033
	12	31	13.416408
	12	32	38.418747
	12	33	48.259712
	12	34	72.443085
	12	35	38.327538
	12	36	72.00694
	12	37	57.939625
	12	38	72.42237
	12	39	35.057095
	12	40	31.38471
	12	41	88.362885
	12	42	12.806249
	12	43	30.265491
	12	44	63.63961
	12	45	60.464867
	12	46	14.21267
	12	47	54.91812
	12	48	86.925255
	12	49	88.88757
	13	0	97.67292
	13	1	12.649111
	13	2	99.29753
	13	3	30.083218
	13	4	109.01835
	13	5	45.705578
	13	6	68.18358
	13	7	95.131485
	13	8	91.28527
	13	9	98.84331
	13	10	15.033297
	13	11	81.21576
	13	12	93.17188
	13	13	0.0
	13	14	51.662365
	13	15	73.24616
	13	16	43.185646
	13	17	56.859474
	13	18	72.835434
	13	19	92.00543
	13	20	69.97142
	13	21	29.068884
	13	22	86.27862
	13	23	3.6055512
	13	24	44.72136
	13	25	69.641945
	13	26	55.542778
	13	27	80.224686
	13	28	76.05919
	13	29	98.478424
	13	30	47.507893
	13	31	85.37564
	13	32	75.21303
	13	33	109.63576
	13	34	22.472204
	13	35	103.73042
	13	36	26.870058
	13	37	37.01351
	13	38	38.832977
	13	39	94.20191
	13	40	73.43024
	13	41	28.160255
	13	42	83.60024
	13	43	95.524864
	13	44	40.311287
	13	45	67.80118
	13	46	87.66413
	13	47	89.87213
	13	48	17.804493
	13	49	8.485281
	14	0	82.80701
	14	1	47.88528
	14	2	53.600372
	14	3	46.389652
	14	4	58.66856
	14	5	31.622776
	14	6	54.20332
	14	7	73.817345
	14	8	48.0
	14	9	84.21995
	14	10	42.059483
	14	11	51.0
	14	12	58.821766
	14	13	51.662365
	14	14	0.0
	14	15	49.67897
	14	16	34.928497
	14	17	9.486833
	14	18	21.400934
	14	19	40.81666
	14	20	22.022715
	14	21	38.078865
	14	22	34.828148
	14	23	50.931328
	14	24	27.658634
	14	25	37.215588
	14	26	22.627417
	14	27	55.21775
	14	28	24.698177
	14	29	50.289165
	14	30	62.289646
	14	31	58.30952
	14	32	26.683329
	14	33	59.16925
	14	34	30.528675
	14	35	54.781384
	14	36	24.839485
	14	37	39.051247
	14	38	60.074955
	14	39	78.56844
	14	40	29.068884
	14	41	33.526108
	14	42	55.569775
	14	43	76.837494
	14	44	11.401754
	14	45	17.088007
	14	46	47.518417
	14	47	38.209946
	14	48	57.271286
	14	49	52.69725
	15	0	33.24154
	15	1	61.81424
	15	2	42.72002
	15	3	46.173584
	15	4	62.369865
	15	5	28.071337
	15	6	12.083046
	15	7	24.596748
	15	8	33.526108
	15	9	34.655445
	15	10	58.21512
	15	11	10.630146
	15	12	22.803509
	15	13	73.24616
	15	14	49.67897
	15	15	0.0
	15	16	30.066593
	15	17	57.982758
	15	18	49.658836
	15	19	69.12308
	15	20	65.459915
	15	21	78.44743
	15	22	55.108982
	15	23	75.059975
	15	24	75.29276
	15	25	14.3178215
	15	26	27.202942
	15	27	7.0
	15	28	58.60034
	15	29	48.052055
	15	30	43.863426
	15	31	12.165525
	15	32	39.849716
	15	33	63.348244
	15	34	54.33231
	15	35	53.600372
	15	36	55.542778
	15	37	36.67424
	15	38	49.648766
	15	39	29.0
	15	40	31.320919
	15	41	73.37575
	15	42	10.770329
	15	43	27.202942
	15	44	50.537113
	15	45	57.68882
	15	46	26.57066
	15	47	61.188232
	15	48	65.14599
	15	49	68.06615
	16	0	57.384666
	16	1	32.01562
	16	2	61.554855
	16	3	18.439089
	16	4	76.27582
	16	5	4.472136
	16	6	26.57066
	16	7	52.773098
	16	8	52.49762
	16	9	58.694122
	16	10	28.160255
	16	11	38.327538
	16	12	50.596443
	16	13	43.185646
	16	14	34.928497
	16	15	30.066593
	16	16	0.0
	16	17	44.38468
	16	18	47.853943
	16	19	70.21396
	16	20	56.435802
	16	21	51.47815
	16	22	59.135437
	16	23	45.01111
	16	24	53.15073
	16	25	28.301943
	16	26	19.697716
	16	27	37.054016
	16	28	55.226807
	16	29	63.25346
	16	30	28.071337
	16	31	42.190044
	16	32	43.863426
	16	33	77.10383
	16	34	25.298222
	16	35	69.02898
	16	36	28.301943
	16	37	7.81025
	16	38	28.231188
	16	39	53.488316
	16	40	38.27532
	16	41	46.647614
	16	42	40.4475
	16	43	53.851646
	16	44	29.15476
	16	45	50.039986
	16	46	47.434166
	16	47	64.56005
	16	48	36.71512
	16	49	38.327538
	17	0	91.21951
	17	1	54.781384
	17	2	56.008926
	17	3	55.081757
	17	4	57.58472
	17	5	41.109608
	17	6	63.245552
	17	7	81.68843
	17	8	51.78803
	17	9	92.63369
	17	10	49.0408
	17	11	58.249462
	17	12	64.884514
	17	13	56.859474
	17	14	9.486833
	17	15	57.982758
	17	16	44.38468
	17	17	0.0
	17	18	20.396078
	17	19	35.383614
	17	20	13.601471
	17	21	38.470768
	17	22	32.695564
	17	23	55.605755
	17	24	24.186773
	17	25	44.82187
	17	26	31.400637
	17	27	63.126858
	17	28	20.0
	17	29	51.351727
	17	30	71.568146
	17	31	65.802734
	17	32	29.15476
	17	33	57.939625
	17	34	37.336308
	17	35	55.108982
	17	36	30.870699
	17	37	48.259712
	17	38	69.0
	17	39	86.977005
	17	40	33.83785
	17	41	34.669872
	17	42	63.007935
	17	43	84.95882
	17	44	18.439089
	17	45	11.401754
	17	46	52.49762
	17	47	34.669872
	17	48	64.513565
	17	49	59.03389
	18	0	81.8352
	18	1	68.007355
	18	2	36.345562
	18	3	63.324562
	18	4	37.576588
	18	5	43.56604
	18	6	58.24088
	18	7	70.60453
	18	8	33.61547
	18	9	83.21658
	18	10	62.201286
	18	11	46.400433
	18	12	49.819675
	18	13	72.835434
	18	14	21.400934
	18	15	49.658836
	18	16	47.853943
	18	17	20.396078
	18	18	0.0
	18	19	22.36068
	18	20	18.35756
	18	21	58.30952
	18	22	13.453624
	18	23	72.249565
	18	24	44.553337
	18	25	35.341194
	18	26	29.017237
	18	27	53.0
	18	28	8.944272
	18	29	31.06445
	18	30	75.802376
	18	31	54.20332
	18	32	11.401754
	18	33	38.013157
	18	34	51.088158
	18	35	34.713108
	18	36	45.96738
	18	37	54.120235
	18	38	75.690155
	18	39	77.698135
	18	40	19.209373
	18	41	54.129475
	18	42	51.40039
	18	43	74.63243
	18	44	32.55764
	18	45	11.401754
	18	46	36.05551
	18	47	17.492855
	18	48	76.8505
	18	49	73.24616
	19	0	99.40322
	19	1	88.68484
	19	2	41.868843
	19	3	85.3815
	19	4	30.594116
	19	5	65.9242
	19	6	78.91768
	19	7	87.20665
	19	8	44.20407
	19	9	100.72239
	19	10	82.85529
	19	11	63.694584
	19	12	63.51378
	19	13	92.00543
	19	14	40.81666
	19	15	69.12308
	19	16	70.21396
	19	17	35.383614
	19	18	22.36068
	19	19	0.0
	19	20	23.853722
	19	21	72.8011
	19	22	14.3178215
	19	23	90.90655
	19	24	56.0803
	19	25	55.108982
	19	26	51.24451
	19	27	71.168816
	19	28	16.124516
	19	29	33.600594
	19	30	98.15294
	19	31	71.17584
	19	32	29.427877
	19	33	30.413813
	19	34	71.34424
	19	35	33.54102
	19	36	65.459915
	19	37	76.40026
	19	38	97.984695
	19	39	95.462036
	19	40	37.85499
	19	41	69.52697
	19	42	68.54196
	19	43	91.706055
	19	44	52.153618
	19	45	24.207438
	19	46	49.396355
	19	47	8.602325
	19	48	97.94897
	19	49	93.49332
	20	0	98.40732
	20	1	68.35203
	20	2	53.851646
	20	3	68.359344
	20	4	50.48762
	20	5	52.773098
	20	6	72.44998
	20	7	87.78383
	20	8	51.894123
	20	9	99.80982
	20	10	62.625874
	20	11	63.655323
	20	12	68.007355
	20	13	69.97142
	20	14	22.022715
	20	15	65.459915
	20	16	56.435802
	20	17	13.601471
	20	18	18.35756
	20	19	23.853722
	20	20	0.0
	20	21	49.0408
	20	22	26.0
	20	23	68.50548
	20	24	32.24903
	20	25	51.40039
	20	26	40.853397
	20	27	69.656296
	20	28	12.0415945
	20	29	47.518417
	20	30	84.14868
	20	31	71.44928
	20	32	29.681644
	20	33	50.635956
	20	34	50.92151
	20	35	50.039986
	20	36	44.38468
	20	37	61.008198
	20	38	82.0975
	20	39	94.20191
	20	40	36.878178
	20	41	45.96738
	20	42	68.622154
	20	43	91.5478
	20	44	32.01562
	20	45	7.81025
	20	46	54.378304
	20	47	25.70992
	20	48	78.1089
	20	49	72.498276
	21	0	108.68762
	21	1	35.846897
	21	2	91.591484
	21	3	48.270073
	21	4	95.85406
	21	5	51.47815
	21	6	77.820305
	21	7	102.78619
	21	8	85.47514
	21	9	110.02273
	21	10	32.75668
	21	11	83.360664
	21	12	93.43447
	21	13	29.068884
	21	14	38.078865
	21	15	78.44743
	21	16	51.47815
	21	17	38.470768
	21	18	58.30952
	21	19	72.8011
	21	20	49.0408
	21	21	0.0
	21	22	71.11259
	21	23	26.0
	21	24	18.027756
	21	25	69.72087
	21	26	53.460266
	21	27	85.16454
	21	28	58.30952
	21	29	88.32327
	21	30	68.24954
	21	31	89.498604
	21	32	64.7611
	21	33	96.25487
	21	34	27.018513
	21	35	92.65527
	21	36	23.259407
	21	37	49.20366
	21	38	61.294373
	21	39	104.69479
	21	40	66.37017
	21	41	5.0990195
	21	42	87.09765
	21	43	104.54664
	21	44	30.0
	21	45	49.73932
	21	46	84.0238
	21	47	73.061615
	21	48	44.922153
	21	49	35.902645
	22	0	85.08819
	22	1	81.21576
	22	2	29.529646
	22	3	75.58439
	22	4	25.0
	22	5	54.708317
	22	6	65.27634
	22	7	72.89719
	22	8	30.413813
	22	9	86.40602
	22	10	75.43209
	22	11	49.396355
	22	12	49.40648
	22	13	86.27862
	22	14	34.828148
	22	15	55.108982
	22	16	59.135437
	22	17	32.695564
	22	18	13.453624
	22	19	14.3178215
	22	20	26.0
	22	21	71.11259
	22	22	0.0
	22	23	85.70297
	22	24	56.32051
	22	25	41.303753
	22	26	39.56008
	22	27	56.920998
	22	28	14.035668
	22	29	22.135944
	22	30	86.58522
	22	31	56.859474
	22	32	16.03122
	22	33	25.298222
	22	34	64.44377
	22	35	24.083189
	22	36	59.413803
	22	37	65.9242
	22	38	87.31552
	22	39	81.154175
	22	40	24.083189
	22	41	67.11929
	22	42	54.230988
	22	43	77.388626
	22	44	46.010868
	22	45	21.84033
	22	46	35.22783
	22	47	6.0827627
	22	48	89.87213
	22	49	86.55634
	23	0	100.22475
	23	1	15.652476
	23	2	99.744675
	23	3	32.89377
	23	4	108.81177
	23	5	47.26521
	23	6	70.45566
	23	7	97.32934
	23	8	91.92388
	23	9	101.414986
	23	10	17.117243
	23	11	82.73451
	23	12	94.54099
	23	13	3.6055512
	23	14	50.931328
	23	15	75.059975
	23	16	45.01111
	23	17	55.605755
	23	18	72.249565
	23	19	90.90655
	23	20	68.50548
	23	21	26.0
	23	22	85.70297
	23	23	0.0
	23	24	42.201897
	23	25	70.83079
	23	26	56.302753
	23	27	82.05486
	23	28	75.073296
	23	29	98.61542
	23	30	50.77401
	23	31	87.14356
	23	32	75.16648
	23	33	109.40292
	23	34	22.847319
	23	35	103.773796
	23	36	26.400757
	23	37	39.20459
	23	38	42.201897
	23	39	96.69022
	23	40	73.790245
	23	41	25.495098
	23	42	85.28775
	23	43	97.867256
	23	44	39.698868
	23	45	66.70832
	23	46	88.54378
	23	47	89.09545
	23	48	21.400934
	23	49	12.0415945
	24	0	107.647575
	24	1	48.166378
	24	2	80.024994
	24	3	56.0803
	24	4	81.32035
	24	5	51.62364
	24	6	77.46612
	24	7	99.849884
	24	8	75.23962
	24	9	109.041275
	24	10	43.56604
	24	11	78.0
	24	12	86.40023
	24	13	44.72136
	24	14	27.658634
	24	15	75.29276
	24	16	53.15073
	24	17	24.186773
	24	18	44.553337
	24	19	56.0803
	24	20	32.24903
	24	21	18.027756
	24	22	56.32051
	24	23	42.201897
	24	24	0.0
	24	25	64.07808
	24	26	48.30114
	24	27	81.41253
	24	28	42.72002
	24	29	75.53807
	24	30	75.58439
	24	31	85.0
	24	32	53.0
	24	33	81.608826
	24	34	33.83785
	24	35	79.24645
	24	36	27.313
	24	37	53.535034
	24	38	70.2282
	24	39	103.4698
	24	40	56.568542
	24	41	16.763054
	24	42	82.346825
	24	43	102.396286
	24	44	25.0
	24	45	34.48188
	24	46	75.13322
	24	47	57.384666
	24	48	58.077534
	24	49	50.039986
	25	0	47.010635
	25	1	59.615433
	25	2	34.20526
	25	3	46.615448
	25	4	51.62364
	25	5	24.596748
	25	6	24.020824
	25	7	36.878178
	25	8	24.839485
	25	9	48.414875
	25	10	55.027267
	25	11	13.928389
	25	12	24.020824
	25	13	69.641945
	25	14	37.215588
	25	15	14.3178215
	25	16	28.301943
	25	17	44.82187
	25	18	35.341194
	25	19	55.108982
	25	20	51.40039
	25	21	69.72087
	25	22	41.303753
	25	23	70.83079
	25	24	64.07808
	25	25	0.0
	25	26	16.27882
	25	27	18.384777
	25	28	44.28318
	25	29	37.576588
	25	30	50.24938
	25	31	21.095022
	25	32	25.70992
	25	33	52.554733
	25	34	48.507732
	25	35	43.382023
	25	36	48.0
	25	37	36.05551
	25	38	53.90733
	25	39	42.80187
	25	40	17.262676
	25	41	64.629715
	25	42	18.35756
	25	43	40.311287
	25	44	40.261642
	25	45	43.60046
	25	46	19.209373
	25	47	47.38143
	25	48	65.0
	25	49	65.9242
	26	0	60.207973
	26	1	46.872166
	26	2	44.102154
	26	3	37.202152
	26	4	57.00877
	26	5	15.231546
	26	6	31.906113
	26	7	51.62364
	26	8	35.77709
	26	9	61.6198
	26	10	41.677334
	26	11	30.083218
	26	12	40.04997
	26	13	55.542778
	26	14	22.627417
	26	15	27.202942
	26	16	19.697716
	26	17	31.400637
	26	18	29.017237
	26	19	51.24451
	26	20	40.853397
	26	21	53.460266
	26	22	39.56008
	26	23	56.302753
	26	24	48.30114
	26	25	16.27882
	26	26	0.0
	26	27	33.12099
	26	28	37.12142
	26	29	44.553337
	26	30	47.07441
	26	31	36.769554
	26	32	24.166092
	26	33	57.801384
	26	34	33.526108
	26	35	50.20956
	26	36	32.140316
	26	37	26.925823
	26	38	47.92703
	26	39	55.97321
	26	40	19.104973
	26	41	48.373547
	26	42	34.176014
	26	43	54.405884
	26	44	24.04163
	26	45	33.526108
	26	46	32.280025
	26	47	45.122055
	26	48	53.814495
	26	49	53.0
	27	0	28.84441
	27	1	68.73136
	27	2	40.792156
	27	3	52.886673
	27	4	61.294373
	27	5	35.057095
	27	6	16.27882
	27	7	18.601076
	27	8	32.140316
	27	9	30.232433
	27	10	65.192024
	27	11	8.0
	27	12	17.804493
	27	13	80.224686
	27	14	55.21775
	27	15	7.0
	27	16	37.054016
	27	17	63.126858
	27	18	53.0
	27	19	71.168816
	27	20	69.656296
	27	21	85.16454
	27	22	56.920998
	27	23	82.05486
	27	24	81.41253
	27	25	18.384777
	27	26	33.12099
	27	27	0.0
	27	28	61.91123
	27	29	47.095646
	27	30	49.20366
	27	31	5.3851647
	27	32	42.48529
	27	33	62.289646
	27	34	61.294373
	27	35	52.34501
	27	36	62.369865
	27	37	43.56604
	27	38	55.569775
	27	39	24.698177
	27	40	34.0
	27	41	80.08121
	27	42	5.0
	27	43	21.931713
	27	44	56.859474
	27	45	61.846584
	27	46	25.079872
	27	47	62.936478
	27	48	71.8401
	27	49	74.96666
	28	0	90.73588
	28	1	72.56032
	28	2	42.059483
	28	3	69.641945
	28	4	38.832977
	28	5	51.088158
	28	6	67.052216
	28	7	79.40403
	28	8	40.81666
	28	9	92.11406
	28	10	66.730804
	28	11	55.21775
	28	12	58.0517
	28	13	76.05919
	28	14	24.698177
	28	15	58.60034
	28	16	55.226807
	28	17	20.0
	28	18	8.944272
	28	19	16.124516
	28	20	12.0415945
	28	21	58.30952
	28	22	14.035668
	28	23	75.073296
	28	24	42.72002
	28	25	44.28318
	28	26	37.12142
	28	27	61.91123
	28	28	0.0
	28	29	35.510563
	28	30	83.294655
	28	31	63.007935
	28	32	19.849434
	28	33	39.051247
	28	34	55.226807
	28	35	38.013157
	28	36	49.40648
	28	37	61.0
	28	38	82.565125
	28	39	86.608315
	28	40	28.01785
	28	41	54.644306
	28	42	60.216278
	28	43	83.48653
	28	44	36.05551
	28	45	8.602325
	28	46	44.04543
	28	47	14.764823
	28	48	81.84131
	28	49	77.388626
	29	0	72.18033
	29	1	91.04944
	29	2	8.602325
	29	3	81.46779
	29	4	14.3178215
	29	5	58.898216
	29	6	59.908264
	29	7	59.22837
	29	8	15.0
	29	9	73.34848
	29	10	85.60374
	29	11	39.115215
	29	12	33.955853
	29	13	98.478424
	29	14	50.289165
	29	15	48.052055
	29	16	63.25346
	29	17	51.351727
	29	18	31.06445
	29	19	33.600594
	29	20	47.518417
	29	21	88.32327
	29	22	22.135944
	29	23	98.61542
	29	24	75.53807
	29	25	37.576588
	29	26	44.553337
	29	27	47.095646
	29	28	35.510563
	29	29	0.0
	29	30	87.70975
	29	31	45.044422
	29	32	23.769728
	29	33	15.297058
	29	34	76.00658
	29	35	5.8309517
	29	36	72.47068
	29	37	70.93659
	29	38	90.697296
	29	39	68.73136
	29	40	25.495098
	29	41	83.81527
	29	42	43.0
	29	43	64.132675
	29	44	60.00833
	29	45	42.0119
	29	46	22.022715
	29	47	25.553865
	29	48	98.35141
	29	49	97.00516
	30	0	55.326305
	30	1	35.22783
	30	2	84.31489
	30	3	20.0
	30	4	101.51847
	30	5	32.24903
	30	6	33.01515
	30	7	57.245087
	30	8	74.88658
	30	9	56.22277
	30	10	36.069378
	30	11	54.451813
	30	12	66.6033
	30	13	47.507893
	30	14	62.289646
	30	15	43.863426
	30	16	28.071337
	30	17	71.568146
	30	18	75.802376
	30	19	98.15294
	30	20	84.14868
	30	21	68.24954
	30	22	86.58522
	30	23	50.77401
	30	24	75.58439
	30	25	50.24938
	30	26	47.07441
	30	27	49.20366
	30	28	83.294655
	30	29	87.70975
	30	30	0.0
	30	31	54.405884
	30	32	70.88018
	30	33	102.41582
	30	34	42.190044
	30	35	93.53609
	30	36	48.30114
	30	37	23.345236
	30	38	9.219544
	30	39	52.773098
	30	40	64.25729
	30	41	64.40497
	30	42	54.037025
	30	43	55.7853
	30	44	54.571056
	30	45	78.0
	30	46	68.60029
	30	47	92.19544
	30	48	31.622776
	30	49	39.357338
	31	0	28.231188
	31	1	73.97973
	31	2	38.118237
	31	3	58.24088
	31	4	59.008472
	31	5	40.0
	31	6	21.400934
	31	7	16.40122
	31	8	30.066593
	31	9	29.546574
	31	10	70.34913
	31	11	7.81025
	31	12	13.416408
	31	13	85.37564
	31	14	58.30952
	31	15	12.165525
	31	16	42.190044
	31	17	65.802734
	31	18	54.20332
	31	19	71.17584
	31	20	71.44928
	31	21	89.498604
	31	22	56.859474
	31	23	87.14356
	31	24	85.0
	31	25	21.095022
	31	26	36.769554
	31	27	5.3851647
	31	28	63.007935
	31	29	45.044422
	31	30	54.405884
	31	31	0.0
	31	32	43.266617
	31	33	60.00833
	31	34	66.1211
	31	35	50.01
	31	36	66.910385
	31	37	48.83646
	31	38	60.90156
	31	39	24.351591
	31	40	35.0
	31	41	84.40379
	31	42	2.828427
	31	43	20.59126
	31	44	60.74537
	31	45	63.655323
	31	46	23.194826
	31	47	62.76942
	31	48	77.201035
	31	49	80.23092
	32	0	71.19691
	32	1	68.593
	32	2	27.073973
	32	3	61.05735
	32	4	33.970577
	32	5	39.39543
	32	6	49.497475
	32	7	59.64059
	32	8	22.803509
	32	9	72.56032
	32	10	62.968246
	32	11	35.510563
	32	12	38.418747
	32	13	75.21303
	32	14	26.683329
	32	15	39.849716
	32	16	43.863426
	32	17	29.15476
	32	18	11.401754
	32	19	29.427877
	32	20	29.681644
	32	21	64.7611
	32	22	16.03122
	32	23	75.16648
	32	24	53.0
	32	25	25.70992
	32	26	24.166092
	32	27	42.48529
	32	28	19.849434
	32	29	23.769728
	32	30	70.88018
	32	31	43.266617
	32	32	0.0
	32	33	34.655445
	32	34	52.801514
	32	35	28.653097
	32	36	48.8774
	32	37	51.0
	32	38	72.09022
	32	39	67.11929
	32	40	8.5440035
	32	41	60.166435
	32	42	40.496914
	32	43	63.812225
	32	44	36.249138
	32	45	22.36068
	32	46	24.698177
	32	47	22.0
	32	48	76.57676
	32	49	74.330345
	33	0	86.579445
	33	1	103.24728
	33	2	22.090721
	33	3	95.0
	33	4	1.0
	33	5	72.67049
	33	6	75.18643
	33	7	73.552704
	33	8	30.149628
	33	9	87.69264
	33	10	97.62172
	33	11	54.33231
	33	12	48.259712
	33	13	109.63576
	33	14	59.16925
	33	15	63.348244
	33	16	77.10383
	33	17	57.939625
	33	18	38.013157
	33	19	30.413813
	33	20	50.635956
	33	21	96.25487
	33	22	25.298222
	33	23	109.40292
	33	24	81.608826
	33	25	52.554733
	33	26	57.801384
	33	27	62.289646
	33	28	39.051247
	33	29	15.297058
	33	30	102.41582
	33	31	60.00833
	33	32	34.655445
	33	33	0.0
	33	34	87.32124
	33	35	10.0
	33	36	83.00603
	33	37	84.6286
	33	38	104.95713
	33	39	83.294655
	33	40	38.832977
	33	41	92.13577
	33	42	58.077534
	33	43	78.51752
	33	44	69.89278
	33	45	47.127487
	33	46	37.215588
	33	47	25.079872
	33	48	111.12605
	33	49	108.97706
	34	0	82.637764
	34	1	17.464249
	34	2	76.922035
	34	3	22.36068
	34	4	86.683334
	34	5	26.305893
	34	6	51.86521
	34	7	77.87811
	34	8	69.079666
	34	9	83.9345
	34	10	11.7046995
	34	11	61.03278
	34	12	72.443085
	34	13	22.472204
	34	14	30.528675
	34	15	54.33231
	34	16	25.298222
	34	17	37.336308
	34	18	51.088158
	34	19	71.34424
	34	20	50.92151
	34	21	27.018513
	34	22	64.44377
	34	23	22.847319
	34	24	33.83785
	34	25	48.507732
	34	26	33.526108
	34	27	61.294373
	34	28	55.226807
	34	29	76.00658
	34	30	42.190044
	34	31	66.1211
	34	32	52.801514
	34	33	87.32124
	34	34	0.0
	34	35	81.27115
	34	36	7.0
	34	37	22.203604
	34	38	36.40055
	34	39	78.77182
	34	40	51.0
	34	41	22.627417
	34	42	64.03124
	34	43	79.12016
	34	44	19.235384
	34	45	47.41308
	34	46	65.802734
	34	47	68.41052
	34	48	27.202942
	34	49	22.203604
	35	0	76.655075
	35	1	96.540146
	35	2	12.165525
	35	3	87.20665
	35	4	9.0
	35	5	64.66065
	35	6	65.52099
	35	7	63.63961
	35	8	20.22375
	35	9	77.781746
	35	10	91.04944
	35	11	44.407207
	35	12	38.327538
	35	13	103.73042
	35	14	54.781384
	35	15	53.600372
	35	16	69.02898
	35	17	55.108982
	35	18	34.713108
	35	19	33.54102
	35	20	50.039986
	35	21	92.65527
	35	22	24.083189
	35	23	103.773796
	35	24	79.24645
	35	25	43.382023
	35	26	50.20956
	35	27	52.34501
	35	28	38.013157
	35	29	5.8309517
	35	30	93.53609
	35	31	50.01
	35	32	28.653097
	35	33	10.0
	35	34	81.27115
	35	35	0.0
	35	36	77.52419
	35	37	76.6942
	35	38	96.519424
	35	39	73.33485
	35	40	31.112698
	35	41	88.25531
	35	42	48.09366
	35	43	68.593
	35	44	64.84597
	35	45	45.17743
	35	46	27.294687
	35	47	26.24881
	35	48	103.96634
	35	49	102.44999
	36	0	85.42833
	36	1	24.04163
	36	2	74.094536
	36	3	28.79236
	36	4	82.419655
	36	5	28.231188
	36	6	54.56189
	36	7	79.69943
	36	8	66.760765
	36	9	86.764046
	36	10	18.439089
	36	11	61.204575
	36	12	72.00694
	36	13	26.870058
	36	14	24.839485
	36	15	55.542778
	36	16	28.301943
	36	17	30.870699
	36	18	45.96738
	36	19	65.459915
	36	20	44.38468
	36	21	23.259407
	36	22	59.413803
	36	23	26.400757
	36	24	27.313
	36	25	48.0
	36	26	32.140316
	36	27	62.369865
	36	28	49.40648
	36	29	72.47068
	36	30	48.30114
	36	31	66.910385
	36	32	48.8774
	36	33	83.00603
	36	34	7.0
	36	35	77.52419
	36	36	0.0
	36	37	26.907248
	36	38	43.011627
	36	39	81.437096
	36	40	48.104053
	36	41	18.35756
	36	42	64.629715
	36	43	81.34495
	36	44	13.453624
	36	45	41.340054
	36	46	64.132675
	36	47	63.03174
	36	48	33.955853
	36	49	28.178005
	37	0	61.400326
	37	1	25.179358
	37	2	69.354164
	37	3	10.630146
	37	4	83.81527
	37	5	12.0415945
	37	6	31.257
	37	7	58.137768
	37	8	60.307545
	37	9	62.641838
	37	10	22.090721
	37	11	45.54119
	37	12	57.939625
	37	13	37.01351
	37	14	39.051247
	37	15	36.67424
	37	16	7.81025
	37	17	48.259712
	37	18	54.120235
	37	19	76.40026
	37	20	61.008198
	37	21	49.20366
	37	22	65.9242
	37	23	39.20459
	37	24	53.535034
	37	25	36.05551
	37	26	26.925823
	37	27	43.56604
	37	28	61.0
	37	29	70.93659
	37	30	23.345236
	37	31	48.83646
	37	32	51.0
	37	33	84.6286
	37	34	22.203604
	37	35	76.6942
	37	36	26.907248
	37	37	0.0
	37	38	21.587032
	37	39	57.72348
	37	40	45.80393
	37	41	44.687805
	37	42	47.296936
	37	43	58.694122
	37	44	31.320919
	37	45	55.145264
	37	46	55.21775
	37	47	71.168816
	37	48	29.068884
	37	49	31.400637
	38	0	64.12488
	38	1	26.907248
	38	2	88.09086
	38	3	14.3178215
	38	4	104.100914
	38	5	32.695564
	38	6	39.812057
	38	7	65.25335
	38	8	78.74643
	38	9	65.06919
	38	10	28.600698
	38	11	60.0
	38	12	72.42237
	38	13	38.832977
	38	14	60.074955
	38	15	49.648766
	38	16	28.231188
	38	17	69.0
	38	18	75.690155
	38	19	97.984695
	38	20	82.0975
	38	21	61.294373
	38	22	87.31552
	38	23	42.201897
	38	24	70.2282
	38	25	53.90733
	38	26	47.92703
	38	27	55.569775
	38	28	82.565125
	38	29	90.697296
	38	30	9.219544
	38	31	60.90156
	38	32	72.09022
	38	33	104.95713
	38	34	36.40055
	38	35	96.519424
	38	36	43.011627
	38	37	21.587032
	38	38	0.0
	38	39	61.400326
	38	40	66.24198
	38	41	57.801384
	38	42	60.207973
	38	43	64.132675
	38	44	51.156624
	38	45	76.53104
	38	46	72.862885
	38	47	92.65527
	38	48	22.472204
	38	49	30.528675
	39	0	4.2426405
	39	1	81.7435
	39	2	61.204575
	39	3	64.381676
	39	4	82.29824
	39	5	53.225933
	39	6	26.925823
	39	7	10.198039
	39	8	53.935146
	39	9	5.656854
	39	10	79.624115
	39	11	31.780497
	39	12	35.057095
	39	13	94.20191
	39	14	78.56844
	39	15	29.0
	39	16	53.488316
	39	17	86.977005
	39	18	77.698135
	39	19	95.462036
	39	20	94.20191
	39	21	104.69479
	39	22	81.154175
	39	23	96.69022
	39	24	103.4698
	39	25	42.80187
	39	26	55.97321
	39	27	24.698177
	39	28	86.608315
	39	29	68.73136
	39	30	52.773098
	39	31	24.351591
	39	32	67.11929
	39	33	83.294655
	39	34	78.77182
	39	35	73.33485
	39	36	81.437096
	39	37	57.72348
	39	38	61.400326
	39	39	0.0
	39	40	58.66856
	39	41	99.744675
	39	42	26.925823
	39	43	5.3851647
	39	44	78.492035
	39	45	86.40023
	39	46	47.296936
	39	47	87.0919
	39	48	82.006096
	39	49	87.46428
	40	0	62.76942
	40	1	65.60488
	40	2	26.0
	40	3	56.22277
	40	4	38.013157
	40	5	33.83785
	40	6	41.19466
	40	7	51.40039
	40	8	19.104973
	40	9	64.14047
	40	10	60.216278
	40	11	27.202942
	40	12	31.38471
	40	13	73.43024
	40	14	29.068884
	40	15	31.320919
	40	16	38.27532
	40	17	33.83785
	40	18	19.209373
	40	19	37.85499
	40	20	36.878178
	40	21	66.37017
	40	22	24.083189
	40	23	73.790245
	40	24	56.568542
	40	25	17.262676
	40	26	19.104973
	40	27	34.0
	40	28	28.01785
	40	29	25.495098
	40	30	64.25729
	40	31	35.0
	40	32	8.5440035
	40	33	38.832977
	40	34	51.0
	40	35	31.112698
	40	36	48.104053
	40	37	45.80393
	40	38	66.24198
	40	39	58.66856
	40	40	0.0
	40	41	61.522354
	40	42	32.202484
	40	43	55.470715
	40	44	36.67424
	40	45	29.206163
	40	46	18.681541
	40	47	30.149628
	40	48	72.862885
	40	49	71.610054
	41	0	103.75452
	41	1	33.24154
	41	2	86.88498
	41	3	44.407207
	41	4	91.706055
	41	5	46.518814
	41	6	72.89719
	41	7	97.73945
	41	8	80.622574
	41	9	105.09519
	41	10	29.546574
	41	11	78.26238
	41	12	88.362885
	41	13	28.160255
	41	14	33.526108
	41	15	73.37575
	41	16	46.647614
	41	17	34.669872
	41	18	54.129475
	41	19	69.52697
	41	20	45.96738
	41	21	5.0990195
	41	22	67.11929
	41	23	25.495098
	41	24	16.763054
	41	25	64.629715
	41	26	48.373547
	41	27	80.08121
	41	28	54.644306
	41	29	83.81527
	41	30	64.40497
	41	31	84.40379
	41	32	60.166435
	41	33	92.13577
	41	34	22.627417
	41	35	88.25531
	41	36	18.35756
	41	37	44.687805
	41	38	57.801384
	41	39	99.744675
	41	40	61.522354
	41	41	0.0
	41	42	82.0
	41	43	99.53894
	41	44	25.019993
	41	45	46.043457
	41	46	79.05694
	41	47	69.339745
	41	48	42.755116
	41	49	34.132095
	42	0	30.870699
	42	1	72.36712
	42	2	36.345562
	42	3	56.920998
	42	4	57.07889
	42	5	38.052597
	42	6	21.213203
	42	7	19.209373
	42	8	28.0
	42	9	32.202484
	42	10	68.593
	42	11	5.0
	42	12	12.806249
	42	13	83.60024
	42	14	55.569775
	42	15	10.770329
	42	16	40.4475
	42	17	63.007935
	42	18	51.40039
	42	19	68.54196
	42	20	68.622154
	42	21	87.09765
	42	22	54.230988
	42	23	85.28775
	42	24	82.346825
	42	25	18.35756
	42	26	34.176014
	42	27	5.0
	42	28	60.216278
	42	29	43.0
	42	30	54.037025
	42	31	2.828427
	42	32	40.496914
	42	33	58.077534
	42	34	64.03124
	42	35	48.09366
	42	36	64.629715
	42	37	47.296936
	42	38	60.207973
	42	39	26.925823
	42	40	32.202484
	42	41	82.0
	42	42	0.0
	42	43	23.323807
	42	44	58.189346
	42	45	60.827625
	42	46	21.023796
	42	47	60.166435
	42	48	75.89466
	42	49	78.64477
	43	0	8.062258
	43	1	83.21658
	43	2	56.435802
	43	3	66.0303
	43	4	77.52419
	43	5	53.14132
	43	6	27.45906
	43	7	5.0
	43	8	49.47727
	43	9	9.219544
	43	10	80.75271
	43	11	28.301943
	43	12	30.265491
	43	13	95.524864
	43	14	76.837494
	43	15	27.202942
	43	16	53.851646
	43	17	84.95882
	43	18	74.63243
	43	19	91.706055
	43	20	91.5478
	43	21	104.54664
	43	22	77.388626
	43	23	97.867256
	43	24	102.396286
	43	25	40.311287
	43	26	54.405884
	43	27	21.931713
	43	28	83.48653
	43	29	64.132675
	43	30	55.7853
	43	31	20.59126
	43	32	63.812225
	43	33	78.51752
	43	34	79.12016
	43	35	68.593
	43	36	81.34495
	43	37	58.694122
	43	38	64.132675
	43	39	5.3851647
	43	40	55.470715
	43	41	99.53894
	43	42	23.323807
	43	43	0.0
	43	44	77.52419
	43	45	83.737686
	43	46	43.011627
	43	47	83.25864
	43	48	84.095184
	43	49	89.08984
	44	0	82.661964
	44	1	36.67424
	44	2	62.361847
	44	3	37.01351
	44	4	69.339745
	44	5	27.018513
	44	6	52.49762
	44	7	75.13322
	44	8	55.7315
	44	9	84.05355
	44	10	30.870699
	44	11	54.120235
	44	12	63.63961
	44	13	40.311287
	44	14	11.401754
	44	15	50.537113
	44	16	29.15476
	44	17	18.439089
	44	18	32.55764
	44	19	52.153618
	44	20	32.01562
	44	21	30.0
	44	22	46.010868
	44	23	39.698868
	44	24	25.0
	44	25	40.261642
	44	26	24.04163
	44	27	56.859474
	44	28	36.05551
	44	29	60.00833
	44	30	54.571056
	44	31	60.74537
	44	32	36.249138
	44	33	69.89278
	44	34	19.235384
	44	35	64.84597
	44	36	13.453624
	44	37	31.320919
	44	38	51.156624
	44	39	78.492035
	44	40	36.67424
	44	41	25.019993
	44	42	58.189346
	44	43	77.52419
	44	44	0.0
	44	45	28.178005
	44	46	54.037025
	44	47	49.57822
	44	48	46.238514
	44	49	41.340054
	45	0	90.60353
	45	1	64.84597
	45	2	47.67599
	45	3	63.15061
	45	4	46.840153
	45	5	46.173584
	45	6	64.884514
	45	7	79.98125
	45	8	44.94441
	45	9	92.00543
	45	10	59.03389
	45	11	55.86591
	45	12	60.464867
	45	13	67.80118
	45	14	17.088007
	45	15	57.68882
	45	16	50.039986
	45	17	11.401754
	45	18	11.401754
	45	19	24.207438
	45	20	7.81025
	45	21	49.73932
	45	22	21.84033
	45	23	66.70832
	45	24	34.48188
	45	25	43.60046
	45	26	33.526108
	45	27	61.846584
	45	28	8.602325
	45	29	42.0119
	45	30	78.0
	45	31	63.655323
	45	32	22.36068
	45	33	47.127487
	45	34	47.41308
	45	35	45.17743
	45	36	41.340054
	45	37	55.145264
	45	38	76.53104
	45	39	86.40023
	45	40	29.206163
	45	41	46.043457
	45	42	60.827625
	45	43	83.737686
	45	44	28.178005
	45	45	0.0
	45	46	47.010635
	45	47	23.323807
	45	48	74.323616
	45	49	69.46222
	46	0	50.96077
	46	1	78.26238
	46	2	16.155495
	46	3	65.802734
	46	4	36.221542
	46	5	43.56604
	46	6	38.626415
	46	7	38.27532
	46	8	7.071068
	46	9	52.201534
	46	10	73.409805
	46	11	17.117243
	46	12	14.21267
	46	13	87.66413
	46	14	47.518417
	46	15	26.57066
	46	16	47.434166
	46	17	52.49762
	46	18	36.05551
	46	19	49.396355
	46	20	54.378304
	46	21	84.0238
	46	22	35.22783
	46	23	88.54378
	46	24	75.13322
	46	25	19.209373
	46	26	32.280025
	46	27	25.079872
	46	28	44.04543
	46	29	22.022715
	46	30	68.60029
	46	31	23.194826
	46	32	24.698177
	46	33	37.215588
	46	34	65.802734
	46	35	27.294687
	46	36	64.132675
	46	37	55.21775
	46	38	72.862885
	46	39	47.296936
	46	40	18.681541
	46	41	79.05694
	46	42	21.023796
	46	43	43.011627
	46	44	54.037025
	46	45	47.010635
	46	46	0.0
	46	47	40.81666
	46	48	84.0595
	46	49	84.5281
	47	0	91.0
	47	1	85.44589
	47	2	33.600594
	47	3	80.622574
	47	4	25.019993
	47	5	60.166435
	47	6	71.34424
	47	7	78.72102
	47	8	35.608986
	47	9	92.309265
	47	10	79.630394
	47	11	55.362442
	47	12	54.91812
	47	13	89.87213
	47	14	38.209946
	47	15	61.188232
	47	16	64.56005
	47	17	34.669872
	47	18	17.492855
	47	19	8.602325
	47	20	25.70992
	47	21	73.061615
	47	22	6.0827627
	47	23	89.09545
	47	24	57.384666
	47	25	47.38143
	47	26	45.122055
	47	27	62.936478
	47	28	14.764823
	47	29	25.553865
	47	30	92.19544
	47	31	62.76942
	47	32	22.0
	47	33	25.079872
	47	34	68.41052
	47	35	26.24881
	47	36	63.03174
	47	37	71.168816
	47	38	92.65527
	47	39	87.0919
	47	40	30.149628
	47	41	69.339745
	47	42	60.166435
	47	43	83.25864
	47	44	49.57822
	47	45	23.323807
	47	46	40.81666
	47	47	0.0
	47	48	94.33981
	47	49	90.60353
	48	0	85.09406
	48	1	10.049875
	48	2	97.6166
	48	3	18.973665
	48	4	110.39022
	48	5	40.496914
	48	6	57.706154
	48	7	84.48077
	48	8	88.814415
	48	9	86.145226
	48	10	15.524175
	48	11	74.46476
	48	12	86.925255
	48	13	17.804493
	48	14	57.271286
	48	15	65.14599
	48	16	36.71512
	48	17	64.513565
	48	18	76.8505
	48	19	97.94897
	48	20	78.1089
	48	21	44.922153
	48	22	89.87213
	48	23	21.400934
	48	24	58.077534
	48	25	65.0
	48	26	53.814495
	48	27	71.8401
	48	28	81.84131
	48	29	98.35141
	48	30	31.622776
	48	31	77.201035
	48	32	76.57676
	48	33	111.12605
	48	34	27.202942
	48	35	103.96634
	48	36	33.955853
	48	37	29.068884
	48	38	22.472204
	48	39	82.006096
	48	40	72.862885
	48	41	42.755116
	48	42	75.89466
	48	43	84.095184
	48	44	46.238514
	48	45	74.323616
	48	46	84.0595
	48	47	94.33981
	48	48	0.0
	48	49	9.433981
	49	0	90.79648
	49	1	6.3245554
	49	2	97.097885
	49	3	23.086792
	49	4	108.30051
	49	5	41.4367
	49	6	62.008064
	49	7	89.005615
	49	8	88.68484
	49	9	91.92388
	49	10	11.401754
	49	11	76.655075
	49	12	88.88757
	49	13	8.485281
	49	14	52.69725
	49	15	68.06615
	49	16	38.327538
	49	17	59.03389
	49	18	73.24616
	49	19	93.49332
	49	20	72.498276
	49	21	35.902645
	49	22	86.55634
	49	23	12.0415945
	49	24	50.039986
	49	25	65.9242
	49	26	53.0
	49	27	74.96666
