data;

param n := 100;

param p := 20;

param alpha := 31.032243728637695;

param c := 
	0	0	0.0
	0	1	45.0
	0	2	68.0
	0	3	123.0
	0	4	182.0
	0	5	206.0
	0	6	162.0
	0	7	138.0
	0	8	203.0
	0	9	205.0
	0	10	139.0
	0	11	136.0
	0	12	140.0
	0	13	130.0
	0	14	175.0
	0	15	162.0
	0	16	173.0
	0	17	163.0
	0	18	80.0
	0	19	149.0
	0	20	152.0
	0	21	163.0
	0	22	186.0
	0	23	162.0
	0	24	220.0
	0	25	141.0
	0	26	138.0
	0	27	191.0
	0	28	177.0
	0	29	168.0
	0	30	91.0
	0	31	105.0
	0	32	161.0
	0	33	148.0
	0	34	220.0
	0	35	230.0
	0	36	179.0
	0	37	162.0
	0	38	160.0
	0	39	73.0
	0	40	143.0
	0	41	193.0
	0	42	132.0
	0	43	97.0
	0	44	102.0
	0	45	136.0
	0	46	101.0
	0	47	86.0
	0	48	94.0
	0	49	137.0
	0	50	156.0
	0	51	136.0
	0	52	182.0
	0	53	139.0
	0	54	66.0
	0	55	89.0
	0	56	176.0
	0	57	163.0
	0	58	178.0
	0	59	176.0
	0	60	167.0
	0	61	89.0
	0	62	131.0
	0	63	196.0
	0	64	277.0
	0	65	210.0
	0	66	217.0
	0	67	181.0
	0	68	142.0
	0	69	196.0
	0	70	175.0
	0	71	159.0
	0	72	147.0
	0	73	160.0
	0	74	170.0
	0	75	114.0
	0	76	133.0
	0	77	142.0
	0	78	224.0
	0	79	168.0
	0	80	162.0
	0	81	234.0
	0	82	205.0
	0	83	246.0
	0	84	206.0
	0	85	176.0
	0	86	160.0
	0	87	144.0
	0	88	144.0
	0	89	128.0
	0	90	163.0
	0	91	228.0
	0	92	237.0
	0	93	204.0
	0	94	128.0
	0	95	78.0
	0	96	103.0
	0	97	100.0
	0	98	56.0
	0	99	10.0
	1	0	45.0
	1	1	0.0
	1	2	23.0
	1	3	119.0
	1	4	178.0
	1	5	202.0
	1	6	127.0
	1	7	151.0
	1	8	158.0
	1	9	160.0
	1	10	94.0
	1	11	91.0
	1	12	122.0
	1	13	85.0
	1	14	130.0
	1	15	117.0
	1	16	139.0
	1	17	169.0
	1	18	125.0
	1	19	104.0
	1	20	152.0
	1	21	141.0
	1	22	148.0
	1	23	172.0
	1	24	175.0
	1	25	96.0
	1	26	93.0
	1	27	146.0
	1	28	132.0
	1	29	123.0
	1	30	46.0
	1	31	60.0
	1	32	116.0
	1	33	103.0
	1	34	175.0
	1	35	208.0
	1	36	134.0
	1	37	117.0
	1	38	115.0
	1	39	118.0
	1	40	188.0
	1	41	233.0
	1	42	172.0
	1	43	142.0
	1	44	142.0
	1	45	91.0
	1	46	56.0
	1	47	41.0
	1	48	49.0
	1	49	92.0
	1	50	111.0
	1	51	91.0
	1	52	137.0
	1	53	157.0
	1	54	111.0
	1	55	134.0
	1	56	155.0
	1	57	118.0
	1	58	133.0
	1	59	161.0
	1	60	170.0
	1	61	134.0
	1	62	172.0
	1	63	157.0
	1	64	238.0
	1	65	192.0
	1	66	203.0
	1	67	136.0
	1	68	97.0
	1	69	151.0
	1	70	152.0
	1	71	136.0
	1	72	160.0
	1	73	159.0
	1	74	169.0
	1	75	151.0
	1	76	132.0
	1	77	141.0
	1	78	217.0
	1	79	123.0
	1	80	117.0
	1	81	189.0
	1	82	218.0
	1	83	241.0
	1	84	161.0
	1	85	144.0
	1	86	115.0
	1	87	99.0
	1	88	99.0
	1	89	140.0
	1	90	175.0
	1	91	194.0
	1	92	216.0
	1	93	159.0
	1	94	83.0
	1	95	33.0
	1	96	58.0
	1	97	145.0
	1	98	101.0
	1	99	55.0
	2	0	68.0
	2	1	23.0
	2	2	0.0
	2	3	96.0
	2	4	155.0
	2	5	179.0
	2	6	150.0
	2	7	174.0
	2	8	154.0
	2	9	137.0
	2	10	71.0
	2	11	68.0
	2	12	99.0
	2	13	62.0
	2	14	151.0
	2	15	140.0
	2	16	162.0
	2	17	192.0
	2	18	148.0
	2	19	127.0
	2	20	175.0
	2	21	164.0
	2	22	125.0
	2	23	149.0
	2	24	198.0
	2	25	119.0
	2	26	116.0
	2	27	169.0
	2	28	155.0
	2	29	146.0
	2	30	69.0
	2	31	83.0
	2	32	139.0
	2	33	126.0
	2	34	198.0
	2	35	231.0
	2	36	157.0
	2	37	140.0
	2	38	138.0
	2	39	141.0
	2	40	211.0
	2	41	256.0
	2	42	195.0
	2	43	165.0
	2	44	165.0
	2	45	114.0
	2	46	79.0
	2	47	64.0
	2	48	72.0
	2	49	115.0
	2	50	134.0
	2	51	114.0
	2	52	160.0
	2	53	180.0
	2	54	134.0
	2	55	157.0
	2	56	178.0
	2	57	141.0
	2	58	156.0
	2	59	184.0
	2	60	193.0
	2	61	138.0
	2	62	180.0
	2	63	180.0
	2	64	261.0
	2	65	197.0
	2	66	226.0
	2	67	159.0
	2	68	120.0
	2	69	174.0
	2	70	175.0
	2	71	159.0
	2	72	183.0
	2	73	182.0
	2	74	192.0
	2	75	174.0
	2	76	155.0
	2	77	164.0
	2	78	240.0
	2	79	146.0
	2	80	140.0
	2	81	212.0
	2	82	241.0
	2	83	237.0
	2	84	157.0
	2	85	167.0
	2	86	138.0
	2	87	122.0
	2	88	122.0
	2	89	163.0
	2	90	198.0
	2	91	217.0
	2	92	221.0
	2	93	164.0
	2	94	106.0
	2	95	56.0
	2	96	81.0
	2	97	168.0
	2	98	124.0
	2	99	78.0
	3	0	123.0
	3	1	119.0
	3	2	96.0
	3	3	0.0
	3	4	59.0
	3	5	83.0
	3	6	161.0
	3	7	149.0
	3	8	219.0
	3	9	233.0
	3	10	167.0
	3	11	164.0
	3	12	151.0
	3	13	158.0
	3	14	185.0
	3	15	186.0
	3	16	164.0
	3	17	174.0
	3	18	91.0
	3	19	180.0
	3	20	143.0
	3	21	154.0
	3	22	193.0
	3	23	173.0
	3	24	259.0
	3	25	180.0
	3	26	183.0
	3	27	236.0
	3	28	216.0
	3	29	242.0
	3	30	165.0
	3	31	179.0
	3	32	169.0
	3	33	156.0
	3	34	228.0
	3	35	221.0
	3	36	190.0
	3	37	173.0
	3	38	162.0
	3	39	64.0
	3	40	134.0
	3	41	184.0
	3	42	123.0
	3	43	88.0
	3	44	93.0
	3	45	144.0
	3	46	175.0
	3	47	160.0
	3	48	168.0
	3	49	211.0
	3	50	230.0
	3	51	210.0
	3	52	227.0
	3	53	130.0
	3	54	57.0
	3	55	80.0
	3	56	167.0
	3	57	202.0
	3	58	217.0
	3	59	245.0
	3	60	254.0
	3	61	212.0
	3	62	219.0
	3	63	187.0
	3	64	268.0
	3	65	221.0
	3	66	228.0
	3	67	220.0
	3	68	216.0
	3	69	199.0
	3	70	227.0
	3	71	218.0
	3	72	158.0
	3	73	171.0
	3	74	181.0
	3	75	125.0
	3	76	144.0
	3	77	153.0
	3	78	235.0
	3	79	184.0
	3	80	178.0
	3	81	250.0
	3	82	216.0
	3	83	257.0
	3	84	222.0
	3	85	253.0
	3	86	230.0
	3	87	218.0
	3	88	191.0
	3	89	119.0
	3	90	154.0
	3	91	219.0
	3	92	228.0
	3	93	225.0
	3	94	202.0
	3	95	152.0
	3	96	177.0
	3	97	111.0
	3	98	67.0
	3	99	113.0
	4	0	182.0
	4	1	178.0
	4	2	155.0
	4	3	59.0
	4	4	0.0
	4	5	24.0
	4	6	102.0
	4	7	126.0
	4	8	196.0
	4	9	213.0
	4	10	226.0
	4	11	193.0
	4	12	210.0
	4	13	217.0
	4	14	213.0
	4	15	226.0
	4	16	223.0
	4	17	210.0
	4	18	150.0
	4	19	237.0
	4	20	178.0
	4	21	182.0
	4	22	228.0
	4	23	226.0
	4	24	284.0
	4	25	205.0
	4	26	202.0
	4	27	255.0
	4	28	241.0
	4	29	260.0
	4	30	183.0
	4	31	169.0
	4	32	228.0
	4	33	215.0
	4	34	287.0
	4	35	249.0
	4	36	249.0
	4	37	232.0
	4	38	221.0
	4	39	123.0
	4	40	193.0
	4	41	219.0
	4	42	158.0
	4	43	147.0
	4	44	152.0
	4	45	203.0
	4	46	234.0
	4	47	219.0
	4	48	227.0
	4	49	270.0
	4	50	289.0
	4	51	245.0
	4	52	286.0
	4	53	189.0
	4	54	116.0
	4	55	139.0
	4	56	226.0
	4	57	227.0
	4	58	242.0
	4	59	270.0
	4	60	279.0
	4	61	263.0
	4	62	275.0
	4	63	246.0
	4	64	327.0
	4	65	274.0
	4	66	281.0
	4	67	245.0
	4	68	194.0
	4	69	140.0
	4	70	211.0
	4	71	195.0
	4	72	135.0
	4	73	224.0
	4	74	234.0
	4	75	178.0
	4	76	197.0
	4	77	206.0
	4	78	288.0
	4	79	212.0
	4	80	206.0
	4	81	277.0
	4	82	193.0
	4	83	234.0
	4	84	199.0
	4	85	230.0
	4	86	212.0
	4	87	232.0
	4	88	244.0
	4	89	178.0
	4	90	213.0
	4	91	278.0
	4	92	287.0
	4	93	278.0
	4	94	231.0
	4	95	211.0
	4	96	236.0
	4	97	164.0
	4	98	126.0
	4	99	172.0
	5	0	206.0
	5	1	202.0
	5	2	179.0
	5	3	83.0
	5	4	24.0
	5	5	0.0
	5	6	78.0
	5	7	102.0
	5	8	172.0
	5	9	189.0
	5	10	250.0
	5	11	169.0
	5	12	200.0
	5	13	241.0
	5	14	189.0
	5	15	202.0
	5	16	224.0
	5	17	186.0
	5	18	174.0
	5	19	213.0
	5	20	154.0
	5	21	158.0
	5	22	204.0
	5	23	202.0
	5	24	260.0
	5	25	181.0
	5	26	178.0
	5	27	231.0
	5	28	217.0
	5	29	236.0
	5	30	159.0
	5	31	145.0
	5	32	210.0
	5	33	223.0
	5	34	269.0
	5	35	225.0
	5	36	255.0
	5	37	238.0
	5	38	245.0
	5	39	147.0
	5	40	217.0
	5	41	195.0
	5	42	134.0
	5	43	169.0
	5	44	174.0
	5	45	225.0
	5	46	245.0
	5	47	243.0
	5	48	251.0
	5	49	294.0
	5	50	284.0
	5	51	221.0
	5	52	267.0
	5	53	211.0
	5	54	140.0
	5	55	163.0
	5	56	240.0
	5	57	203.0
	5	58	218.0
	5	59	246.0
	5	60	255.0
	5	61	239.0
	5	62	251.0
	5	63	268.0
	5	64	332.0
	5	65	250.0
	5	66	257.0
	5	67	221.0
	5	68	170.0
	5	69	116.0
	5	70	187.0
	5	71	171.0
	5	72	111.0
	5	73	200.0
	5	74	210.0
	5	75	154.0
	5	76	173.0
	5	77	182.0
	5	78	264.0
	5	79	188.0
	5	80	182.0
	5	81	253.0
	5	82	169.0
	5	83	210.0
	5	84	175.0
	5	85	206.0
	5	86	188.0
	5	87	208.0
	5	88	220.0
	5	89	200.0
	5	90	235.0
	5	91	279.0
	5	92	307.0
	5	93	254.0
	5	94	207.0
	5	95	235.0
	5	96	232.0
	5	97	140.0
	5	98	150.0
	5	99	196.0
	6	0	162.0
	6	1	127.0
	6	2	150.0
	6	3	161.0
	6	4	102.0
	6	5	78.0
	6	6	0.0
	6	7	24.0
	6	8	94.0
	6	9	111.0
	6	10	177.0
	6	11	91.0
	6	12	122.0
	6	13	189.0
	6	14	111.0
	6	15	124.0
	6	16	146.0
	6	17	108.0
	6	18	124.0
	6	19	135.0
	6	20	76.0
	6	21	80.0
	6	22	126.0
	6	23	124.0
	6	24	182.0
	6	25	103.0
	6	26	100.0
	6	27	153.0
	6	28	139.0
	6	29	158.0
	6	30	81.0
	6	31	67.0
	6	32	132.0
	6	33	145.0
	6	34	191.0
	6	35	147.0
	6	36	177.0
	6	37	160.0
	6	38	171.0
	6	39	123.0
	6	40	193.0
	6	41	117.0
	6	42	56.0
	6	43	91.0
	6	44	96.0
	6	45	147.0
	6	46	167.0
	6	47	168.0
	6	48	176.0
	6	49	219.0
	6	50	206.0
	6	51	143.0
	6	52	189.0
	6	53	133.0
	6	54	116.0
	6	55	139.0
	6	56	162.0
	6	57	125.0
	6	58	140.0
	6	59	168.0
	6	60	177.0
	6	61	161.0
	6	62	173.0
	6	63	190.0
	6	64	254.0
	6	65	172.0
	6	66	179.0
	6	67	143.0
	6	68	92.0
	6	69	38.0
	6	70	109.0
	6	71	93.0
	6	72	33.0
	6	73	122.0
	6	74	132.0
	6	75	76.0
	6	76	95.0
	6	77	104.0
	6	78	186.0
	6	79	110.0
	6	80	104.0
	6	81	175.0
	6	82	91.0
	6	83	132.0
	6	84	97.0
	6	85	128.0
	6	86	110.0
	6	87	130.0
	6	88	142.0
	6	89	122.0
	6	90	157.0
	6	91	201.0
	6	92	229.0
	6	93	176.0
	6	94	129.0
	6	95	160.0
	6	96	154.0
	6	97	62.0
	6	98	106.0
	6	99	152.0
	7	0	138.0
	7	1	151.0
	7	2	174.0
	7	3	149.0
	7	4	126.0
	7	5	102.0
	7	6	24.0
	7	7	0.0
	7	8	70.0
	7	9	87.0
	7	10	153.0
	7	11	115.0
	7	12	146.0
	7	13	176.0
	7	14	87.0
	7	15	134.0
	7	16	156.0
	7	17	84.0
	7	18	100.0
	7	19	126.0
	7	20	67.0
	7	21	56.0
	7	22	124.0
	7	23	100.0
	7	24	186.0
	7	25	107.0
	7	26	110.0
	7	27	163.0
	7	28	143.0
	7	29	179.0
	7	30	105.0
	7	31	91.0
	7	32	156.0
	7	33	169.0
	7	34	167.0
	7	35	123.0
	7	36	153.0
	7	37	136.0
	7	38	147.0
	7	39	99.0
	7	40	169.0
	7	41	141.0
	7	42	80.0
	7	43	115.0
	7	44	120.0
	7	45	171.0
	7	46	178.0
	7	47	163.0
	7	48	171.0
	7	49	214.0
	7	50	226.0
	7	51	163.0
	7	52	206.0
	7	53	109.0
	7	54	92.0
	7	55	115.0
	7	56	145.0
	7	57	129.0
	7	58	144.0
	7	59	172.0
	7	60	179.0
	7	61	139.0
	7	62	149.0
	7	63	206.0
	7	64	230.0
	7	65	148.0
	7	66	155.0
	7	67	147.0
	7	68	116.0
	7	69	62.0
	7	70	85.0
	7	71	69.0
	7	72	9.0
	7	73	98.0
	7	74	108.0
	7	75	52.0
	7	76	71.0
	7	77	80.0
	7	78	162.0
	7	79	86.0
	7	80	80.0
	7	81	151.0
	7	82	67.0
	7	83	108.0
	7	84	73.0
	7	85	104.0
	7	86	130.0
	7	87	106.0
	7	88	118.0
	7	89	146.0
	7	90	173.0
	7	91	211.0
	7	92	207.0
	7	93	152.0
	7	94	105.0
	7	95	155.0
	7	96	130.0
	7	97	38.0
	7	98	82.0
	7	99	128.0
	8	0	203.0
	8	1	158.0
	8	2	154.0
	8	3	219.0
	8	4	196.0
	8	5	172.0
	8	6	94.0
	8	7	70.0
	8	8	0.0
	8	9	17.0
	8	10	83.0
	8	11	176.0
	8	12	207.0
	8	13	155.0
	8	14	157.0
	8	15	181.0
	8	16	203.0
	8	17	154.0
	8	18	170.0
	8	19	180.0
	8	20	137.0
	8	21	126.0
	8	22	92.0
	8	23	68.0
	8	24	162.0
	8	25	154.0
	8	26	157.0
	8	27	210.0
	8	28	190.0
	8	29	226.0
	8	30	175.0
	8	31	161.0
	8	32	191.0
	8	33	178.0
	8	34	237.0
	8	35	193.0
	8	36	164.0
	8	37	147.0
	8	38	136.0
	8	39	169.0
	8	40	239.0
	8	41	211.0
	8	42	150.0
	8	43	169.0
	8	44	174.0
	8	45	166.0
	8	46	131.0
	8	47	117.0
	8	48	125.0
	8	49	168.0
	8	50	159.0
	8	51	96.0
	8	52	142.0
	8	53	179.0
	8	54	162.0
	8	55	185.0
	8	56	172.0
	8	57	164.0
	8	58	169.0
	8	59	141.0
	8	60	132.0
	8	61	121.0
	8	62	79.0
	8	63	136.0
	8	64	198.0
	8	65	116.0
	8	66	146.0
	8	67	146.0
	8	68	81.0
	8	69	132.0
	8	70	112.0
	8	71	96.0
	8	72	79.0
	8	73	149.0
	8	74	159.0
	8	75	116.0
	8	76	135.0
	8	77	140.0
	8	78	210.0
	8	79	116.0
	8	80	110.0
	8	81	182.0
	8	82	124.0
	8	83	83.0
	8	84	3.0
	8	85	34.0
	8	86	63.0
	8	87	59.0
	8	88	135.0
	8	89	138.0
	8	90	103.0
	8	91	174.0
	8	92	202.0
	8	93	176.0
	8	94	142.0
	8	95	125.0
	8	96	150.0
	8	97	108.0
	8	98	152.0
	8	99	198.0
	9	0	205.0
	9	1	160.0
	9	2	137.0
	9	3	233.0
	9	4	213.0
	9	5	189.0
	9	6	111.0
	9	7	87.0
	9	8	17.0
	9	9	0.0
	9	10	66.0
	9	11	159.0
	9	12	190.0
	9	13	172.0
	9	14	174.0
	9	15	198.0
	9	16	212.0
	9	17	171.0
	9	18	187.0
	9	19	197.0
	9	20	154.0
	9	21	143.0
	9	22	109.0
	9	23	85.0
	9	24	179.0
	9	25	171.0
	9	26	174.0
	9	27	227.0
	9	28	207.0
	9	29	243.0
	9	30	192.0
	9	31	178.0
	9	32	186.0
	9	33	173.0
	9	34	245.0
	9	35	210.0
	9	36	181.0
	9	37	164.0
	9	38	153.0
	9	39	186.0
	9	40	256.0
	9	41	228.0
	9	42	167.0
	9	43	152.0
	9	44	157.0
	9	45	170.0
	9	46	148.0
	9	47	134.0
	9	48	142.0
	9	49	185.0
	9	50	176.0
	9	51	113.0
	9	52	159.0
	9	53	196.0
	9	54	179.0
	9	55	202.0
	9	56	189.0
	9	57	181.0
	9	58	186.0
	9	59	158.0
	9	60	149.0
	9	61	138.0
	9	62	96.0
	9	63	119.0
	9	64	200.0
	9	65	133.0
	9	66	163.0
	9	67	163.0
	9	68	98.0
	9	69	149.0
	9	70	129.0
	9	71	113.0
	9	72	96.0
	9	73	166.0
	9	74	176.0
	9	75	133.0
	9	76	152.0
	9	77	157.0
	9	78	227.0
	9	79	133.0
	9	80	127.0
	9	81	199.0
	9	82	141.0
	9	83	100.0
	9	84	20.0
	9	85	51.0
	9	86	80.0
	9	87	76.0
	9	88	152.0
	9	89	121.0
	9	90	86.0
	9	91	157.0
	9	92	185.0
	9	93	159.0
	9	94	159.0
	9	95	142.0
	9	96	167.0
	9	97	125.0
	9	98	169.0
	9	99	215.0
	10	0	139.0
	10	1	94.0
	10	2	71.0
	10	3	167.0
	10	4	226.0
	10	5	250.0
	10	6	177.0
	10	7	153.0
	10	8	83.0
	10	9	66.0
	10	10	0.0
	10	11	93.0
	10	12	124.0
	10	13	133.0
	10	14	222.0
	10	15	211.0
	10	16	233.0
	10	17	237.0
	10	18	184.0
	10	19	198.0
	10	20	220.0
	10	21	209.0
	10	22	175.0
	10	23	151.0
	10	24	245.0
	10	25	190.0
	10	26	187.0
	10	27	240.0
	10	28	226.0
	10	29	217.0
	10	30	140.0
	10	31	154.0
	10	32	210.0
	10	33	197.0
	10	34	269.0
	10	35	276.0
	10	36	228.0
	10	37	211.0
	10	38	209.0
	10	39	212.0
	10	40	282.0
	10	41	294.0
	10	42	233.0
	10	43	218.0
	10	44	223.0
	10	45	185.0
	10	46	150.0
	10	47	135.0
	10	48	143.0
	10	49	186.0
	10	50	205.0
	10	51	179.0
	10	52	225.0
	10	53	248.0
	10	54	205.0
	10	55	228.0
	10	56	249.0
	10	57	212.0
	10	58	227.0
	10	59	224.0
	10	60	215.0
	10	61	163.0
	10	62	162.0
	10	63	185.0
	10	64	266.0
	10	65	199.0
	10	66	229.0
	10	67	229.0
	10	68	164.0
	10	69	215.0
	10	70	195.0
	10	71	179.0
	10	72	162.0
	10	73	147.0
	10	74	157.0
	10	75	193.0
	10	76	174.0
	10	77	183.0
	10	78	265.0
	10	79	199.0
	10	80	193.0
	10	81	265.0
	10	82	207.0
	10	83	166.0
	10	84	86.0
	10	85	117.0
	10	86	146.0
	10	87	142.0
	10	88	193.0
	10	89	187.0
	10	90	152.0
	10	91	178.0
	10	92	150.0
	10	93	93.0
	10	94	169.0
	10	95	127.0
	10	96	152.0
	10	97	191.0
	10	98	195.0
	10	99	149.0
	11	0	136.0
	11	1	91.0
	11	2	68.0
	11	3	164.0
	11	4	193.0
	11	5	169.0
	11	6	91.0
	11	7	115.0
	11	8	176.0
	11	9	159.0
	11	10	93.0
	11	11	0.0
	11	12	31.0
	11	13	98.0
	11	14	187.0
	11	15	208.0
	11	16	230.0
	11	17	174.0
	11	18	91.0
	11	19	180.0
	11	20	167.0
	11	21	171.0
	11	22	161.0
	11	23	185.0
	11	24	266.0
	11	25	187.0
	11	26	184.0
	11	27	237.0
	11	28	223.0
	11	29	214.0
	11	30	137.0
	11	31	151.0
	11	32	207.0
	11	33	194.0
	11	34	266.0
	11	35	238.0
	11	36	197.0
	11	37	180.0
	11	38	169.0
	11	39	132.0
	11	40	202.0
	11	41	208.0
	11	42	147.0
	11	43	156.0
	11	44	161.0
	11	45	182.0
	11	46	147.0
	11	47	132.0
	11	48	140.0
	11	49	183.0
	11	50	202.0
	11	51	182.0
	11	52	228.0
	11	53	198.0
	11	54	125.0
	11	55	148.0
	11	56	216.0
	11	57	200.0
	11	58	185.0
	11	59	157.0
	11	60	148.0
	11	61	70.0
	11	62	112.0
	11	63	204.0
	11	64	285.0
	11	65	233.0
	11	66	263.0
	11	67	218.0
	11	68	183.0
	11	69	129.0
	11	70	156.0
	11	71	140.0
	11	72	124.0
	11	73	213.0
	11	74	223.0
	11	75	167.0
	11	76	186.0
	11	77	195.0
	11	78	277.0
	11	79	201.0
	11	80	195.0
	11	81	266.0
	11	82	182.0
	11	83	223.0
	11	84	179.0
	11	85	157.0
	11	86	186.0
	11	87	177.0
	11	88	190.0
	11	89	187.0
	11	90	222.0
	11	91	271.0
	11	92	243.0
	11	93	186.0
	11	94	140.0
	11	95	124.0
	11	96	149.0
	11	97	153.0
	11	98	115.0
	11	99	146.0
	12	0	140.0
	12	1	122.0
	12	2	99.0
	12	3	151.0
	12	4	210.0
	12	5	200.0
	12	6	122.0
	12	7	146.0
	12	8	207.0
	12	9	190.0
	12	10	124.0
	12	11	31.0
	12	12	0.0
	12	13	67.0
	12	14	156.0
	12	15	218.0
	12	16	201.0
	12	17	143.0
	12	18	60.0
	12	19	149.0
	12	20	180.0
	12	21	171.0
	12	22	130.0
	12	23	154.0
	12	24	248.0
	12	25	191.0
	12	26	194.0
	12	27	247.0
	12	28	227.0
	12	29	245.0
	12	30	168.0
	12	31	182.0
	12	32	206.0
	12	33	193.0
	12	34	265.0
	12	35	238.0
	12	36	222.0
	12	37	205.0
	12	38	199.0
	12	39	101.0
	12	40	171.0
	12	41	221.0
	12	42	160.0
	12	43	125.0
	12	44	130.0
	12	45	181.0
	12	46	178.0
	12	47	163.0
	12	48	171.0
	12	49	214.0
	12	50	233.0
	12	51	213.0
	12	52	259.0
	12	53	167.0
	12	54	94.0
	12	55	117.0
	12	56	204.0
	12	57	213.0
	12	58	216.0
	12	59	188.0
	12	60	179.0
	12	61	101.0
	12	62	143.0
	12	63	224.0
	12	64	284.0
	12	65	202.0
	12	66	232.0
	12	67	231.0
	12	68	214.0
	12	69	160.0
	12	70	187.0
	12	71	171.0
	12	72	155.0
	12	73	182.0
	12	74	192.0
	12	75	136.0
	12	76	155.0
	12	77	164.0
	12	78	246.0
	12	79	201.0
	12	80	195.0
	12	81	267.0
	12	82	213.0
	12	83	254.0
	12	84	210.0
	12	85	188.0
	12	86	217.0
	12	87	208.0
	12	88	187.0
	12	89	156.0
	12	90	191.0
	12	91	256.0
	12	92	265.0
	12	93	217.0
	12	94	171.0
	12	95	155.0
	12	96	180.0
	12	97	122.0
	12	98	84.0
	12	99	130.0
	13	0	130.0
	13	1	85.0
	13	2	62.0
	13	3	158.0
	13	4	217.0
	13	5	241.0
	13	6	189.0
	13	7	176.0
	13	8	155.0
	13	9	172.0
	13	10	133.0
	13	11	98.0
	13	12	67.0
	13	13	0.0
	13	14	89.0
	13	15	152.0
	13	16	174.0
	13	17	148.0
	13	18	127.0
	13	19	177.0
	13	20	131.0
	13	21	120.0
	13	22	63.0
	13	23	87.0
	13	24	181.0
	13	25	125.0
	13	26	128.0
	13	27	181.0
	13	28	161.0
	13	29	197.0
	13	30	131.0
	13	31	145.0
	13	32	201.0
	13	33	188.0
	13	34	231.0
	13	35	187.0
	13	36	155.0
	13	37	138.0
	13	38	149.0
	13	39	168.0
	13	40	238.0
	13	41	194.0
	13	42	133.0
	13	43	168.0
	13	44	173.0
	13	45	176.0
	13	46	141.0
	13	47	126.0
	13	48	134.0
	13	49	177.0
	13	50	196.0
	13	51	176.0
	13	52	222.0
	13	53	173.0
	13	54	161.0
	13	55	184.0
	13	56	184.0
	13	57	147.0
	13	58	162.0
	13	59	190.0
	13	60	199.0
	13	61	168.0
	13	62	206.0
	13	63	242.0
	13	64	217.0
	13	65	135.0
	13	66	165.0
	13	67	165.0
	13	68	182.0
	13	69	227.0
	13	70	235.0
	13	71	221.0
	13	72	185.0
	13	73	163.0
	13	74	173.0
	13	75	135.0
	13	76	136.0
	13	77	127.0
	13	78	209.0
	13	79	150.0
	13	80	144.0
	13	81	216.0
	13	82	243.0
	13	83	238.0
	13	84	158.0
	13	85	189.0
	13	86	200.0
	13	87	184.0
	13	88	120.0
	13	89	199.0
	13	90	234.0
	13	91	229.0
	13	92	257.0
	13	93	217.0
	13	94	168.0
	13	95	118.0
	13	96	143.0
	13	97	149.0
	13	98	151.0
	13	99	140.0
	14	0	175.0
	14	1	130.0
	14	2	151.0
	14	3	185.0
	14	4	213.0
	14	5	189.0
	14	6	111.0
	14	7	87.0
	14	8	157.0
	14	9	174.0
	14	10	222.0
	14	11	187.0
	14	12	156.0
	14	13	89.0
	14	14	0.0
	14	15	93.0
	14	16	115.0
	14	17	59.0
	14	18	142.0
	14	19	88.0
	14	20	42.0
	14	21	31.0
	14	22	108.0
	14	23	132.0
	14	24	199.0
	14	25	120.0
	14	26	117.0
	14	27	170.0
	14	28	156.0
	14	29	192.0
	14	30	126.0
	14	31	140.0
	14	32	164.0
	14	33	151.0
	14	34	142.0
	14	35	98.0
	14	36	66.0
	14	37	49.0
	14	38	60.0
	14	39	135.0
	14	40	203.0
	14	41	123.0
	14	42	62.0
	14	43	97.0
	14	44	102.0
	14	45	139.0
	14	46	104.0
	14	47	89.0
	14	48	97.0
	14	49	140.0
	14	50	159.0
	14	51	130.0
	14	52	176.0
	14	53	84.0
	14	54	128.0
	14	55	151.0
	14	56	179.0
	14	57	142.0
	14	58	157.0
	14	59	185.0
	14	60	180.0
	14	61	159.0
	14	62	117.0
	14	63	183.0
	14	64	262.0
	14	65	180.0
	14	66	200.0
	14	67	160.0
	14	68	149.0
	14	69	149.0
	14	70	160.0
	14	71	144.0
	14	72	96.0
	14	73	143.0
	14	74	153.0
	14	75	135.0
	14	76	116.0
	14	77	125.0
	14	78	155.0
	14	79	61.0
	14	80	55.0
	14	81	127.0
	14	82	154.0
	14	83	195.0
	14	84	160.0
	14	85	131.0
	14	86	131.0
	14	87	107.0
	14	88	31.0
	14	89	115.0
	14	90	150.0
	14	91	170.0
	14	92	182.0
	14	93	197.0
	14	94	147.0
	14	95	97.0
	14	96	117.0
	14	97	125.0
	14	98	138.0
	14	99	184.0
	15	0	162.0
	15	1	117.0
	15	2	140.0
	15	3	186.0
	15	4	226.0
	15	5	202.0
	15	6	124.0
	15	7	134.0
	15	8	181.0
	15	9	198.0
	15	10	211.0
	15	11	208.0
	15	12	218.0
	15	13	152.0
	15	14	93.0
	15	15	0.0
	15	16	22.0
	15	17	105.0
	15	18	158.0
	15	19	181.0
	15	20	135.0
	15	21	124.0
	15	22	89.0
	15	23	113.0
	15	24	106.0
	15	25	27.0
	15	26	24.0
	15	27	77.0
	15	28	63.0
	15	29	99.0
	15	30	71.0
	15	31	57.0
	15	32	122.0
	15	33	135.0
	15	34	207.0
	15	35	191.0
	15	36	159.0
	15	37	142.0
	15	38	153.0
	15	39	136.0
	15	40	206.0
	15	41	194.0
	15	42	133.0
	15	43	98.0
	15	44	103.0
	15	45	147.0
	15	46	173.0
	15	47	158.0
	15	48	166.0
	15	49	209.0
	15	50	228.0
	15	51	182.0
	15	52	185.0
	15	53	88.0
	15	54	129.0
	15	55	152.0
	15	56	86.0
	15	57	49.0
	15	58	64.0
	15	59	92.0
	15	60	101.0
	15	61	179.0
	15	62	210.0
	15	63	181.0
	15	64	205.0
	15	65	123.0
	15	66	134.0
	15	67	67.0
	15	68	155.0
	15	69	162.0
	15	70	146.0
	15	71	162.0
	15	72	143.0
	15	73	90.0
	15	74	100.0
	15	75	82.0
	15	76	63.0
	15	77	72.0
	15	78	154.0
	15	79	148.0
	15	80	142.0
	15	81	214.0
	15	82	201.0
	15	83	242.0
	15	84	184.0
	15	85	178.0
	15	86	149.0
	15	87	154.0
	15	88	124.0
	15	89	129.0
	15	90	148.0
	15	91	77.0
	15	92	105.0
	15	93	144.0
	15	94	200.0
	15	95	150.0
	15	96	175.0
	15	97	96.0
	15	98	139.0
	15	99	172.0
	16	0	173.0
	16	1	139.0
	16	2	162.0
	16	3	164.0
	16	4	223.0
	16	5	224.0
	16	6	146.0
	16	7	156.0
	16	8	203.0
	16	9	212.0
	16	10	233.0
	16	11	230.0
	16	12	201.0
	16	13	174.0
	16	14	115.0
	16	15	22.0
	16	16	0.0
	16	17	83.0
	16	18	141.0
	16	19	181.0
	16	20	122.0
	16	21	111.0
	16	22	111.0
	16	23	135.0
	16	24	128.0
	16	25	49.0
	16	26	46.0
	16	27	99.0
	16	28	85.0
	16	29	121.0
	16	30	93.0
	16	31	79.0
	16	32	144.0
	16	33	144.0
	16	34	216.0
	16	35	178.0
	16	36	181.0
	16	37	164.0
	16	38	175.0
	16	39	114.0
	16	40	184.0
	16	41	172.0
	16	42	111.0
	16	43	76.0
	16	44	81.0
	16	45	132.0
	16	46	167.0
	16	47	180.0
	16	48	188.0
	16	49	231.0
	16	50	250.0
	16	51	202.0
	16	52	207.0
	16	53	110.0
	16	54	107.0
	16	55	130.0
	16	56	76.0
	16	57	71.0
	16	58	86.0
	16	59	114.0
	16	60	123.0
	16	61	201.0
	16	62	232.0
	16	63	159.0
	16	64	227.0
	16	65	145.0
	16	66	156.0
	16	67	89.0
	16	68	177.0
	16	69	184.0
	16	70	136.0
	16	71	152.0
	16	72	165.0
	16	73	112.0
	16	74	122.0
	16	75	104.0
	16	76	85.0
	16	77	94.0
	16	78	176.0
	16	79	141.0
	16	80	135.0
	16	81	207.0
	16	82	223.0
	16	83	264.0
	16	84	206.0
	16	85	200.0
	16	86	171.0
	16	87	176.0
	16	88	146.0
	16	89	107.0
	16	90	126.0
	16	91	55.0
	16	92	83.0
	16	93	140.0
	16	94	216.0
	16	95	172.0
	16	96	197.0
	16	97	118.0
	16	98	117.0
	16	99	163.0
	17	0	163.0
	17	1	169.0
	17	2	192.0
	17	3	174.0
	17	4	210.0
	17	5	186.0
	17	6	108.0
	17	7	84.0
	17	8	154.0
	17	9	171.0
	17	10	237.0
	17	11	174.0
	17	12	143.0
	17	13	148.0
	17	14	59.0
	17	15	105.0
	17	16	83.0
	17	17	0.0
	17	18	83.0
	17	19	98.0
	17	20	39.0
	17	21	28.0
	17	22	113.0
	17	23	137.0
	17	24	211.0
	17	25	132.0
	17	26	129.0
	17	27	182.0
	17	28	168.0
	17	29	200.0
	17	30	123.0
	17	31	137.0
	17	32	175.0
	17	33	162.0
	17	34	139.0
	17	35	95.0
	17	36	125.0
	17	37	108.0
	17	38	119.0
	17	39	124.0
	17	40	194.0
	17	41	120.0
	17	42	59.0
	17	43	94.0
	17	44	99.0
	17	45	150.0
	17	46	163.0
	17	47	148.0
	17	48	156.0
	17	49	199.0
	17	50	218.0
	17	51	189.0
	17	52	178.0
	17	53	81.0
	17	54	117.0
	17	55	140.0
	17	56	159.0
	17	57	154.0
	17	58	169.0
	17	59	197.0
	17	60	206.0
	17	61	215.0
	17	62	173.0
	17	63	193.0
	17	64	267.0
	17	65	185.0
	17	66	197.0
	17	67	172.0
	17	68	175.0
	17	69	146.0
	17	70	169.0
	17	71	153.0
	17	72	93.0
	17	73	140.0
	17	74	150.0
	17	75	132.0
	17	76	113.0
	17	77	122.0
	17	78	152.0
	17	79	58.0
	17	80	52.0
	17	81	124.0
	17	82	151.0
	17	83	192.0
	17	84	157.0
	17	85	128.0
	17	86	157.0
	17	87	166.0
	17	88	90.0
	17	89	125.0
	17	90	160.0
	17	91	138.0
	17	92	166.0
	17	93	194.0
	17	94	189.0
	17	95	156.0
	17	96	176.0
	17	97	122.0
	17	98	107.0
	17	99	153.0
	18	0	80.0
	18	1	125.0
	18	2	148.0
	18	3	91.0
	18	4	150.0
	18	5	174.0
	18	6	124.0
	18	7	100.0
	18	8	170.0
	18	9	187.0
	18	10	184.0
	18	11	91.0
	18	12	60.0
	18	13	127.0
	18	14	142.0
	18	15	158.0
	18	16	141.0
	18	17	83.0
	18	18	0.0
	18	19	89.0
	18	20	120.0
	18	21	111.0
	18	22	148.0
	18	23	124.0
	18	24	210.0
	18	25	131.0
	18	26	134.0
	18	27	187.0
	18	28	167.0
	18	29	203.0
	18	30	171.0
	18	31	167.0
	18	32	146.0
	18	33	133.0
	18	34	205.0
	18	35	178.0
	18	36	167.0
	18	37	150.0
	18	38	139.0
	18	39	41.0
	18	40	111.0
	18	41	161.0
	18	42	100.0
	18	43	65.0
	18	44	70.0
	18	45	121.0
	18	46	156.0
	18	47	152.0
	18	48	160.0
	18	49	203.0
	18	50	222.0
	18	51	191.0
	18	52	204.0
	18	53	107.0
	18	54	34.0
	18	55	57.0
	18	56	144.0
	18	57	153.0
	18	58	168.0
	18	59	196.0
	18	60	205.0
	18	61	161.0
	18	62	196.0
	18	63	164.0
	18	64	245.0
	18	65	172.0
	18	66	179.0
	18	67	171.0
	18	68	190.0
	18	69	162.0
	18	70	185.0
	18	71	169.0
	18	72	109.0
	18	73	122.0
	18	74	132.0
	18	75	76.0
	18	76	95.0
	18	77	104.0
	18	78	186.0
	18	79	141.0
	18	80	135.0
	18	81	207.0
	18	82	167.0
	18	83	208.0
	18	84	173.0
	18	85	204.0
	18	86	181.0
	18	87	205.0
	18	88	146.0
	18	89	96.0
	18	90	131.0
	18	91	196.0
	18	92	205.0
	18	93	176.0
	18	94	205.0
	18	95	158.0
	18	96	154.0
	18	97	62.0
	18	98	24.0
	18	99	70.0
	19	0	149.0
	19	1	104.0
	19	2	127.0
	19	3	180.0
	19	4	237.0
	19	5	213.0
	19	6	135.0
	19	7	126.0
	19	8	180.0
	19	9	197.0
	19	10	198.0
	19	11	180.0
	19	12	149.0
	19	13	177.0
	19	14	88.0
	19	15	181.0
	19	16	181.0
	19	17	98.0
	19	18	89.0
	19	19	0.0
	19	20	59.0
	19	21	70.0
	19	22	134.0
	19	23	158.0
	19	24	248.0
	19	25	169.0
	19	26	172.0
	19	27	225.0
	19	28	205.0
	19	29	227.0
	19	30	150.0
	19	31	164.0
	19	32	138.0
	19	33	125.0
	19	34	181.0
	19	35	137.0
	19	36	92.0
	19	37	75.0
	19	38	86.0
	19	39	130.0
	19	40	200.0
	19	41	140.0
	19	42	79.0
	19	43	114.0
	19	44	119.0
	19	45	113.0
	19	46	78.0
	19	47	63.0
	19	48	71.0
	19	49	114.0
	19	50	133.0
	19	51	113.0
	19	52	159.0
	19	53	123.0
	19	54	123.0
	19	55	146.0
	19	56	228.0
	19	57	191.0
	19	58	206.0
	19	59	203.0
	19	60	194.0
	19	61	185.0
	19	62	143.0
	19	63	179.0
	19	64	260.0
	19	65	206.0
	19	66	217.0
	19	67	208.0
	19	68	153.0
	19	69	173.0
	19	70	174.0
	19	71	158.0
	19	72	135.0
	19	73	160.0
	19	74	170.0
	19	75	152.0
	19	76	133.0
	19	77	142.0
	19	78	194.0
	19	79	100.0
	19	80	94.0
	19	81	166.0
	19	82	193.0
	19	83	234.0
	19	84	183.0
	19	85	170.0
	19	86	145.0
	19	87	121.0
	19	88	57.0
	19	89	141.0
	19	90	176.0
	19	91	236.0
	19	92	221.0
	19	93	197.0
	19	94	121.0
	19	95	71.0
	19	96	96.0
	19	97	151.0
	19	98	113.0
	19	99	159.0
	20	0	152.0
	20	1	152.0
	20	2	175.0
	20	3	143.0
	20	4	178.0
	20	5	154.0
	20	6	76.0
	20	7	67.0
	20	8	137.0
	20	9	154.0
	20	10	220.0
	20	11	167.0
	20	12	180.0
	20	13	131.0
	20	14	42.0
	20	15	135.0
	20	16	122.0
	20	17	39.0
	20	18	120.0
	20	19	59.0
	20	20	0.0
	20	21	11.0
	20	22	90.0
	20	23	114.0
	20	24	189.0
	20	25	110.0
	20	26	113.0
	20	27	166.0
	20	28	146.0
	20	29	182.0
	20	30	106.0
	20	31	120.0
	20	32	136.0
	20	33	123.0
	20	34	122.0
	20	35	78.0
	20	36	108.0
	20	37	91.0
	20	38	102.0
	20	39	93.0
	20	40	161.0
	20	41	81.0
	20	42	20.0
	20	43	55.0
	20	44	60.0
	20	45	111.0
	20	46	137.0
	20	47	122.0
	20	48	130.0
	20	49	173.0
	20	50	192.0
	20	51	172.0
	20	52	161.0
	20	53	64.0
	20	54	86.0
	20	55	109.0
	20	56	169.0
	20	57	132.0
	20	58	147.0
	20	59	175.0
	20	60	184.0
	20	61	198.0
	20	62	156.0
	20	63	154.0
	20	64	235.0
	20	65	162.0
	20	66	158.0
	20	67	150.0
	20	68	158.0
	20	69	114.0
	20	70	152.0
	20	71	136.0
	20	72	76.0
	20	73	101.0
	20	74	111.0
	20	75	93.0
	20	76	74.0
	20	77	83.0
	20	78	135.0
	20	79	41.0
	20	80	35.0
	20	81	107.0
	20	82	134.0
	20	83	175.0
	20	84	140.0
	20	85	111.0
	20	86	140.0
	20	87	149.0
	20	88	73.0
	20	89	86.0
	20	90	121.0
	20	91	177.0
	20	92	162.0
	20	93	155.0
	20	94	172.0
	20	95	130.0
	20	96	155.0
	20	97	105.0
	20	98	96.0
	20	99	142.0
	21	0	163.0
	21	1	141.0
	21	2	164.0
	21	3	154.0
	21	4	182.0
	21	5	158.0
	21	6	80.0
	21	7	56.0
	21	8	126.0
	21	9	143.0
	21	10	209.0
	21	11	171.0
	21	12	171.0
	21	13	120.0
	21	14	31.0
	21	15	124.0
	21	16	111.0
	21	17	28.0
	21	18	111.0
	21	19	70.0
	21	20	11.0
	21	21	0.0
	21	22	85.0
	21	23	109.0
	21	24	193.0
	21	25	114.0
	21	26	117.0
	21	27	170.0
	21	28	150.0
	21	29	172.0
	21	30	95.0
	21	31	109.0
	21	32	147.0
	21	33	134.0
	21	34	111.0
	21	35	67.0
	21	36	97.0
	21	37	80.0
	21	38	91.0
	21	39	104.0
	21	40	172.0
	21	41	92.0
	21	42	31.0
	21	43	66.0
	21	44	71.0
	21	45	122.0
	21	46	135.0
	21	47	120.0
	21	48	128.0
	21	49	171.0
	21	50	190.0
	21	51	161.0
	21	52	150.0
	21	53	53.0
	21	54	97.0
	21	55	120.0
	21	56	173.0
	21	57	136.0
	21	58	151.0
	21	59	179.0
	21	60	188.0
	21	61	187.0
	21	62	145.0
	21	63	165.0
	21	64	239.0
	21	65	157.0
	21	66	169.0
	21	67	154.0
	21	68	147.0
	21	69	118.0
	21	70	141.0
	21	71	125.0
	21	72	65.0
	21	73	112.0
	21	74	122.0
	21	75	104.0
	21	76	85.0
	21	77	94.0
	21	78	124.0
	21	79	30.0
	21	80	24.0
	21	81	96.0
	21	82	123.0
	21	83	164.0
	21	84	129.0
	21	85	100.0
	21	86	129.0
	21	87	138.0
	21	88	62.0
	21	89	97.0
	21	90	132.0
	21	91	166.0
	21	92	151.0
	21	93	166.0
	21	94	161.0
	21	95	128.0
	21	96	148.0
	21	97	94.0
	21	98	107.0
	21	99	153.0
	22	0	186.0
	22	1	148.0
	22	2	125.0
	22	3	193.0
	22	4	228.0
	22	5	204.0
	22	6	126.0
	22	7	124.0
	22	8	92.0
	22	9	109.0
	22	10	175.0
	22	11	161.0
	22	12	130.0
	22	13	63.0
	22	14	108.0
	22	15	89.0
	22	16	111.0
	22	17	113.0
	22	18	148.0
	22	19	134.0
	22	20	90.0
	22	21	85.0
	22	22	0.0
	22	23	24.0
	22	24	118.0
	22	25	62.0
	22	26	65.0
	22	27	118.0
	22	28	98.0
	22	29	134.0
	22	30	112.0
	22	31	98.0
	22	32	163.0
	22	33	173.0
	22	34	196.0
	22	35	152.0
	22	36	112.0
	22	37	95.0
	22	38	106.0
	22	39	143.0
	22	40	211.0
	22	41	131.0
	22	42	70.0
	22	43	105.0
	22	44	110.0
	22	45	161.0
	22	46	150.0
	22	47	135.0
	22	48	143.0
	22	49	186.0
	22	50	205.0
	22	51	174.0
	22	52	220.0
	22	53	123.0
	22	54	136.0
	22	55	159.0
	22	56	121.0
	22	57	84.0
	22	58	99.0
	22	59	127.0
	22	60	136.0
	22	61	205.0
	22	62	163.0
	22	63	204.0
	22	64	154.0
	22	65	72.0
	22	66	102.0
	22	67	102.0
	22	68	159.0
	22	69	164.0
	22	70	172.0
	22	71	188.0
	22	72	133.0
	22	73	100.0
	22	74	110.0
	22	75	72.0
	22	76	73.0
	22	77	64.0
	22	78	146.0
	22	79	115.0
	22	80	109.0
	22	81	181.0
	22	82	191.0
	22	83	175.0
	22	84	95.0
	22	85	126.0
	22	86	141.0
	22	87	151.0
	22	88	77.0
	22	89	136.0
	22	90	171.0
	22	91	166.0
	22	92	194.0
	22	93	154.0
	22	94	193.0
	22	95	143.0
	22	96	163.0
	22	97	86.0
	22	98	130.0
	22	99	176.0
	23	0	162.0
	23	1	172.0
	23	2	149.0
	23	3	173.0
	23	4	226.0
	23	5	202.0
	23	6	124.0
	23	7	100.0
	23	8	68.0
	23	9	85.0
	23	10	151.0
	23	11	185.0
	23	12	154.0
	23	13	87.0
	23	14	132.0
	23	15	113.0
	23	16	135.0
	23	17	137.0
	23	18	124.0
	23	19	158.0
	23	20	114.0
	23	21	109.0
	23	22	24.0
	23	23	0.0
	23	24	94.0
	23	25	86.0
	23	26	89.0
	23	27	142.0
	23	28	122.0
	23	29	158.0
	23	30	136.0
	23	31	122.0
	23	32	187.0
	23	33	197.0
	23	34	220.0
	23	35	176.0
	23	36	136.0
	23	37	119.0
	23	38	130.0
	23	39	123.0
	23	40	193.0
	23	41	155.0
	23	42	94.0
	23	43	129.0
	23	44	134.0
	23	45	185.0
	23	46	174.0
	23	47	159.0
	23	48	167.0
	23	49	210.0
	23	50	227.0
	23	51	164.0
	23	52	210.0
	23	53	147.0
	23	54	116.0
	23	55	139.0
	23	56	145.0
	23	57	108.0
	23	58	123.0
	23	59	151.0
	23	60	160.0
	23	61	189.0
	23	62	147.0
	23	63	204.0
	23	64	130.0
	23	65	48.0
	23	66	78.0
	23	67	126.0
	23	68	149.0
	23	69	162.0
	23	70	166.0
	23	71	164.0
	23	72	109.0
	23	73	94.0
	23	74	104.0
	23	75	48.0
	23	76	67.0
	23	77	76.0
	23	78	158.0
	23	79	139.0
	23	80	133.0
	23	81	205.0
	23	82	167.0
	23	83	151.0
	23	84	71.0
	23	85	102.0
	23	86	131.0
	23	87	127.0
	23	88	101.0
	23	89	160.0
	23	90	171.0
	23	91	190.0
	23	92	205.0
	23	93	148.0
	23	94	205.0
	23	95	167.0
	23	96	154.0
	23	97	62.0
	23	98	106.0
	23	99	152.0
	24	0	220.0
	24	1	175.0
	24	2	198.0
	24	3	259.0
	24	4	284.0
	24	5	260.0
	24	6	182.0
	24	7	186.0
	24	8	162.0
	24	9	179.0
	24	10	245.0
	24	11	266.0
	24	12	248.0
	24	13	181.0
	24	14	199.0
	24	15	106.0
	24	16	128.0
	24	17	211.0
	24	18	210.0
	24	19	248.0
	24	20	189.0
	24	21	193.0
	24	22	118.0
	24	23	94.0
	24	24	0.0
	24	25	79.0
	24	26	82.0
	24	27	135.0
	24	28	115.0
	24	29	151.0
	24	30	129.0
	24	31	115.0
	24	32	180.0
	24	33	193.0
	24	34	265.0
	24	35	260.0
	24	36	230.0
	24	37	213.0
	24	38	224.0
	24	39	209.0
	24	40	279.0
	24	41	249.0
	24	42	188.0
	24	43	204.0
	24	44	209.0
	24	45	205.0
	24	46	231.0
	24	47	216.0
	24	48	224.0
	24	49	267.0
	24	50	286.0
	24	51	234.0
	24	52	237.0
	24	53	140.0
	24	54	202.0
	24	55	225.0
	24	56	138.0
	24	57	101.0
	24	58	116.0
	24	59	144.0
	24	60	153.0
	24	61	231.0
	24	62	241.0
	24	63	247.0
	24	64	224.0
	24	65	142.0
	24	66	172.0
	24	67	119.0
	24	68	207.0
	24	69	220.0
	24	70	198.0
	24	71	214.0
	24	72	195.0
	24	73	142.0
	24	74	152.0
	24	75	134.0
	24	76	115.0
	24	77	124.0
	24	78	206.0
	24	79	206.0
	24	80	200.0
	24	81	272.0
	24	82	253.0
	24	83	245.0
	24	84	165.0
	24	85	196.0
	24	86	201.0
	24	87	206.0
	24	88	195.0
	24	89	235.0
	24	90	254.0
	24	91	183.0
	24	92	211.0
	24	93	196.0
	24	94	258.0
	24	95	208.0
	24	96	233.0
	24	97	148.0
	24	98	192.0
	24	99	230.0
	25	0	141.0
	25	1	96.0
	25	2	119.0
	25	3	180.0
	25	4	205.0
	25	5	181.0
	25	6	103.0
	25	7	107.0
	25	8	154.0
	25	9	171.0
	25	10	190.0
	25	11	187.0
	25	12	191.0
	25	13	125.0
	25	14	120.0
	25	15	27.0
	25	16	49.0
	25	17	132.0
	25	18	131.0
	25	19	169.0
	25	20	110.0
	25	21	114.0
	25	22	62.0
	25	23	86.0
	25	24	79.0
	25	25	0.0
	25	26	3.0
	25	27	56.0
	25	28	36.0
	25	29	72.0
	25	30	50.0
	25	31	36.0
	25	32	101.0
	25	33	114.0
	25	34	186.0
	25	35	181.0
	25	36	174.0
	25	37	157.0
	25	38	168.0
	25	39	130.0
	25	40	200.0
	25	41	191.0
	25	42	130.0
	25	43	125.0
	25	44	130.0
	25	45	126.0
	25	46	152.0
	25	47	137.0
	25	48	145.0
	25	49	188.0
	25	50	207.0
	25	51	155.0
	25	52	158.0
	25	53	61.0
	25	54	123.0
	25	55	146.0
	25	56	59.0
	25	57	22.0
	25	58	37.0
	25	59	65.0
	25	60	74.0
	25	61	152.0
	25	62	194.0
	25	63	168.0
	25	64	178.0
	25	65	96.0
	25	66	107.0
	25	67	40.0
	25	68	128.0
	25	69	141.0
	25	70	119.0
	25	71	135.0
	25	72	116.0
	25	73	63.0
	25	74	73.0
	25	75	55.0
	25	76	36.0
	25	77	45.0
	25	78	127.0
	25	79	127.0
	25	80	121.0
	25	81	193.0
	25	82	174.0
	25	83	215.0
	25	84	157.0
	25	85	151.0
	25	86	122.0
	25	87	127.0
	25	88	139.0
	25	89	156.0
	25	90	175.0
	25	91	104.0
	25	92	132.0
	25	93	117.0
	25	94	179.0
	25	95	129.0
	25	96	154.0
	25	97	69.0
	25	98	113.0
	25	99	151.0
	26	0	138.0
	26	1	93.0
	26	2	116.0
	26	3	183.0
	26	4	202.0
	26	5	178.0
	26	6	100.0
	26	7	110.0
	26	8	157.0
	26	9	174.0
	26	10	187.0
	26	11	184.0
	26	12	194.0
	26	13	128.0
	26	14	117.0
	26	15	24.0
	26	16	46.0
	26	17	129.0
	26	18	134.0
	26	19	172.0
	26	20	113.0
	26	21	117.0
	26	22	65.0
	26	23	89.0
	26	24	82.0
	26	25	3.0
	26	26	0.0
	26	27	53.0
	26	28	39.0
	26	29	75.0
	26	30	47.0
	26	31	33.0
	26	32	98.0
	26	33	111.0
	26	34	183.0
	26	35	184.0
	26	36	177.0
	26	37	160.0
	26	38	171.0
	26	39	133.0
	26	40	203.0
	26	41	194.0
	26	42	133.0
	26	43	122.0
	26	44	127.0
	26	45	123.0
	26	46	149.0
	26	47	134.0
	26	48	142.0
	26	49	185.0
	26	50	204.0
	26	51	158.0
	26	52	161.0
	26	53	64.0
	26	54	126.0
	26	55	149.0
	26	56	62.0
	26	57	25.0
	26	58	40.0
	26	59	68.0
	26	60	77.0
	26	61	155.0
	26	62	197.0
	26	63	165.0
	26	64	181.0
	26	65	99.0
	26	66	110.0
	26	67	43.0
	26	68	131.0
	26	69	138.0
	26	70	122.0
	26	71	138.0
	26	72	119.0
	26	73	66.0
	26	74	76.0
	26	75	58.0
	26	76	39.0
	26	77	48.0
	26	78	130.0
	26	79	124.0
	26	80	118.0
	26	81	190.0
	26	82	177.0
	26	83	218.0
	26	84	160.0
	26	85	154.0
	26	86	125.0
	26	87	130.0
	26	88	142.0
	26	89	153.0
	26	90	172.0
	26	91	101.0
	26	92	129.0
	26	93	120.0
	26	94	176.0
	26	95	126.0
	26	96	151.0
	26	97	72.0
	26	98	116.0
	26	99	148.0
	27	0	191.0
	27	1	146.0
	27	2	169.0
	27	3	236.0
	27	4	255.0
	27	5	231.0
	27	6	153.0
	27	7	163.0
	27	8	210.0
	27	9	227.0
	27	10	240.0
	27	11	237.0
	27	12	247.0
	27	13	181.0
	27	14	170.0
	27	15	77.0
	27	16	99.0
	27	17	182.0
	27	18	187.0
	27	19	225.0
	27	20	166.0
	27	21	170.0
	27	22	118.0
	27	23	142.0
	27	24	135.0
	27	25	56.0
	27	26	53.0
	27	27	0.0
	27	28	62.0
	27	29	98.0
	27	30	100.0
	27	31	86.0
	27	32	151.0
	27	33	164.0
	27	34	236.0
	27	35	237.0
	27	36	230.0
	27	37	213.0
	27	38	224.0
	27	39	186.0
	27	40	256.0
	27	41	247.0
	27	42	186.0
	27	43	175.0
	27	44	180.0
	27	45	176.0
	27	46	202.0
	27	47	187.0
	27	48	195.0
	27	49	238.0
	27	50	257.0
	27	51	211.0
	27	52	214.0
	27	53	117.0
	27	54	179.0
	27	55	202.0
	27	56	115.0
	27	57	78.0
	27	58	93.0
	27	59	121.0
	27	60	130.0
	27	61	208.0
	27	62	250.0
	27	63	218.0
	27	64	234.0
	27	65	152.0
	27	66	163.0
	27	67	96.0
	27	68	184.0
	27	69	191.0
	27	70	175.0
	27	71	191.0
	27	72	172.0
	27	73	119.0
	27	74	129.0
	27	75	111.0
	27	76	92.0
	27	77	101.0
	27	78	183.0
	27	79	177.0
	27	80	171.0
	27	81	243.0
	27	82	230.0
	27	83	271.0
	27	84	213.0
	27	85	207.0
	27	86	178.0
	27	87	183.0
	27	88	195.0
	27	89	206.0
	27	90	225.0
	27	91	154.0
	27	92	182.0
	27	93	173.0
	27	94	229.0
	27	95	179.0
	27	96	204.0
	27	97	125.0
	27	98	169.0
	27	99	201.0
	28	0	177.0
	28	1	132.0
	28	2	155.0
	28	3	216.0
	28	4	241.0
	28	5	217.0
	28	6	139.0
	28	7	143.0
	28	8	190.0
	28	9	207.0
	28	10	226.0
	28	11	223.0
	28	12	227.0
	28	13	161.0
	28	14	156.0
	28	15	63.0
	28	16	85.0
	28	17	168.0
	28	18	167.0
	28	19	205.0
	28	20	146.0
	28	21	150.0
	28	22	98.0
	28	23	122.0
	28	24	115.0
	28	25	36.0
	28	26	39.0
	28	27	62.0
	28	28	0.0
	28	29	36.0
	28	30	86.0
	28	31	72.0
	28	32	137.0
	28	33	150.0
	28	34	222.0
	28	35	217.0
	28	36	210.0
	28	37	193.0
	28	38	204.0
	28	39	166.0
	28	40	236.0
	28	41	227.0
	28	42	166.0
	28	43	161.0
	28	44	166.0
	28	45	162.0
	28	46	188.0
	28	47	173.0
	28	48	181.0
	28	49	224.0
	28	50	243.0
	28	51	191.0
	28	52	194.0
	28	53	97.0
	28	54	159.0
	28	55	182.0
	28	56	95.0
	28	57	58.0
	28	58	73.0
	28	59	101.0
	28	60	110.0
	28	61	188.0
	28	62	230.0
	28	63	204.0
	28	64	214.0
	28	65	132.0
	28	66	143.0
	28	67	76.0
	28	68	164.0
	28	69	177.0
	28	70	155.0
	28	71	171.0
	28	72	152.0
	28	73	99.0
	28	74	109.0
	28	75	91.0
	28	76	72.0
	28	77	81.0
	28	78	163.0
	28	79	163.0
	28	80	157.0
	28	81	229.0
	28	82	210.0
	28	83	251.0
	28	84	193.0
	28	85	187.0
	28	86	158.0
	28	87	163.0
	28	88	175.0
	28	89	192.0
	28	90	211.0
	28	91	140.0
	28	92	168.0
	28	93	153.0
	28	94	215.0
	28	95	165.0
	28	96	190.0
	28	97	105.0
	28	98	149.0
	28	99	187.0
	29	0	168.0
	29	1	123.0
	29	2	146.0
	29	3	242.0
	29	4	260.0
	29	5	236.0
	29	6	158.0
	29	7	179.0
	29	8	226.0
	29	9	243.0
	29	10	217.0
	29	11	214.0
	29	12	245.0
	29	13	197.0
	29	14	192.0
	29	15	99.0
	29	16	121.0
	29	17	200.0
	29	18	203.0
	29	19	227.0
	29	20	182.0
	29	21	172.0
	29	22	134.0
	29	23	158.0
	29	24	151.0
	29	25	72.0
	29	26	75.0
	29	27	98.0
	29	28	36.0
	29	29	0.0
	29	30	77.0
	29	31	91.0
	29	32	156.0
	29	33	169.0
	29	34	241.0
	29	35	239.0
	29	36	246.0
	29	37	229.0
	29	38	238.0
	29	39	202.0
	29	40	272.0
	29	41	263.0
	29	42	202.0
	29	43	197.0
	29	44	202.0
	29	45	181.0
	29	46	179.0
	29	47	164.0
	29	48	172.0
	29	49	215.0
	29	50	234.0
	29	51	214.0
	29	52	230.0
	29	53	133.0
	29	54	195.0
	29	55	218.0
	29	56	131.0
	29	57	94.0
	29	58	109.0
	29	59	137.0
	29	60	146.0
	29	61	224.0
	29	62	266.0
	29	63	223.0
	29	64	250.0
	29	65	168.0
	29	66	179.0
	29	67	112.0
	29	68	200.0
	29	69	196.0
	29	70	191.0
	29	71	207.0
	29	72	188.0
	29	73	135.0
	29	74	145.0
	29	75	127.0
	29	76	108.0
	29	77	117.0
	29	78	199.0
	29	79	154.0
	29	80	148.0
	29	81	220.0
	29	82	246.0
	29	83	287.0
	29	84	229.0
	29	85	223.0
	29	86	194.0
	29	87	199.0
	29	88	211.0
	29	89	228.0
	29	90	247.0
	29	91	176.0
	29	92	204.0
	29	93	189.0
	29	94	206.0
	29	95	156.0
	29	96	181.0
	29	97	141.0
	29	98	185.0
	29	99	178.0
	30	0	91.0
	30	1	46.0
	30	2	69.0
	30	3	165.0
	30	4	183.0
	30	5	159.0
	30	6	81.0
	30	7	105.0
	30	8	175.0
	30	9	192.0
	30	10	140.0
	30	11	137.0
	30	12	168.0
	30	13	131.0
	30	14	126.0
	30	15	71.0
	30	16	93.0
	30	17	123.0
	30	18	171.0
	30	19	150.0
	30	20	106.0
	30	21	95.0
	30	22	112.0
	30	23	136.0
	30	24	129.0
	30	25	50.0
	30	26	47.0
	30	27	100.0
	30	28	86.0
	30	29	77.0
	30	30	0.0
	30	31	14.0
	30	32	79.0
	30	33	92.0
	30	34	164.0
	30	35	162.0
	30	36	180.0
	30	37	163.0
	30	38	161.0
	30	39	164.0
	30	40	234.0
	30	41	187.0
	30	42	126.0
	30	43	160.0
	30	44	155.0
	30	45	104.0
	30	46	102.0
	30	47	87.0
	30	48	95.0
	30	49	138.0
	30	50	157.0
	30	51	137.0
	30	52	183.0
	30	53	111.0
	30	54	157.0
	30	55	180.0
	30	56	109.0
	30	57	72.0
	30	58	87.0
	30	59	115.0
	30	60	124.0
	30	61	180.0
	30	62	192.0
	30	63	146.0
	30	64	227.0
	30	65	146.0
	30	66	157.0
	30	67	90.0
	30	68	143.0
	30	69	119.0
	30	70	169.0
	30	71	174.0
	30	72	114.0
	30	73	113.0
	30	74	123.0
	30	75	105.0
	30	76	86.0
	30	77	95.0
	30	78	171.0
	30	79	77.0
	30	80	71.0
	30	81	143.0
	30	82	172.0
	30	83	213.0
	30	84	178.0
	30	85	147.0
	30	86	161.0
	30	87	145.0
	30	88	145.0
	30	89	153.0
	30	90	179.0
	30	91	148.0
	30	92	176.0
	30	93	167.0
	30	94	129.0
	30	95	79.0
	30	96	104.0
	30	97	119.0
	30	98	147.0
	30	99	101.0
	31	0	105.0
	31	1	60.0
	31	2	83.0
	31	3	179.0
	31	4	169.0
	31	5	145.0
	31	6	67.0
	31	7	91.0
	31	8	161.0
	31	9	178.0
	31	10	154.0
	31	11	151.0
	31	12	182.0
	31	13	145.0
	31	14	140.0
	31	15	57.0
	31	16	79.0
	31	17	137.0
	31	18	167.0
	31	19	164.0
	31	20	120.0
	31	21	109.0
	31	22	98.0
	31	23	122.0
	31	24	115.0
	31	25	36.0
	31	26	33.0
	31	27	86.0
	31	28	72.0
	31	29	91.0
	31	30	14.0
	31	31	0.0
	31	32	65.0
	31	33	78.0
	31	34	150.0
	31	35	176.0
	31	36	194.0
	31	37	177.0
	31	38	175.0
	31	39	166.0
	31	40	236.0
	31	41	184.0
	31	42	123.0
	31	43	146.0
	31	44	141.0
	31	45	90.0
	31	46	116.0
	31	47	101.0
	31	48	109.0
	31	49	152.0
	31	50	171.0
	31	51	151.0
	31	52	194.0
	31	53	97.0
	31	54	159.0
	31	55	182.0
	31	56	95.0
	31	57	58.0
	31	58	73.0
	31	59	101.0
	31	60	110.0
	31	61	188.0
	31	62	206.0
	31	63	132.0
	31	64	213.0
	31	65	132.0
	31	66	143.0
	31	67	76.0
	31	68	157.0
	31	69	105.0
	31	70	155.0
	31	71	160.0
	31	72	100.0
	31	73	99.0
	31	74	109.0
	31	75	91.0
	31	76	72.0
	31	77	81.0
	31	78	163.0
	31	79	91.0
	31	80	85.0
	31	81	157.0
	31	82	158.0
	31	83	199.0
	31	84	164.0
	31	85	161.0
	31	86	158.0
	31	87	159.0
	31	88	159.0
	31	89	139.0
	31	90	165.0
	31	91	134.0
	31	92	162.0
	31	93	153.0
	31	94	143.0
	31	95	93.0
	31	96	118.0
	31	97	105.0
	31	98	149.0
	31	99	115.0
	32	0	161.0
	32	1	116.0
	32	2	139.0
	32	3	169.0
	32	4	228.0
	32	5	210.0
	32	6	132.0
	32	7	156.0
	32	8	191.0
	32	9	186.0
	32	10	210.0
	32	11	207.0
	32	12	206.0
	32	13	201.0
	32	14	164.0
	32	15	122.0
	32	16	144.0
