data;

param n := 100;

param p := 20;

param m := 4;

param alpha := 10.408120155334473;

param r := 
	0	2
	1	0
	2	1
	3	2
	4	3
	5	3
	6	0
	7	1
	8	2
	9	1
	10	0
	11	3
	12	1
	13	0
	14	0
	15	1
	16	3
	17	1
	18	1
	19	1
	20	2
	21	3
	22	3
	23	2
	24	0
	25	0
	26	0
	27	3
	28	3
	29	3
	30	0
	31	0
	32	2
	33	1
	34	2
	35	3
	36	3
	37	1
	38	3
	39	2
	40	2
	41	3
	42	3
	43	2
	44	2
	45	1
	46	1
	47	0
	48	0
	49	2
	50	2
	51	1
	52	1
	53	2
	54	2
	55	1
	56	1
	57	1
	58	1
	59	1
	60	2
	61	0
	62	2
	63	3
	64	2
	65	3
	66	0
	67	0
	68	3
	69	2
	70	0
	71	1
	72	2
	73	1
	74	0
	75	2
	76	3
	77	2
	78	2
	79	2
	80	2
	81	2
	82	2
	83	0
	84	2
	85	3
	86	1
	87	3
	88	1
	89	0
	90	0
	91	2
	92	0
	93	0
	94	0
	95	1
	96	1
	97	3
	98	3
	99	1
;

param d := 
	0	2
	1	1
	2	3
	3	2
	4	3
	5	3
	6	3
	7	3
	8	3
	9	1
	10	1
	11	3
	12	1
	13	3
	14	1
	15	1
	16	3
	17	1
	18	2
	19	1
	20	2
	21	3
	22	3
	23	3
	24	1
	25	3
	26	0
	27	3
	28	3
	29	3
	30	2
	31	2
	32	3
	33	2
	34	3
	35	3
	36	3
	37	3
	38	3
	39	3
	40	2
	41	3
	42	3
	43	3
	44	2
	45	3
	46	1
	47	3
	48	2
	49	3
	50	2
	51	1
	52	3
	53	3
	54	3
	55	3
	56	2
	57	1
	58	1
	59	1
	60	3
	61	1
	62	2
	63	3
	64	3
	65	3
	66	0
	67	2
	68	3
	69	2
	70	0
	71	3
	72	3
	73	2
	74	0
	75	2
	76	3
	77	3
	78	3
	79	3
	80	2
	81	2
	82	3
	83	1
	84	2
	85	3
	86	1
	87	3
	88	2
	89	3
	90	3
	91	3
	92	1
	93	1
	94	0
	95	2
	96	1
	97	3
	98	3
	99	1
;

param c := 
	0	0	0.0
	0	1	63.324562
	0	2	84.095184
	0	3	4.472136
	0	4	101.31634
	0	5	13.0
	0	6	71.11259
	0	7	80.895
	0	8	50.20956
	0	9	48.270073
	0	10	65.946945
	0	11	77.7946
	0	12	69.339745
	0	13	31.016125
	0	14	17.720045
	0	15	38.63936
	0	16	54.037025
	0	17	9.433981
	0	18	47.434166
	0	19	18.439089
	0	20	23.769728
	0	21	6.4031243
	0	22	29.732138
	0	23	27.294687
	0	24	46.010868
	0	25	69.375786
	0	26	45.276924
	0	27	33.54102
	0	28	50.606323
	0	29	41.036568
	0	30	69.856995
	0	31	31.780497
	0	32	76.48529
	0	33	93.47727
	0	34	100.40418
	0	35	87.66413
	0	36	92.021736
	0	37	62.297672
	0	38	104.44616
	0	39	20.22375
	0	40	72.835434
	0	41	89.27486
	0	42	49.40648
	0	43	54.451813
	0	44	109.28861
	0	45	36.013885
	0	46	70.2282
	0	47	52.3259
	0	48	34.20526
	0	49	85.98837
	0	50	23.769728
	0	51	24.04163
	0	52	35.22783
	0	53	35.383614
	0	54	38.600517
	0	55	50.289165
	0	56	78.63841
	0	57	70.34202
	0	58	86.977005
	0	59	63.63961
	0	60	37.0
	0	61	26.24881
	0	62	74.02702
	0	63	108.97706
	0	64	22.561028
	0	65	77.00649
	0	66	91.706055
	0	67	71.470276
	0	68	26.172504
	0	69	63.07139
	0	70	41.04875
	0	71	23.409399
	0	72	59.615433
	0	73	28.284271
	0	74	87.86353
	0	75	68.18358
	0	76	38.28838
	0	77	10.29563
	0	78	66.730804
	0	79	75.95393
	0	80	45.01111
	0	81	32.24903
	0	82	42.047592
	0	83	74.24958
	0	84	106.21205
	0	85	53.235325
	0	86	83.546394
	0	87	74.63243
	0	88	67.26812
	0	89	27.58623
	0	90	58.249462
	0	91	33.54102
	0	92	54.33231
	0	93	65.03076
	0	94	58.940647
	0	95	40.311287
	0	96	61.400326
	0	97	27.802877
	0	98	79.924965
	0	99	81.7435
	1	0	63.324562
	1	1	0.0
	1	2	61.400326
	1	3	63.07139
	1	4	91.591484
	1	5	64.3506
	1	6	54.230988
	1	7	40.81666
	1	8	62.39391
	1	9	84.87638
	1	10	74.73286
	1	11	15.033297
	1	12	83.677956
	1	13	45.343136
	1	14	54.33231
	1	15	26.400757
	1	16	95.80188
	1	17	72.615425
	1	18	53.851646
	1	19	49.09175
	1	20	48.9183
	1	21	69.46222
	1	22	45.276924
	1	23	74.330345
	1	24	90.13878
	1	25	41.773197
	1	26	22.803509
	1	27	38.948685
	1	28	50.289165
	1	29	58.66856
	1	30	40.024994
	1	31	74.96666
	1	32	17.888544
	1	33	70.2282
	1	34	81.908485
	1	35	58.694122
	1	36	85.47514
	1	37	3.0
	1	38	82.07923
	1	39	56.0803
	1	40	36.40055
	1	41	34.0
	1	42	69.77822
	1	43	16.763054
	1	44	90.47652
	1	45	84.14868
	1	46	95.63472
	1	47	47.539455
	1	48	54.405884
	1	49	44.407207
	1	50	50.01
	1	51	66.0
	1	52	65.0
	1	53	57.428215
	1	54	40.496914
	1	55	39.56008
	1	56	23.021729
	1	57	99.80982
	1	58	45.0
	1	59	14.56022
	1	60	74.65253
	1	61	82.419655
	1	62	25.806976
	1	63	99.24717
	1	64	41.14608
	1	65	30.0
	1	66	66.48308
	1	67	45.891174
	1	68	79.025314
	1	69	26.305893
	1	70	25.0
	1	71	68.0147
	1	72	4.0
	1	73	75.00667
	1	74	27.45906
	1	75	20.12461
	1	76	56.603886
	1	77	73.53911
	1	78	93.62158
	1	79	108.68762
	1	80	26.076809
	1	81	33.01515
	1	82	89.140335
	1	83	93.96276
	1	84	91.48224
	1	85	28.635643
	1	86	24.04163
	1	87	47.539455
	1	88	100.18483
	1	89	39.20459
	1	90	75.61085
	1	91	31.06445
	1	92	17.720045
	1	93	107.07474
	1	94	91.3017
	1	95	59.16925
	1	96	75.28612
	1	97	61.554855
	1	98	65.62012
	1	99	48.332184
	2	0	84.095184
	2	1	61.400326
	2	2	0.0
	2	3	80.622574
	2	4	31.0
	2	5	74.94665
	2	6	13.0
	2	7	24.33105
	2	8	40.012497
	2	9	65.9242
	2	10	35.846897
	2	11	60.033325
	2	12	43.908997
	2	13	53.235325
	2	14	88.60023
	2	15	57.384666
	2	16	76.15773
	2	17	89.537704
	2	18	38.078865
	2	19	66.24198
	2	20	60.373837
	2	21	87.0919
	2	22	54.589375
	2	23	72.56032
	2	24	75.66373
	2	25	20.12461
	2	26	51.40039
	2	27	52.43091
	2	28	33.83785
	2	29	46.69047
	2	30	21.540659
	2	31	69.18092
	2	32	51.009804
	2	33	9.899495
	2	34	20.615528
	2	35	7.81025
	2	36	27.202942
	2	37	58.5235
	2	38	22.022715
	2	39	92.00543
	2	40	25.317978
	2	41	44.922153
	2	42	47.169907
	2	43	48.30114
	2	44	29.529646
	2	45	77.0
	2	46	60.033325
	2	47	31.780497
	2	48	51.24451
	2	49	24.698177
	2	50	88.61716
	2	51	101.8332
	2	52	56.435802
	2	53	51.41984
	2	54	46.32494
	2	55	35.0
	2	56	46.043457
	2	57	66.24198
	2	58	25.079872
	2	59	46.840153
	2	60	64.00781
	2	61	84.71718
	2	62	38.052597
	2	63	38.209946
	2	64	67.80118
	2	65	35.014282
	2	66	7.615773
	2	67	16.124516
	2	68	79.630394
	2	69	35.468296
	2	70	72.42237
	2	71	69.426216
	2	72	62.625874
	2	73	72.443085
	2	74	54.91812
	2	75	41.773197
	2	76	48.270073
	2	77	90.47652
	2	78	60.373837
	2	79	74.94665
	2	80	48.270073
	2	81	59.464275
	2	82	78.23043
	2	83	53.823788
	2	84	30.083218
	2	85	38.600517
	2	86	52.34501
	2	87	13.928389
	2	88	69.77822
	2	89	78.492035
	2	90	44.64303
	2	91	60.108234
	2	92	47.41308
	2	93	83.21658
	2	94	64.513565
	2	95	47.67599
	2	96	41.109608
	2	97	60.63827
	2	98	10.0
	2	99	15.297058
	3	0	4.472136
	3	1	63.07139
	3	2	80.622574
	3	3	0.0
	3	4	97.18539
	3	5	8.5440035
	3	6	67.62396
	3	7	78.40918
	3	8	46.010868
	3	9	43.931767
	3	10	61.6198
	3	11	77.25283
	3	12	64.899925
	3	13	27.89265
	3	14	21.213203
	3	15	37.64306
	3	16	50.0
	3	17	10.049875
	3	18	43.56604
	3	19	16.0
	3	20	20.615528
	3	21	7.0
	3	22	26.683329
	3	23	23.086792
	3	24	42.0119
	3	25	66.4906
	3	26	43.931767
	3	27	31.06445
	3	28	46.957428
	3	29	36.878178
	3	30	67.08204
	3	31	27.45906
	3	32	75.43209
	3	33	89.89995
	3	34	96.56604
	3	35	84.4334
	3	36	87.86353
	3	37	61.846584
	3	38	100.72239
	3	39	24.020824
	3	40	70.34913
	3	41	87.69264
	3	42	45.0
	3	43	53.15073
	3	44	105.3945
	3	45	32.140316
	3	46	65.78754
	3	47	48.8467
	3	48	30.232433
	3	49	83.48653
	3	50	26.925823
	3	51	28.460499
	3	52	30.805843
	3	53	31.241
	3	54	35.69314
	3	55	47.296936
	3	56	77.27872
	3	57	65.96969
	3	58	84.48077
	3	59	62.369865
	3	60	32.572994
	3	61	23.259407
	3	62	72.249565
	3	63	104.80458
	3	64	21.931713
	3	65	75.059975
	3	66	88.23831
	3	67	68.41052
	3	68	22.561028
	3	69	61.008198
	3	70	41.868843
	3	71	18.973665
	3	72	59.48109
	3	73	24.083189
	3	74	86.833176
	3	75	66.61081
	3	76	34.20526
	3	77	11.045361
	3	78	62.297672
	3	79	71.70077
	3	80	43.289722
	3	81	31.04835
	3	82	38.209946
	3	83	69.77822
	3	84	102.20078
	3	85	51.009804
	3	86	82.46211
	3	87	71.568146
	3	88	62.968246
	3	89	29.206163
	3	90	53.823788
	3	91	32.572994
	3	92	52.95281
	3	93	61.13101
	3	94	54.571056
	3	95	36.124783
	3	96	57.00877
	3	97	23.43075
	3	98	76.15773
	3	99	78.854294
	4	0	101.31634
	4	1	91.591484
	4	2	31.0
	4	3	97.18539
	4	4	0.0
	4	5	89.81091
	4	6	37.94733
	4	7	55.145264
	4	8	51.224995
	4	9	68.007355
	4	10	37.12142
	4	11	91.02197
	4	12	39.051247
	4	13	73.109505
	4	14	109.98637
	4	15	83.18654
	4	16	75.13322
	4	17	104.40307
	4	18	54.48853
	4	19	85.632935
	4	20	79.24645
	4	21	102.61579
	4	22	74.518456
	4	23	82.36504
	4	24	77.88453
	4	25	49.819675
	4	26	78.39005
	4	27	74.63243
	4	28	52.801514
	4	29	60.307545
	4	30	51.62364
	4	31	77.82673
	4	32	82.006096
	4	33	25.0
	4	34	14.422205
	4	35	36.496574
	4	36	9.433981
	4	37	88.64536
	4	38	19.79899
	4	39	113.56936
	4	40	56.142673
	4	41	75.13322
	4	42	54.20332
	4	43	77.201035
	4	44	14.866069
	4	45	83.00603
	4	46	52.009613
	4	47	52.69725
	4	48	67.20863
	4	49	54.74486
	4	50	111.40018
	4	51	122.42957
	4	52	67.6757
	4	53	65.946945
	4	54	68.24222
	4	55	59.05929
	4	56	77.02597
	4	57	58.00862
	4	58	54.91812
	4	59	77.10383
	4	60	71.55418
	4	61	93.914856
	4	62	69.02898
	4	63	8.062258
	4	64	90.0
	4	65	66.007576
	4	66	28.86174
	4	67	45.705578
	4	68	89.005615
	4	69	65.30697
	4	70	99.31767
	4	71	81.5414
	4	72	92.417534
	4	73	81.88406
	4	74	85.58621
	4	75	72.443085
	4	76	63.03174
	4	77	105.20931
	4	78	54.147945
	4	79	64.49806
	4	80	74.73286
	4	81	83.528435
	4	82	81.908485
	4	83	44.0
	4	84	8.246211
	4	85	66.12866
	4	86	83.21658
	4	87	44.28318
	4	88	63.007935
	4	89	102.625534
	4	90	47.010635
	4	91	84.723076
	4	92	76.243034
	4	93	78.025635
	4	94	61.81424
	4	95	61.073727
	4	96	42.953465
	4	97	74.20242
	4	98	26.24881
	4	99	46.09772
	5	0	13.0
	5	1	64.3506
	5	2	74.94665
	5	3	8.5440035
	5	4	89.81091
	5	5	0.0
	5	6	61.983868
	5	7	75.0
	5	8	38.600517
	5	9	35.510563
	5	10	53.740116
	5	11	77.82673
	5	12	56.61272
	5	13	24.020824
	5	14	29.0
	5	15	38.078865
	5	16	42.107006
	5	17	14.764823
	5	18	37.161808
	5	19	15.264338
	5	20	17.262676
	5	21	12.806249
	5	22	23.086792
	5	23	15.033297
	5	24	34.234486
	5	25	62.289646
	5	26	43.462627
	5	27	28.635643
	5	28	41.109608
	5	29	29.681644
	5	30	63.126858
	5	31	19.104973
	5	32	75.026665
	5	33	83.9345
	5	34	89.94443
	5	35	79.30952
	5	36	80.43009
	5	37	62.76942
	5	38	94.371605
	5	39	32.06244
	5	40	67.00746
	5	41	86.12201
	5	42	36.878178
	5	43	52.554733
	5	44	98.61542
	5	45	24.738634
	5	46	57.245087
	5	47	43.416588
	5	48	23.769728
	5	49	80.00625
	5	50	34.234486
	5	51	37.0
	5	52	22.671568
	5	53	24.186773
	5	54	32.01562
	5	55	43.104523
	5	56	76.243034
	5	57	57.48913
	5	58	81.00617
	5	59	61.68468
	5	60	24.04163
	5	61	18.384777
	5	62	70.40597
	5	63	97.308784
	5	64	24.04163
	5	65	72.835434
	5	66	82.5409
	5	67	63.788715
	5	68	16.124516
	5	69	58.694122
	5	70	45.453274
	5	71	10.440307
	5	72	61.03278
	5	73	16.03122
	5	74	86.37708
	5	75	65.25335
	5	76	27.294687
	5	77	15.652476
	5	78	53.75872
	5	79	63.387695
	5	80	42.059483
	5	81	31.38471
	5	82	30.805843
	5	83	61.269894
	5	84	95.131485
	5	85	48.507732
	5	86	81.9329
	5	87	66.910385
	5	88	54.589375
	5	89	34.43835
	5	90	45.607018
	5	91	33.286633
	5	92	52.201534
	5	93	53.460266
	5	94	46.09772
	5	95	28.84441
	5	96	48.9183
	5	97	15.6205
	5	98	69.77822
	5	99	74.54529
	6	0	71.11259
	6	1	54.230988
	6	2	13.0
	6	3	67.62396
	6	4	37.94733
	6	5	61.983868
	6	6	0.0
	6	7	24.839485
	6	8	28.284271
	6	9	55.362442
	6	10	28.319605
	6	11	55.9017
	6	12	37.48333
	6	13	40.311287
	6	14	76.05919
	6	15	46.043457
	6	16	66.12866
	6	17	76.55064
	6	18	25.317978
	6	19	53.338543
	6	20	47.41308
	6	21	74.094536
	6	22	41.677334
	6	23	60.133186
	6	24	64.7611
	6	25	13.341664
	6	26	40.706264
	6	27	39.824615
	6	28	20.880613
	6	29	34.132095
	6	30	15.524175
	6	31	57.0
	6	32	47.296936
	6	33	22.472204
	6	34	31.241
	6	35	18.0
	6	36	31.257
	6	37	51.24451
	6	38	34.058773
	6	39	79.51101
	6	40	21.540659
	6	41	45.486263
	6	42	36.138622
	6	43	39.293766
	6	44	40.459858
	6	45	65.192024
	6	46	53.15073
	6	47	18.788294
	6	48	38.327538
	6	49	27.658634
	6	50	76.38062
	6	51	89.20202
	6	52	44.04543
	6	53	38.63936
	6	54	33.600594
	6	55	22.627417
	6	56	43.32436
	6	57	59.03389
	6	58	28.42534
	6	59	40.012497
	6	60	52.153618
	6	61	72.249565
	6	62	34.48188
	6	63	45.88028
	6	64	55.31727
	6	65	32.695564
	6	66	20.615528
	6	67	9.848858
	6	68	67.18631
	6	69	28.01785
	6	70	61.77378
	6	71	56.718605
	6	72	54.74486
	6	73	60.074955
	6	74	53.712196
	6	75	36.221542
	6	76	35.510563
	6	77	77.491936
	6	78	52.801514
	6	79	68.117546
	6	80	37.215588
	6	81	47.423622
	6	82	66.910385
	6	83	48.166378
	6	84	39.446167
	6	85	28.231188
	6	86	50.32892
	6	87	10.630146
	6	88	61.854668
	6	89	66.6033
	6	90	35.35534
	6	91	48.270073
	6	92	38.327538
	6	93	74.24284
	6	94	55.470715
	6	95	35.128338
	6	96	32.449963
	6	97	47.853943
	6	98	11.7046995
	6	99	18.027756
	7	0	80.895
	7	1	40.81666
	7	2	24.33105
	7	3	78.40918
	7	4	55.145264
	7	5	75.0
	7	6	24.839485
	7	7	0.0
	7	8	49.648766
	7	9	77.36925
	7	10	53.037724
	7	11	36.496574
	7	12	62.289646
	7	13	51.009804
	7	14	80.411446
	7	15	46.09772
	7	16	88.588936
	7	17	88.27797
	7	18	43.65776
	7	19	62.514
	7	20	58.077534
	7	21	85.37564
	7	22	52.03845
	7	23	77.46612
	7	24	86.00581
	7	25	14.3178215
	7	26	38.910152
	7	27	47.38143
	7	28	38.27532
	7	29	52.49762
	7	30	12.649111
	7	31	75.43209
	7	32	27.45906
	7	33	31.144823
	7	34	43.185646
	7	35	19.104973
	7	36	51.41984
	7	37	38.27532
	7	38	42.201897
	7	39	83.38465
	7	40	8.062258
	7	41	21.023796
	7	42	58.18075
	7	43	32.202484
	7	44	50.990196
	7	45	84.48077
	7	46	77.7946
	7	47	34.785053
	7	48	53.75872
	7	49	5.0990195
	7	50	78.72102
	7	51	93.77633
	7	52	62.361847
	7	53	55.31727
	7	54	43.011627
	7	55	32.140316
	7	56	22.090721
	7	57	83.546394
	7	58	6.0827627
	7	59	27.018513
	7	60	71.7844
	7	61	88.95505
	7	62	15.231546
	7	63	62.0
	7	64	60.440052
	7	65	11.401754
	7	66	27.166155
	7	67	15.6205
	7	68	84.17244
	7	69	19.235384
	7	70	57.801384
	7	71	72.691124
	7	72	43.011627
	7	73	77.665955
	7	74	30.594116
	7	75	20.808653
	7	76	52.63079
	7	77	89.27486
	7	78	77.23341
	7	79	92.69843
	7	80	37.336308
	7	81	50.596443
	7	82	87.31552
	7	83	73.0
	7	84	53.15073
	7	85	27.89265
	7	86	28.071337
	7	87	14.21267
	7	88	86.05231
	7	89	67.53518
	7	90	59.20304
	7	91	50.32892
	7	92	31.622776
	7	93	97.637085
	7	94	79.05694
	7	95	53.450912
	7	96	56.727417
	7	97	63.788715
	7	98	32.31099
	7	99	9.055386
	8	0	50.20956
	8	1	62.39391
	8	2	40.012497
	8	3	46.010868
	8	4	51.224995
	8	5	38.600517
	8	6	28.284271
	8	7	49.648766
	8	8	0.0
	8	9	27.730848
	8	10	16.552946
	8	11	70.178345
	8	12	23.086792
	8	13	25.0
	8	14	60.53924
	8	15	42.047592
	8	16	38.948685
	8	17	53.25411
	8	18	8.5440035
	8	19	35.846897
	8	20	29.529646
	8	21	51.40039
	8	22	26.24881
	8	23	32.984844
	8	24	36.687874
	8	25	35.35534
	8	26	41.0
	8	27	29.15476
	8	28	12.806249
	8	29	9.219544
	8	30	37.215588
	8	31	29.274563
	8	32	63.411354
	8	33	47.67599
	8	34	52.0
	8	35	46.173584
	8	36	41.868843
	8	37	59.615433
	8	38	56.920998
	8	39	64.14047
	8	40	43.266617
	8	41	67.62396
	8	42	8.602325
	8	43	45.694637
	8	44	60.373837
	8	45	37.01351
	8	46	33.24154
	8	47	16.27882
	8	48	16.643316
	8	49	53.712196
	8	50	63.07139
	8	51	72.20111
	8	52	17.088007
	8	53	14.866069
	8	54	24.020824
	8	55	23.323807
	8	56	61.554855
	8	57	37.589893
	8	58	54.626
	8	59	51.62364
	8	60	24.0
	8	61	45.122055
	8	62	53.037724
	8	63	58.796257
	8	64	42.379242
	8	65	53.263496
	8	66	47.169907
	8	67	34.539833
	8	68	40.024994
	8	69	41.868843
	8	70	58.034473
	8	71	30.870699
	8	72	61.03278
	8	73	32.75668
	8	74	72.862885
	8	75	51.224995
	8	76	12.206555
	8	77	54.08327
	8	78	31.304953
	8	79	46.647614
	8	80	37.107952
	8	81	39.20459
	8	82	38.63936
	8	83	32.24903
	8	84	56.603886
	8	85	34.48188
	8	86	68.68042
	8	87	37.0
	8	88	38.600517
	8	89	56.32051
	8	90	13.341664
	8	91	41.109608
	8	92	44.777225
	8	93	48.414875
	8	94	30.413813
	8	95	9.899495
	8	96	14.035668
	8	97	23.021729
	8	98	32.75668
	8	99	45.221676
	9	0	48.270073
	9	1	84.87638
	9	2	65.9242
	9	3	43.931767
	9	4	68.007355
	9	5	35.510563
	9	6	55.362442
	9	7	77.36925
	9	8	27.730848
	9	9	0.0
	9	10	32.140316
	9	11	94.92102
	9	12	29.15476
	9	13	40.24922
	9	14	64.28063
	9	15	60.373837
	9	16	11.401754
	9	17	46.09772
	9	18	34.4093
	9	19	43.56604
	9	20	39.56008
	9	21	45.88028
	9	22	40.718548
	9	23	21.189621
	9	24	10.049875
	9	25	63.06346
	9	26	62.1289
	9	27	46.52956
	9	28	39.661064
	9	29	26.870058
	9	30	64.884514
	9	31	16.492422
	9	32	89.106674
	9	33	72.11102
	9	34	73.43705
	9	35	72.780495
	9	36	58.940647
	9	37	82.419655
	9	38	79.22752
	9	39	67.47592
	9	40	70.83079
	9	41	94.86833
	9	42	19.313208
	9	43	69.02898
	9	44	80.411446
	9	45	16.27882
	9	46	23.021729
	9	47	43.266617
	9	48	30.528675
	9	49	81.437096
	9	50	69.02898
	9	51	72.277245
	9	52	20.12461
	9	53	27.45906
	9	54	44.407207
	9	55	48.9183
	9	56	87.965904
	9	57	22.135944
	9	58	82.346825
	9	59	76.41989
	9	60	12.0415945
	9	61	29.068884
	9	62	79.81228
	9	63	74.094536
	9	64	53.15073
	9	65	80.44874
	9	66	72.443085
	9	67	62.241467
	9	68	25.23886
	9	69	68.117546
	9	70	73.68175
	9	71	25.179358
	9	72	82.68011
	9	73	20.248457
	9	74	99.24717
	9	75	77.155685
	9	76	28.42534
	9	77	46.518814
	9	78	19.416489
	9	79	28.01785
	9	80	58.821766
	9	81	55.154327
	9	82	13.928389
	9	83	29.0
	9	84	75.18643
	9	85	59.39697
	9	86	94.92102
	9	87	64.62198
	9	88	19.104973
	9	89	66.61081
	9	90	22.022715
	9	91	57.384666
	9	92	68.24954
	9	93	22.203604
	9	94	10.770329
	9	95	26.172504
	9	96	26.076809
	9	97	25.70992
	9	98	57.21888
	9	99	72.8011
	10	0	65.946945
	10	1	74.73286
	10	2	35.846897
	10	3	61.6198
	10	4	37.12142
	10	5	53.740116
	10	6	28.319605
	10	7	53.037724
	10	8	16.552946
	10	9	32.140316
	10	10	0.0
	10	11	80.23092
	10	12	9.433981
	10	13	41.4367
	10	14	77.02597
	10	15	57.21888
	10	16	41.19466
	10	17	68.0147
	10	18	23.345236
	10	19	52.35456
	10	20	46.06517
	10	21	66.48308
	10	22	42.72002
	10	23	45.276924
	10	24	42.190044
	10	25	40.0
	10	26	55.03635
	10	27	45.122055
	10	28	25.019993
	10	29	25.553865
	10	30	42.201897
	10	31	40.706264
	10	32	72.44998
	10	33	40.60788
	10	34	41.303753
	10	35	43.382023
	10	36	27.730848
	10	37	71.80529
	10	38	47.095646
	10	39	80.622574
	10	40	48.60041
	10	41	73.24616
	10	42	17.20465
	10	43	58.0517
	10	44	48.507732
	10	45	46.173584
	10	46	24.839485
	10	47	27.294687
	10	48	33.12099
	10	49	55.97321
	10	50	79.624115
	10	51	88.481636
	10	52	31.144823
	10	53	31.06445
	10	54	39.45884
	10	55	35.35534
	10	56	69.46222
	10	57	30.805843
	10	58	56.727417
	10	59	62.297672
	10	60	34.43835
	10	61	56.797886
	10	62	60.53924
	10	63	44.102154
	10	64	58.872746
	10	65	59.64059
	10	66	41.484936
	10	67	37.536648
	10	68	51.884487
	10	69	51.078373
	10	70	73.552704
	10	71	44.82187
	10	72	73.97973
	10	73	44.777225
	10	74	80.454956
	10	75	60.41523
	10	76	28.653097
	10	77	68.76772
	10	78	24.698177
	10	79	39.824615
	10	80	51.0392
	10	81	55.108982
	10	82	45.705578
	10	83	20.248457
	10	84	43.65776
	10	85	46.09772
	10	86	76.66159
	10	87	38.8973
	10	88	34.0
	10	89	72.73238
	10	90	10.198039
	10	91	56.88585
	10	92	57.070133
	10	93	47.434166
	10	94	28.86174
	10	95	26.076809
	10	96	6.0827627
	10	97	38.209946
	10	98	26.24881
	10	99	46.227695
	11	0	77.7946
	11	1	15.033297
	11	2	60.033325
	11	3	77.25283
	11	4	91.02197
	11	5	77.82673
	11	6	55.9017
	11	7	36.496574
	11	8	70.178345
	11	9	94.92102
	11	10	80.23092
	11	11	0.0
	11	12	89.55445
	11	13	57.00877
	11	14	69.354164
	11	15	39.812057
	11	16	106.15083
	11	17	86.977005
	11	18	61.854668
	11	19	62.609905
	11	20	61.587337
	11	21	83.81527
	11	22	57.201397
	11	23	86.608315
	11	24	101.13852
	11	25	42.579338
	11	26	34.669872
	11	27	50.803543
	11	28	57.45433
	11	29	68.117546
	11	30	40.4475
	11	31	86.683334
	11	32	9.055386
	11	33	67.601776
	11	34	79.630394
	11	35	55.578773
	11	36	86.209045
	11	37	15.524175
	11	38	78.64477
	11	39	71.11259
	11	40	35.057095
	11	41	22.671568
	11	42	78.23682
	11	43	26.24881
	11	44	87.47571
	11	45	96.04687
	11	46	102.9563
	11	47	54.20332
	11	48	65.06919
	11	49	38.600517
	11	50	65.03076
	11	51	81.00617
	11	52	75.66373
	11	53	67.88225
	11	54	50.931328
	11	55	46.872166
	11	56	14.56022
	11	57	107.70329
	11	58	38.8973
	11	59	18.601076
	11	60	85.58621
	11	61	95.524864
	11	62	22.0
	11	63	98.1835
	11	64	55.362442
	11	65	25.179358
	11	66	63.63961
	11	67	46.389652
	11	68	91.809586
	11	69	29.15476
	11	70	40.012497
	11	71	80.44874
	11	72	19.026299
	11	73	87.20092
	11	74	13.416408
	11	75	19.924858
	11	76	66.52819
	11	77	87.92042
	11	78	101.35581
	11	79	116.81181
	11	80	37.01351
	11	81	46.518814
	11	82	100.65784
	11	83	100.22475
	11	84	89.560036
	11	85	35.805027
	11	86	11.313708
	11	87	47.095646
	11	88	108.72442
	11	89	54.230988
	11	90	82.85529
	11	91	44.777225
	11	92	26.907248
	11	93	117.03418
	11	94	100.20978
	11	95	68.76772
	11	96	81.84131
	11	97	73.24616
	11	98	66.27216
	11	99	45.276924
	12	0	69.339745
	12	1	83.677956
	12	2	43.908997
	12	3	64.899925
	12	4	39.051247
	12	5	56.61272
	12	6	37.48333
	12	7	62.289646
	12	8	23.086792
	12	9	29.15476
	12	10	9.433981
	12	11	89.55445
	12	12	0.0
	12	13	47.853943
	12	14	81.939
	12	15	65.0
	12	16	36.221542
	12	17	70.178345
	12	18	31.016125
	12	19	57.58472
	12	20	51.546097
	12	21	69.02898
	12	22	49.0306
	12	23	46.010868
	12	24	38.8973
	12	25	49.40648
	12	26	63.387695
	12	27	52.23983
	12	28	33.54102
	12	29	31.04835
	12	30	51.613953
	12	31	41.109608
	12	32	81.84131
	12	33	47.434166
	12	34	46.09772
	12	35	51.62364
	12	36	30.265491
	12	37	80.77747
	12	38	52.23983
	12	39	85.49269
	12	40	58.00862
	12	41	82.61961
	12	42	20.12461
	12	43	66.94027
	12	44	52.153618
	12	45	44.777225
	12	46	16.124516
	12	47	36.138622
	12	48	38.600517
	12	49	65.06919
	12	50	85.09406
	12	51	92.660675
	12	52	34.132095
	12	53	36.05551
	12	54	47.010635
	12	55	44.14748
	12	56	78.892334
	12	57	22.36068
	12	58	65.795135
	12	59	71.51224
	12	60	34.713108
	12	61	56.61272
	12	62	69.97142
	12	63	44.94441
	12	64	65.0
	12	65	69.065186
	12	66	48.8467
	12	67	46.8615
	12	68	52.009613
	12	69	60.41523
	12	70	81.09871
	12	71	46.8615
	12	72	82.764725
	12	73	45.343136
	12	74	89.88882
	12	75	69.77822
	12	76	34.20526
	12	77	70.837845
	12	78	16.763054
	12	79	31.06445
	12	80	59.413803
	12	81	62.289646
	12	82	43.081318
	12	83	10.816654
	12	84	46.52956
	12	85	55.081757
	12	86	86.09297
	12	87	48.104053
	12	88	26.24881
	12	89	79.07591
	12	90	11.18034
	12	91	64.195015
	12	92	65.96969
	12	93	40.60788
	12	94	23.021729
	12	95	31.320919
	12	96	9.055386
	12	97	41.677334
	12	98	34.0
	12	99	55.226807
	13	0	31.016125
	13	1	45.343136
	13	2	53.235325
	13	3	27.89265
	13	4	73.109505
	13	5	24.020824
	13	6	40.311287
	13	7	51.009804
	13	8	25.0
	13	9	40.24922
	13	10	41.4367
	13	11	57.00877
	13	12	47.853943
	13	13	0.0
	13	14	36.878178
	13	15	20.12461
	13	16	50.77401
	13	17	37.48333
	13	18	18.867962
	13	19	13.038404
	13	20	7.28011
	13	21	34.713108
	13	22	1.4142135
	13	23	29.681644
	13	24	44.82187
	13	25	38.63936
	13	26	22.627417
	13	27	6.4031243
	13	28	20.518284
	13	29	17.029387
	13	30	39.319206
	13	31	29.732138
	13	32	52.83938
	13	33	62.76942
	13	34	70.434364
	13	35	56.648037
	13	36	64.202805
	13	37	43.13931
	13	38	74.06078
	13	39	40.459858
	13	40	43.0
	13	41	62.641838
	13	42	29.0
	13	43	30.805843
	13	44	79.51101
	13	45	39.051247
	13	46	55.226807
	13	47	21.633308
	13	48	10.198039
	13	49	56.0357
	13	50	38.587563
	13	51	49.517673
	13	52	20.12461
	13	53	13.341664
	13	54	8.0
	13	55	19.416489
	13	56	53.310413
	13	57	58.0517
	13	58	57.035076
	13	59	39.446167
	13	60	29.410883
	13	61	39.56008
	13	62	46.840153
	13	63	81.055534
	13	64	17.464249
	13	65	49.0306
	13	66	60.827625
	13	67	40.5216
	13	68	35.341194
	13	69	34.928497
	13	70	34.36568
	13	71	23.70654
	13	72	42.80187
	13	73	30.232433
	13	74	63.953106
	13	75	42.154476
	13	76	14.0
	13	77	38.470768
	13	78	52.46904
	13	79	66.21933
	13	80	20.0
	13	81	15.297058
	13	82	43.840622
	13	83	56.0803
	13	84	77.07788
	13	85	24.738634
	13	86	59.48109
	13	87	43.68066
	13	88	57.280014
	13	89	31.320919
	13	90	37.215588
	13	91	17.464249
	13	92	30.232433
	13	93	62.26556
	13	94	48.08326
	13	95	17.0
	13	96	38.832977
	13	97	16.27882
	13	98	49.819675
	13	99	50.990196
	14	0	17.720045
	14	1	54.33231
	14	2	88.60023
	14	3	21.213203
	14	4	109.98637
	14	5	29.0
	14	6	76.05919
	14	7	80.411446
	14	8	60.53924
	14	9	64.28063
	14	10	77.02597
	14	11	69.354164
	14	12	81.939
	14	13	36.878178
	14	14	0.0
	14	15	34.48188
	14	16	71.063354
	14	17	25.553865
	14	18	55.605755
	14	19	24.698177
	14	20	31.06445
	14	21	23.259407
	14	22	35.468296
	14	23	44.011364
	14	24	63.126858
	14	25	71.19691
	14	26	41.761227
	14	27	36.23534
	14	28	57.31492
	14	29	51.47815
	14	30	71.11962
	14	31	48.04165
	14	32	70.028564
	14	33	98.40732
	14	34	106.887794
	14	35	90.73588
	14	36	101.04455
	14	37	54.08327
	14	38	110.11358
	14	39	3.6055512
	14	40	72.615425
	14	41	84.59315
	14	42	61.846584
	14	43	50.01
	14	44	116.0431
	14	45	53.338543
	14	46	85.146935
	14	47	58.0
	14	48	43.908997
	14	49	85.44004
	14	50	6.4031243
	14	51	13.416408
	14	52	48.38388
	14	53	46.06517
	14	54	42.520584
	14	55	53.600372
	14	56	73.33485
	14	57	85.98837
	14	58	86.37708
	14	59	58.549126
	14	60	52.46904
	14	61	43.965897
	14	62	70.61161
	14	63	117.923706
	14	64	20.808653
	14	65	74.215904
	14	66	96.02083
	14	67	74.094536
	14	68	43.737854
	14	69	61.351448
	14	70	29.614185
	14	71	39.115215
	14	72	50.358715
	14	73	45.01111
	14	74	81.00617
	14	75	64.132675
	14	76	48.373547
	14	77	26.076809
	14	78	81.78631
	14	79	92.26592
	14	80	43.081318
	14	81	29.966648
	14	82	59.413803
	14	83	88.23265
	14	84	113.86395
	14	85	52.801514
	14	86	77.00649
	14	87	77.175125
	14	88	83.38465
	14	89	15.132746
	14	90	70.77429
	14	91	30.083218
	14	92	50.219517
	14	93	82.29824
	14	94	74.672615
	14	95	51.0
	14	96	73.34848
	14	97	40.804413
	14	98	86.313385
	14	99	83.18654
	15	0	38.63936
	15	1	26.400757
	15	2	57.384666
	15	3	37.64306
	15	4	83.18654
	15	5	38.078865
	15	6	46.043457
	15	7	46.09772
	15	8	42.047592
	15	9	60.373837
	15	10	57.21888
	15	11	39.812057
	15	12	65.0
	15	13	20.12461
	15	14	34.48188
	15	15	0.0
	15	16	70.83079
	15	17	47.539455
	15	18	34.0147
	15	19	22.825424
	15	20	22.627417
	15	21	44.38468
	15	22	19.723083
	15	23	48.08326
	15	24	64.63745
	15	25	38.28838
	15	26	7.28011
	15	27	13.928389
	15	28	32.55764
	15	29	35.902645
	15	30	37.802116
	15	31	49.0408
	15	32	37.85499
	15	33	67.26812
	15	34	77.201035
	15	35	58.137768
	15	36	75.23962
	15	37	24.698177
	15	38	79.397736
	15	39	37.336308
	15	40	38.470768
	15	41	51.0
	15	42	47.853943
	15	43	16.0
	15	44	86.40023
	15	45	58.0517
	15	46	74.330345
	15	47	31.320919
	15	48	30.083218
	15	49	51.078373
	15	50	32.649654
	15	51	47.759815
	15	52	40.24922
	15	53	33.24154
	15	54	18.027756
	15	55	24.166092
	15	56	40.112343
	15	57	77.62087
	15	58	52.0
	15	59	25.079872
	15	60	49.396355
	15	61	56.0357
	15	62	36.345562
	15	63	91.24144
	15	64	16.124516
	15	65	39.812057
	15	66	64.3506
	15	67	41.725292
	15	68	52.63079
	15	69	26.925823
	15	70	16.492422
	15	71	41.725292
	15	72	23.345236
	15	73	48.79549
	15	74	49.24429
	15	75	30.066593
	15	76	33.24154
	15	77	48.507732
	15	78	71.80529
	15	79	86.023254
	15	80	9.219544
	15	81	6.708204
	15	82	63.25346
	15	83	74.24284
	15	84	85.44004
	15	85	19.209373
	15	86	44.911022
	15	87	44.598206
	15	88	77.16217
	15	89	21.633308
	15	90	55.226807
	15	91	5.0990195
	15	92	16.03122
	15	93	82.36504
	15	94	68.007355
	15	95	36.138622
	15	96	56.008926
	15	97	35.805027
	15	98	57.45433
	15	99	49.648766
	16	0	54.037025
	16	1	95.80188
	16	2	76.15773
	16	3	50.0
	16	4	75.13322
	16	5	42.107006
	16	6	66.12866
	16	7	88.588936
	16	8	38.948685
	16	9	11.401754
	16	10	41.19466
	16	11	106.15083
	16	12	36.221542
	16	13	50.77401
	16	14	71.063354
	16	15	70.83079
	16	16	0.0
	16	17	50.01
	16	18	45.80393
	16	19	52.49762
	16	20	49.24429
	16	21	50.48762
	16	22	51.10773
	16	23	27.073973
	16	24	8.062258
	16	25	74.30343
	16	26	73.00685
	16	27	57.14018
	16	28	51.0392
	16	29	38.209946
	16	30	76.15773
	16	31	23.537205
	16	32	100.44899
	16	33	81.7435
	16	34	82.006096
	16	35	83.240616
	16	36	66.48308
	16	37	93.40771
	16	38	88.005684
	16	39	74.00676
	16	40	82.1523
	16	41	106.25441
	16	42	30.413813
	16	43	80.1561
	16	44	88.362885
	16	45	18.248287
	16	46	25.059929
	16	47	54.644306
	16	48	41.400482
	16	49	92.574295
	16	50	76.321686
	16	51	77.52419
	16	52	30.805843
	16	53	38.418747
	16	54	55.443665
	16	55	60.307545
	16	56	99.35794
	16	57	21.260292
	16	58	93.471924
	16	59	87.69264
	16	60	21.470911
	16	61	30.675724
	16	62	91.214035
	16	63	80.523285
	16	64	62.297672
	16	65	91.836815
	16	66	82.37718
	16	67	73.34848
	16	68	28.442924
	16	69	79.51101
	16	70	83.38465
	16	71	32.55764
	16	72	93.47727
	16	73	26.076809
	16	74	110.63454
	16	75	88.52683
	16	76	39.623226
	16	77	50.219517
	16	78	21.931713
	16	79	23.259407
	16	80	69.81404
	16	81	65.29931
	16	82	12.649111
	16	83	32.695564
	16	84	82.73451
	16	85	70.724815
	16	86	106.30146
	16	87	75.643906
	16	88	16.27882
	16	89	75.18643
	16	90	31.575306
	16	91	67.53518
	16	92	79.397736
	16	93	11.7046995
	16	94	13.341664
	16	95	37.48333
	16	96	35.35534
	16	97	35.341194
	16	98	67.08204
	16	99	83.773506
	17	0	9.433981
	17	1	72.615425
	17	2	89.537704
	17	3	10.049875
	17	4	104.40307
	17	5	14.764823
	17	6	76.55064
	17	7	88.27797
	17	8	53.25411
	17	9	46.09772
	17	10	68.0147
	17	11	86.977005
	17	12	70.178345
	17	13	37.48333
	17	14	25.553865
	17	15	47.539455
	17	16	50.01
	17	17	0.0
	17	18	51.894123
	17	19	26.019224
	17	20	30.265491
	17	21	3.1622777
	17	22	36.345562
	17	23	25.059929
	17	24	41.976185
	17	25	76.11833
	17	26	53.935146
	17	27	41.01219
	17	28	55.713554
	17	29	44.418465
	17	30	76.79192
	17	31	30.016663
	17	32	85.37564
	17	33	98.61542
	17	34	104.70912
	17	35	93.680305
	17	36	95.0
	17	37	71.51224
	17	38	109.12378
	17	39	27.313
	17	40	80.224686
	17	41	97.73945
	17	42	50.931328
	17	43	63.15061
	17	44	113.37107
	17	45	31.780497
	17	46	68.88396
	17	47	57.870544
	17	48	38.483765
	17	49	93.34345
	17	50	31.906113
	17	51	28.01785
	17	52	36.878178
	17	53	38.948685
	17	54	45.39824
	17	55	56.88585
	17	56	87.29834
	17	57	68.154236
	17	58	94.33981
	17	59	72.36712
	17	60	36.05551
	17	61	20.0
	17	62	82.29824
	17	63	111.82576
	17	64	31.622776
	17	65	85.09406
	17	66	97.144226
	17	67	77.87811
	17	68	21.587032
	17	69	71.02816
	17	70	50.47772
	17	71	23.345236
	17	72	68.942
	17	73	25.942244
	17	74	96.77293
	17	75	76.655075
	17	76	42.059483
	17	77	1.0
	17	78	65.29931
	17	79	72.8011
	17	80	53.338543
	17	81	41.0
	17	82	37.48333
	17	83	73.78347
	17	84	109.83624
	17	85	61.0
	17	86	92.417534
	17	87	81.02469
	17	88	64.513565
	17	89	36.878178
	17	90	59.413803
	17	91	42.44997
	17	92	62.968246
	17	93	60.299255
	17	94	56.859474
	17	95	43.56604
	17	96	62.936478
	17	97	30.232433
	17	98	84.5281
	17	99	88.45903
	18	0	47.434166
	18	1	53.851646
	18	2	38.078865
	18	3	43.56604
	18	4	54.48853
	18	5	37.161808
	18	6	25.317978
	18	7	43.65776
	18	8	8.5440035
	18	9	34.4093
	18	10	23.345236
	18	11	61.854668
	18	12	31.016125
	18	13	18.867962
	18	14	55.605755
	18	15	34.0147
	18	16	45.80393
	18	17	51.894123
	18	18	0.0
	18	19	31.144823
	18	20	24.758837
	18	21	49.648766
	18	22	20.248457
	18	23	35.0
	18	24	42.48529
	18	25	29.410883
	18	26	32.55764
	18	27	21.84033
	18	28	5.3851647
	18	29	9.055386
	18	30	31.016125
	18	31	32.24903
	18	32	55.31727
	18	33	46.818798
	18	34	53.0
	18	35	43.185646
	18	36	45.453274
	18	37	51.078373
	18	38	57.245087
	18	39	59.20304
	18	40	36.67424
	18	41	60.464867
	18	42	16.40122
	18	43	37.161808
	18	44	61.854668
	18	45	41.0
	18	46	41.785164
	18	47	8.944272
	18	48	13.416408
	18	49	48.08326
	18	50	57.45433
	18	51	67.941154
	18	52	19.104973
	18	53	13.341664
	18	54	16.124516
	18	55	15.0
	18	56	53.75872
	18	57	46.06517
	18	58	49.0408
	18	59	43.266617
	18	60	28.160255
	18	61	47.042534
	18	62	45.453274
	18	63	62.369865
	18	64	36.23534
	18	65	46.043457
	18	66	45.607018
	18	67	29.427877
	18	68	42.0119
	18	69	33.941124
	18	70	50.24938
	18	71	31.400637
	18	72	52.49762
	18	73	35.014282
	18	74	65.06919
	18	75	43.185646
	18	76	10.198039
	18	77	52.801514
	18	78	39.812057
	18	79	55.072678
	18	80	28.635643
	18	81	31.780497
	18	82	43.65776
	18	83	40.60788
	18	84	58.898216
	18	85	26.076809
	18	86	60.811184
	18	87	32.24903
	18	88	46.872166
	18	89	49.76947
	18	90	21.84033
	18	91	33.54102
	18	92	36.249138
	18	93	55.9017
	18	94	38.418747
	18	95	10.049875
	18	96	22.090721
	18	97	22.561028
	18	98	32.649654
	18	99	40.4475
	19	0	18.439089
	19	1	49.09175
	19	2	66.24198
	19	3	16.0
	19	4	85.632935
	19	5	15.264338
	19	6	53.338543
	19	7	62.514
	19	8	35.846897
	19	9	43.56604
	19	10	52.35456
	19	11	62.609905
	19	12	57.58472
	19	13	13.038404
	19	14	24.698177
	19	15	22.825424
	19	16	52.49762
	19	17	26.019224
	19	18	31.144823
	19	19	0.0
	19	20	6.4031243
	19	21	23.0
	19	22	11.661903
	19	23	26.925823
	19	24	45.310043
	19	25	50.96077
	19	26	28.460499
	19	27	15.132746
	19	28	33.42155
	19	29	26.832815
	19	30	51.41984
	19	31	29.15476
	19	32	60.083275
	19	33	75.802376
	19	34	83.40863
	19	35	69.46222
	19	36	76.57676
	19	37	47.507893
	19	38	87.0919
	19	39	28.301943
	19	40	54.451813
	19	41	71.84706
	19	42	37.64306
	19	43	37.64306
	19	44	92.45539
	19	45	37.215588
	19	46	62.289646
	19	47	34.669872
	19	48	19.235384
	19	49	67.601776
	19	50	27.513634
	19	51	36.796738
	19	52	25.079872
	19	53	21.540659
	19	54	20.248457
	19	55	31.95309
	19	56	61.611687
	19	57	64.0
	19	58	68.593
	19	59	46.840153
	19	60	31.575306
	19	61	33.42155
	19	62	56.32051
	19	63	93.50936
	19	64	9.848858
	19	65	59.07622
	19	66	73.82411
	19	67	53.14132
	19	68	30.413813
	19	69	45.01111
	19	70	31.38471
	19	71	20.59126
	19	72	45.80393
	19	73	27.784887
	19	74	71.470276
	19	75	50.803543
	19	76	23.70654
	19	77	27.018513
	19	78	59.135437
	19	79	71.25307
	19	80	27.45906
	19	81	16.124516
	19	82	42.941822
	19	83	64.53681
	19	84	89.87213
	19	85	35.014282
	19	86	67.052216
	19	87	56.302753
	19	88	62.201286
	19	89	23.086792
	19	90	46.486557
	19	91	18.027756
	19	92	37.363083
	19	93	64.195015
	19	94	53.08484
	19	95	26.400757
	19	96	48.8467
	19	97	18.027756
	19	98	62.801273
	19	99	63.324562
	20	0	23.769728
	20	1	48.9183
	20	2	60.373837
	20	3	20.615528
	20	4	79.24645
	20	5	17.262676
	20	6	47.41308
	20	7	58.077534
	20	8	29.529646
	20	9	39.56008
	20	10	46.06517
	20	11	61.587337
	20	12	51.546097
	20	13	7.28011
	20	14	31.06445
	20	15	22.627417
	20	16	49.24429
	20	17	30.265491
	20	18	24.758837
	20	19	6.4031243
	20	20	0.0
	20	21	27.45906
	20	22	6.0827627
	20	23	25.455845
	20	24	42.544094
	20	25	45.891174
	20	26	26.925823
	20	27	11.401754
	20	28	27.202942
	20	29	20.615528
	20	30	46.52956
	20	31	26.627054
	20	32	58.18075
	20	33	69.83552
	20	34	77.201035
	20	35	63.90618
	20	36	70.178345
	20	37	47.010635
	20	38	80.99383
	20	39	34.669872
	20	40	50.039986
	20	41	68.88396
	20	42	31.780497
	20	43	35.77709
	20	44	86.21485
	20	45	35.468296
	20	46	57.035076
	20	47	28.653097
	20	48	13.0
	20	49	63.126858
	20	50	33.61547
	20	51	43.185646
	20	52	20.09975
	20	53	15.524175
	20	54	15.132746
	20	55	26.683329
	20	56	59.135437
	20	57	59.135437
	20	58	64.12488
	20	59	44.777225
	20	60	27.856777
	20	61	34.0
	20	62	53.15073
	20	63	87.11487
	20	64	14.0
	20	65	55.578773
	20	66	67.977936
	20	67	47.801674
	20	68	30.232433
	20	69	41.4367
	20	70	34.176014
	20	71	19.104973
	20	72	45.96738
	20	73	26.172504
	20	74	69.46222
	20	75	48.08326
	20	76	17.464249
	20	77	31.257
	20	78	54.0
	20	79	66.75328
	20	80	25.079872
	20	81	16.40122
	20	82	40.804413
	20	83	58.855755
	20	84	83.546394
	20	85	31.257
	20	86	65.0
	20	87	50.96077
	20	88	57.706154
	20	89	28.071337
	20	90	40.5216
	20	91	18.601076
	20	92	35.341194
	20	93	60.926186
	20	94	48.507732
	20	95	20.248457
	20	96	42.72002
	20	97	13.928389
	20	98	56.61272
	20	99	58.249462
	21	0	6.4031243
	21	1	69.46222
	21	2	87.0919
	21	3	7.0
	21	4	102.61579
	21	5	12.806249
	21	6	74.094536
	21	7	85.37564
	21	8	51.40039
	21	9	45.88028
	21	10	66.48308
	21	11	83.81527
	21	12	69.02898
	21	13	34.713108
	21	14	23.259407
	21	15	44.38468
	21	16	50.48762
	21	17	3.1622777
	21	18	49.648766
	21	19	23.0
	21	20	27.45906
	21	21	0.0
	21	22	33.54102
	21	23	24.698177
	21	24	42.426407
	21	25	73.34848
	21	26	50.803543
	21	27	38.052597
	21	28	53.310413
	21	29	42.43819
	21	30	73.97973
	21	31	29.546574
	21	32	82.2253
	21	33	96.25487
	21	34	102.5768
	21	35	91.09336
	21	36	93.23626
	21	37	68.35203
	21	38	106.89247
	21	39	25.298222
	21	40	77.31753
	21	41	94.641426
	21	42	49.517673
	21	43	60.016663
	21	44	111.305885
	21	45	32.24903
	21	46	68.44706
	21	47	55.362442
	21	48	36.23534
	21	49	90.44888
	21	50	29.529646
	21	51	27.073973
	21	52	35.35534
	21	53	36.891735
	21	54	42.579338
	21	55	54.129475
	21	56	84.17244
	21	57	68.007355
	21	58	91.44397
	21	59	69.2315
	21	60	35.35534
	21	61	21.213203
	21	62	79.22752
	21	63	110.11358
	21	64	28.460499
	21	65	82.05486
	21	66	94.7048
	21	67	75.18643
	21	68	22.090721
	21	69	68.007355
	21	70	47.434166
	21	71	22.203604
	21	72	65.795135
	21	73	25.632011
	21	74	93.62158
	21	75	73.552704
	21	76	39.962482
	21	77	4.1231055
	21	78	64.884514
	21	79	73.00685
	21	80	50.24938
	21	81	37.85499
	21	82	38.118237
	21	83	73.061615
	21	84	107.8981
	21	85	58.00862
	21	86	89.26926
	21	87	78.339005
	21	88	64.56005
	21	89	33.970577
	21	90	58.137768
	21	91	39.293766
	21	92	59.841457
	21	93	61.073727
	21	94	56.648037
	21	95	41.617306
	21	96	61.554855
	21	97	28.42534
	21	98	82.29824
	21	99	85.70297
	22	0	29.732138
	22	1	45.276924
	22	2	54.589375
	22	3	26.683329
	22	4	74.518456
	22	5	23.086792
	22	6	41.677334
	22	7	52.03845
	22	8	26.24881
	22	9	40.718548
	22	10	42.72002
	22	11	57.201397
	22	12	49.0306
	22	13	1.4142135
	22	14	35.468296
	22	15	19.723083
	22	16	51.10773
	22	17	36.345562
	22	18	20.248457
	22	19	11.661903
	22	20	6.0827627
	22	21	33.54102
	22	22	0.0
	22	23	29.410883
	22	24	45.0
	22	25	39.812057
	22	26	22.671568
	22	27	6.4031243
	22	28	21.931713
	22	29	18.110771
	22	30	40.4475
	22	31	29.698484
	22	32	53.235325
	22	33	64.14047
	22	34	71.8401
	22	35	57.939625
	22	36	65.60488
	22	37	43.13931
	22	38	75.45197
	22	39	39.051247
	22	40	44.011364
	22	41	63.324562
	22	42	30.016663
	22	43	31.06445
	22	44	80.919716
	22	45	38.948685
	22	46	56.142673
	22	47	23.021729
	22	48	11.045361
	22	49	57.07889
	22	50	37.215588
	22	51	48.104053
	22	52	20.615528
	22	53	14.142136
	22	54	9.055386
	22	55	20.615528
	22	56	53.851646
	22	57	58.855755
	22	58	58.077534
	22	59	39.824615
	22	60	29.681644
	22	61	39.0
	22	62	47.539455
	22	63	82.46211
	22	64	16.155495
	22	65	49.819675
	22	66	62.177166
	22	67	41.761227
	22	68	34.88553
	22	69	35.69314
	22	70	33.54102
	22	71	23.323807
	22	72	42.638012
	22	73	30.0
	22	74	64.40497
	22	75	42.72002
	22	76	15.033297
	22	77	37.336308
	22	78	53.338543
	22	79	66.94027
	22	80	20.248457
	22	81	14.56022
	22	82	43.863426
	22	83	57.14018
	22	84	78.492035
	22	85	25.495098
	22	86	59.933296
	22	87	44.922153
	22	88	57.974133
	22	89	30.083218
	22	90	38.327538
	22	91	16.763054
	22	92	30.528675
	22	93	62.649822
	22	94	48.76474
	22	95	18.027756
	22	96	40.024994
	22	97	16.27882
	22	98	51.224995
	22	99	52.17279
	23	0	27.294687
	23	1	74.330345
	23	2	72.56032
	23	3	23.086792
	23	4	82.36504
	23	5	15.033297
	23	6	60.133186
	23	7	77.46612
	23	8	32.984844
	23	9	21.189621
	23	10	45.276924
	23	11	86.608315
	23	12	46.010868
	23	13	29.681644
	23	14	44.011364
	23	15	48.08326
	23	16	27.073973
	23	17	25.059929
	23	18	35.0
	23	19	26.925823
	23	20	25.455845
	23	21	24.698177
	23	22	29.410883
	23	23	0.0
	23	24	19.235384
	23	25	63.63961
	23	26	52.009613
	23	27	35.805027
	23	28	40.04997
	23	29	26.019224
	23	30	64.93843
	23	31	5.0
	23	32	82.492424
	23	33	80.60397
	23	34	84.758484
	23	35	78.10249
	23	36	72.94518
	23	37	72.34639
	23	38	89.84431
	23	39	47.010635
	23	40	69.856995
	23	41	91.5478
	23	42	28.178005
	23	43	60.464867
	23	44	92.84934
	23	45	10.29563
	23	46	43.829212
	23	47	43.185646
	23	48	23.769728
	23	49	82.20097
	23	50	49.25444
	23	51	51.1957
	23	52	16.124516
	23	53	22.203604
	23	54	36.67424
	23	55	45.607018
	23	56	82.73451
	23	57	43.32436
	23	58	83.18654
	23	59	69.115845
	23	60	11.313708
	23	61	12.165525
	23	62	75.76939
	23	63	89.358826
	23	64	36.71512
	23	65	77.491936
	23	66	79.9062
	23	67	64.195015
	23	68	7.071068
	23	69	63.694584
	23	70	58.30952
	23	71	6.4031243
	23	72	71.42129
	23	73	1.0
	23	74	93.53609
	23	75	71.55418
	23	76	25.079872
	23	77	25.553865
	23	78	40.24922
	23	79	48.6621
	23	80	49.648766
	23	81	41.773197
	23	82	16.155495
	23	83	48.82622
	23	84	88.56636
	23	85	53.712196
	23	86	89.06739
	23	87	67.11929
	23	88	40.024994
	23	89	48.703182
	23	90	35.805027
	23	91	43.931767
	23	92	59.908264
	23	93	38.470768
	23	94	31.95309
	23	95	25.019993
	23	96	39.661064
	23	97	13.928389
	23	98	65.734314
	23	99	75.23962
	24	0	46.010868
	24	1	90.13878
	24	2	75.66373
	24	3	42.0119
	24	4	77.88453
	24	5	34.234486
	24	6	64.7611
	24	7	86.00581
	24	8	36.687874
	24	9	10.049875
	24	10	42.190044
	24	11	101.13852
	24	12	38.8973
	24	13	44.82187
	24	14	63.126858
	24	15	64.63745
	24	16	8.062258
	24	17	41.976185
	24	18	42.48529
	24	19	45.310043
	24	20	42.544094
	24	21	42.426407
	24	22	45.0
	24	23	19.235384
	24	24	0.0
	24	25	71.693794
	24	26	67.357254
	24	27	51.224995
	24	28	47.853943
	24	29	34.132095
	24	30	73.409805
	24	31	16.155495
	24	32	95.90099
	24	33	82.05486
	24	34	83.48653
	24	35	82.37718
	24	36	68.88396
	24	37	87.86353
	24	38	89.27486
	24	39	66.0303
	24	40	79.15807
	24	41	102.7278
	24	42	28.635643
	24	43	74.953316
	24	44	90.426765
	24	45	10.198039
	24	46	30.479502
	24	47	51.42956
	24	48	36.069378
	24	49	90.24966
