data;

param n := 100;

param p := 33;

param alpha := 24.630828857421875;

param c := 
	0	0	0.0
	0	1	38.0
	0	2	89.0
	0	3	155.0
	0	4	157.0
	0	5	122.0
	0	6	119.0
	0	7	147.0
	0	8	231.0
	0	9	149.0
	0	10	174.0
	0	11	189.0
	0	12	183.0
	0	13	139.0
	0	14	95.0
	0	15	103.0
	0	16	126.0
	0	17	191.0
	0	18	187.0
	0	19	227.0
	0	20	163.0
	0	21	126.0
	0	22	148.0
	0	23	156.0
	0	24	169.0
	0	25	131.0
	0	26	83.0
	0	27	126.0
	0	28	149.0
	0	29	115.0
	0	30	110.0
	0	31	75.0
	0	32	91.0
	0	33	111.0
	0	34	117.0
	0	35	115.0
	0	36	202.0
	0	37	148.0
	0	38	169.0
	0	39	131.0
	0	40	116.0
	0	41	140.0
	0	42	153.0
	0	43	154.0
	0	44	137.0
	0	45	136.0
	0	46	115.0
	0	47	81.0
	0	48	120.0
	0	49	129.0
	0	50	137.0
	0	51	146.0
	0	52	185.0
	0	53	120.0
	0	54	150.0
	0	55	155.0
	0	56	169.0
	0	57	148.0
	0	58	85.0
	0	59	56.0
	0	60	97.0
	0	61	49.0
	0	62	108.0
	0	63	152.0
	0	64	141.0
	0	65	139.0
	0	66	107.0
	0	67	85.0
	0	68	84.0
	0	69	169.0
	0	70	105.0
	0	71	95.0
	0	72	140.0
	0	73	164.0
	0	74	122.0
	0	75	184.0
	0	76	141.0
	0	77	130.0
	0	78	127.0
	0	79	164.0
	0	80	83.0
	0	81	172.0
	0	82	187.0
	0	83	159.0
	0	84	229.0
	0	85	181.0
	0	86	173.0
	0	87	161.0
	0	88	165.0
	0	89	136.0
	0	90	153.0
	0	91	78.0
	0	92	49.0
	0	93	43.0
	0	94	116.0
	0	95	137.0
	0	96	133.0
	0	97	158.0
	0	98	73.0
	0	99	17.0
	1	0	38.0
	1	1	0.0
	1	2	51.0
	1	3	117.0
	1	4	119.0
	1	5	155.0
	1	6	152.0
	1	7	180.0
	1	8	224.0
	1	9	142.0
	1	10	142.0
	1	11	151.0
	1	12	145.0
	1	13	101.0
	1	14	128.0
	1	15	136.0
	1	16	88.0
	1	17	153.0
	1	18	156.0
	1	19	196.0
	1	20	125.0
	1	21	88.0
	1	22	158.0
	1	23	155.0
	1	24	193.0
	1	25	93.0
	1	26	51.0
	1	27	94.0
	1	28	117.0
	1	29	137.0
	1	30	132.0
	1	31	97.0
	1	32	113.0
	1	33	133.0
	1	34	103.0
	1	35	83.0
	1	36	170.0
	1	37	110.0
	1	38	131.0
	1	39	93.0
	1	40	78.0
	1	41	102.0
	1	42	175.0
	1	43	116.0
	1	44	154.0
	1	45	105.0
	1	46	77.0
	1	47	43.0
	1	48	82.0
	1	49	91.0
	1	50	130.0
	1	51	127.0
	1	52	153.0
	1	53	88.0
	1	54	118.0
	1	55	123.0
	1	56	150.0
	1	57	170.0
	1	58	107.0
	1	59	78.0
	1	60	59.0
	1	61	11.0
	1	62	70.0
	1	63	114.0
	1	64	103.0
	1	65	101.0
	1	66	98.0
	1	67	118.0
	1	68	117.0
	1	69	202.0
	1	70	116.0
	1	71	106.0
	1	72	147.0
	1	73	147.0
	1	74	84.0
	1	75	167.0
	1	76	103.0
	1	77	105.0
	1	78	89.0
	1	79	126.0
	1	80	45.0
	1	81	134.0
	1	82	149.0
	1	83	121.0
	1	84	191.0
	1	85	191.0
	1	86	142.0
	1	87	150.0
	1	88	154.0
	1	89	131.0
	1	90	115.0
	1	91	40.0
	1	92	11.0
	1	93	5.0
	1	94	78.0
	1	95	117.0
	1	96	102.0
	1	97	120.0
	1	98	35.0
	1	99	55.0
	2	0	89.0
	2	1	51.0
	2	2	0.0
	2	3	66.0
	2	4	134.0
	2	5	172.0
	2	6	149.0
	2	7	177.0
	2	8	218.0
	2	9	136.0
	2	10	127.0
	2	11	166.0
	2	12	160.0
	2	13	116.0
	2	14	147.0
	2	15	152.0
	2	16	129.0
	2	17	194.0
	2	18	176.0
	2	19	216.0
	2	20	166.0
	2	21	129.0
	2	22	178.0
	2	23	170.0
	2	24	216.0
	2	25	116.0
	2	26	66.0
	2	27	109.0
	2	28	132.0
	2	29	152.0
	2	30	147.0
	2	31	112.0
	2	32	128.0
	2	33	148.0
	2	34	118.0
	2	35	68.0
	2	36	155.0
	2	37	151.0
	2	38	172.0
	2	39	134.0
	2	40	119.0
	2	41	143.0
	2	42	176.0
	2	43	131.0
	2	44	169.0
	2	45	146.0
	2	46	92.0
	2	47	58.0
	2	48	97.0
	2	49	106.0
	2	50	145.0
	2	51	154.0
	2	52	138.0
	2	53	73.0
	2	54	103.0
	2	55	108.0
	2	56	143.0
	2	57	185.0
	2	58	122.0
	2	59	93.0
	2	60	100.0
	2	61	52.0
	2	62	111.0
	2	63	132.0
	2	64	143.0
	2	65	142.0
	2	66	113.0
	2	67	135.0
	2	68	136.0
	2	69	221.0
	2	70	157.0
	2	71	147.0
	2	72	162.0
	2	73	162.0
	2	74	99.0
	2	75	182.0
	2	76	118.0
	2	77	140.0
	2	78	104.0
	2	79	141.0
	2	80	60.0
	2	81	131.0
	2	82	164.0
	2	83	162.0
	2	84	232.0
	2	85	211.0
	2	86	180.0
	2	87	165.0
	2	88	169.0
	2	89	146.0
	2	90	156.0
	2	91	81.0
	2	92	52.0
	2	93	46.0
	2	94	119.0
	2	95	158.0
	2	96	143.0
	2	97	135.0
	2	98	50.0
	2	99	106.0
	3	0	155.0
	3	1	117.0
	3	2	66.0
	3	3	0.0
	3	4	73.0
	3	5	124.0
	3	6	190.0
	3	7	218.0
	3	8	246.0
	3	9	164.0
	3	10	193.0
	3	11	141.0
	3	12	135.0
	3	13	91.0
	3	14	173.0
	3	15	156.0
	3	16	195.0
	3	17	193.0
	3	18	169.0
	3	19	209.0
	3	20	169.0
	3	21	132.0
	3	22	173.0
	3	23	165.0
	3	24	219.0
	3	25	182.0
	3	26	132.0
	3	27	175.0
	3	28	198.0
	3	29	216.0
	3	30	211.0
	3	31	176.0
	3	32	192.0
	3	33	200.0
	3	34	162.0
	3	35	134.0
	3	36	221.0
	3	37	217.0
	3	38	238.0
	3	39	200.0
	3	40	185.0
	3	41	194.0
	3	42	151.0
	3	43	76.0
	3	44	114.0
	3	45	121.0
	3	46	150.0
	3	47	124.0
	3	48	163.0
	3	49	172.0
	3	50	152.0
	3	51	143.0
	3	52	204.0
	3	53	139.0
	3	54	169.0
	3	55	174.0
	3	56	166.0
	3	57	223.0
	3	58	160.0
	3	59	159.0
	3	60	166.0
	3	61	118.0
	3	62	177.0
	3	63	198.0
	3	64	209.0
	3	65	208.0
	3	66	179.0
	3	67	161.0
	3	68	162.0
	3	69	247.0
	3	70	183.0
	3	71	173.0
	3	72	218.0
	3	73	157.0
	3	74	143.0
	3	75	177.0
	3	76	93.0
	3	77	115.0
	3	78	170.0
	3	79	207.0
	3	80	126.0
	3	81	176.0
	3	82	139.0
	3	83	214.0
	3	84	265.0
	3	85	206.0
	3	86	155.0
	3	87	160.0
	3	88	164.0
	3	89	153.0
	3	90	220.0
	3	91	147.0
	3	92	118.0
	3	93	112.0
	3	94	185.0
	3	95	133.0
	3	96	118.0
	3	97	171.0
	3	98	116.0
	3	99	172.0
	4	0	157.0
	4	1	119.0
	4	2	134.0
	4	3	73.0
	4	4	0.0
	4	5	51.0
	4	6	117.0
	4	7	145.0
	4	8	173.0
	4	9	91.0
	4	10	139.0
	4	11	68.0
	4	12	62.0
	4	13	18.0
	4	14	100.0
	4	15	83.0
	4	16	153.0
	4	17	120.0
	4	18	96.0
	4	19	136.0
	4	20	96.0
	4	21	59.0
	4	22	100.0
	4	23	92.0
	4	24	146.0
	4	25	134.0
	4	26	84.0
	4	27	127.0
	4	28	150.0
	4	29	143.0
	4	30	138.0
	4	31	103.0
	4	32	119.0
	4	33	127.0
	4	34	89.0
	4	35	116.0
	4	36	203.0
	4	37	176.0
	4	38	197.0
	4	39	153.0
	4	40	145.0
	4	41	121.0
	4	42	78.0
	4	43	3.0
	4	44	41.0
	4	45	48.0
	4	46	77.0
	4	47	76.0
	4	48	114.0
	4	49	118.0
	4	50	79.0
	4	51	70.0
	4	52	137.0
	4	53	121.0
	4	54	124.0
	4	55	128.0
	4	56	93.0
	4	57	150.0
	4	58	87.0
	4	59	111.0
	4	60	151.0
	4	61	120.0
	4	62	136.0
	4	63	150.0
	4	64	149.0
	4	65	147.0
	4	66	110.0
	4	67	88.0
	4	68	89.0
	4	69	174.0
	4	70	110.0
	4	71	100.0
	4	72	145.0
	4	73	84.0
	4	74	70.0
	4	75	104.0
	4	76	20.0
	4	77	42.0
	4	78	107.0
	4	79	159.0
	4	80	78.0
	4	81	103.0
	4	82	66.0
	4	83	141.0
	4	84	192.0
	4	85	133.0
	4	86	82.0
	4	87	87.0
	4	88	91.0
	4	89	80.0
	4	90	147.0
	4	91	107.0
	4	92	108.0
	4	93	114.0
	4	94	151.0
	4	95	60.0
	4	96	45.0
	4	97	98.0
	4	98	84.0
	4	99	155.0
	5	0	122.0
	5	1	155.0
	5	2	172.0
	5	3	124.0
	5	4	51.0
	5	5	0.0
	5	6	66.0
	5	7	94.0
	5	8	184.0
	5	9	122.0
	5	10	170.0
	5	11	119.0
	5	12	113.0
	5	13	69.0
	5	14	49.0
	5	15	57.0
	5	16	127.0
	5	17	171.0
	5	18	147.0
	5	19	187.0
	5	20	146.0
	5	21	109.0
	5	22	102.0
	5	23	110.0
	5	24	121.0
	5	25	156.0
	5	26	106.0
	5	27	149.0
	5	28	172.0
	5	29	192.0
	5	30	187.0
	5	31	152.0
	5	32	168.0
	5	33	148.0
	5	34	69.0
	5	35	138.0
	5	36	194.0
	5	37	125.0
	5	38	146.0
	5	39	111.0
	5	40	119.0
	5	41	143.0
	5	42	129.0
	5	43	54.0
	5	44	92.0
	5	45	98.0
	5	46	95.0
	5	47	114.0
	5	48	136.0
	5	49	145.0
	5	50	110.0
	5	51	101.0
	5	52	168.0
	5	53	143.0
	5	54	137.0
	5	55	132.0
	5	56	124.0
	5	57	196.0
	5	58	133.0
	5	59	133.0
	5	60	100.0
	5	61	144.0
	5	62	85.0
	5	63	116.0
	5	64	105.0
	5	65	103.0
	5	66	59.0
	5	67	37.0
	5	68	38.0
	5	69	123.0
	5	70	59.0
	5	71	49.0
	5	72	94.0
	5	73	118.0
	5	74	88.0
	5	75	138.0
	5	76	71.0
	5	77	93.0
	5	78	129.0
	5	79	181.0
	5	80	112.0
	5	81	154.0
	5	82	117.0
	5	83	192.0
	5	84	194.0
	5	85	135.0
	5	86	133.0
	5	87	115.0
	5	88	119.0
	5	89	111.0
	5	90	198.0
	5	91	157.0
	5	92	146.0
	5	93	150.0
	5	94	182.0
	5	95	91.0
	5	96	95.0
	5	97	148.0
	5	98	122.0
	5	99	139.0
	6	0	119.0
	6	1	152.0
	6	2	149.0
	6	3	190.0
	6	4	117.0
	6	5	66.0
	6	6	0.0
	6	7	28.0
	6	8	118.0
	6	9	97.0
	6	10	140.0
	6	11	158.0
	6	12	152.0
	6	13	108.0
	6	14	24.0
	6	15	54.0
	6	16	124.0
	6	17	159.0
	6	18	135.0
	6	19	175.0
	6	20	132.0
	6	21	95.0
	6	22	77.0
	6	23	85.0
	6	24	120.0
	6	25	155.0
	6	26	105.0
	6	27	137.0
	6	28	114.0
	6	29	176.0
	6	30	171.0
	6	31	136.0
	6	32	152.0
	6	33	133.0
	6	34	68.0
	6	35	81.0
	6	36	168.0
	6	37	122.0
	6	38	143.0
	6	39	108.0
	6	40	116.0
	6	41	140.0
	6	42	137.0
	6	43	120.0
	6	44	158.0
	6	45	84.0
	6	46	94.0
	6	47	113.0
	6	48	133.0
	6	49	124.0
	6	50	85.0
	6	51	76.0
	6	52	143.0
	6	53	86.0
	6	54	116.0
	6	55	121.0
	6	56	99.0
	6	57	164.0
	6	58	101.0
	6	59	117.0
	6	60	97.0
	6	61	141.0
	6	62	82.0
	6	63	113.0
	6	64	102.0
	6	65	100.0
	6	66	58.0
	6	67	36.0
	6	68	35.0
	6	69	120.0
	6	70	56.0
	6	71	46.0
	6	72	91.0
	6	73	93.0
	6	74	87.0
	6	75	113.0
	6	76	106.0
	6	77	84.0
	6	78	126.0
	6	79	178.0
	6	80	111.0
	6	81	144.0
	6	82	137.0
	6	83	185.0
	6	84	169.0
	6	85	110.0
	6	86	121.0
	6	87	90.0
	6	88	94.0
	6	89	86.0
	6	90	179.0
	6	91	143.0
	6	92	145.0
	6	93	147.0
	6	94	157.0
	6	95	66.0
	6	96	81.0
	6	97	134.0
	6	98	121.0
	6	99	136.0
	7	0	147.0
	7	1	180.0
	7	2	177.0
	7	3	218.0
	7	4	145.0
	7	5	94.0
	7	6	28.0
	7	7	0.0
	7	8	90.0
	7	9	125.0
	7	10	168.0
	7	11	186.0
	7	12	180.0
	7	13	136.0
	7	14	52.0
	7	15	82.0
	7	16	152.0
	7	17	187.0
	7	18	163.0
	7	19	203.0
	7	20	160.0
	7	21	123.0
	7	22	105.0
	7	23	113.0
	7	24	148.0
	7	25	179.0
	7	26	129.0
	7	27	109.0
	7	28	86.0
	7	29	161.0
	7	30	156.0
	7	31	121.0
	7	32	137.0
	7	33	157.0
	7	34	96.0
	7	35	109.0
	7	36	196.0
	7	37	150.0
	7	38	171.0
	7	39	136.0
	7	40	144.0
	7	41	168.0
	7	42	165.0
	7	43	148.0
	7	44	183.0
	7	45	112.0
	7	46	122.0
	7	47	137.0
	7	48	161.0
	7	49	152.0
	7	50	113.0
	7	51	104.0
	7	52	171.0
	7	53	114.0
	7	54	144.0
	7	55	149.0
	7	56	127.0
	7	57	136.0
	7	58	73.0
	7	59	102.0
	7	60	125.0
	7	61	169.0
	7	62	110.0
	7	63	141.0
	7	64	130.0
	7	65	128.0
	7	66	86.0
	7	67	64.0
	7	68	63.0
	7	69	148.0
	7	70	84.0
	7	71	74.0
	7	72	119.0
	7	73	121.0
	7	74	115.0
	7	75	141.0
	7	76	134.0
	7	77	112.0
	7	78	154.0
	7	79	206.0
	7	80	135.0
	7	81	172.0
	7	82	165.0
	7	83	213.0
	7	84	197.0
	7	85	138.0
	7	86	149.0
	7	87	118.0
	7	88	122.0
	7	89	114.0
	7	90	207.0
	7	91	171.0
	7	92	169.0
	7	93	175.0
	7	94	185.0
	7	95	94.0
	7	96	109.0
	7	97	162.0
	7	98	145.0
	7	99	164.0
	8	0	231.0
	8	1	224.0
	8	2	218.0
	8	3	246.0
	8	4	173.0
	8	5	184.0
	8	6	118.0
	8	7	90.0
	8	8	0.0
	8	9	82.0
	8	10	130.0
	8	11	205.0
	8	12	199.0
	8	13	155.0
	8	14	142.0
	8	15	166.0
	8	16	211.0
	8	17	203.0
	8	18	179.0
	8	19	219.0
	8	20	179.0
	8	21	142.0
	8	22	189.0
	8	23	181.0
	8	24	235.0
	8	25	232.0
	8	26	182.0
	8	27	199.0
	8	28	176.0
	8	29	218.0
	8	30	213.0
	8	31	178.0
	8	32	162.0
	8	33	142.0
	8	34	186.0
	8	35	150.0
	8	36	237.0
	8	37	240.0
	8	38	237.0
	8	39	186.0
	8	40	201.0
	8	41	202.0
	8	42	122.0
	8	43	170.0
	8	44	208.0
	8	45	131.0
	8	46	212.0
	8	47	181.0
	8	48	142.0
	8	49	133.0
	8	50	94.0
	8	51	103.0
	8	52	170.0
	8	53	145.0
	8	54	115.0
	8	55	120.0
	8	56	126.0
	8	57	203.0
	8	58	146.0
	8	59	175.0
	8	60	215.0
	8	61	225.0
	8	62	200.0
	8	63	193.0
	8	64	182.0
	8	65	180.0
	8	66	176.0
	8	67	154.0
	8	68	153.0
	8	69	238.0
	8	70	174.0
	8	71	164.0
	8	72	209.0
	8	73	173.0
	8	74	205.0
	8	75	193.0
	8	76	153.0
	8	77	131.0
	8	78	149.0
	8	79	194.0
	8	80	183.0
	8	81	213.0
	8	82	184.0
	8	83	194.0
	8	84	264.0
	8	85	222.0
	8	86	168.0
	8	87	176.0
	8	88	180.0
	8	89	95.0
	8	90	188.0
	8	91	190.0
	8	92	213.0
	8	93	219.0
	8	94	204.0
	8	95	113.0
	8	96	128.0
	8	97	181.0
	8	98	189.0
	8	99	248.0
	9	0	149.0
	9	1	142.0
	9	2	136.0
	9	3	164.0
	9	4	91.0
	9	5	122.0
	9	6	97.0
	9	7	125.0
	9	8	82.0
	9	9	0.0
	9	10	48.0
	9	11	123.0
	9	12	117.0
	9	13	73.0
	9	14	73.0
	9	15	84.0
	9	16	129.0
	9	17	121.0
	9	18	97.0
	9	19	137.0
	9	20	97.0
	9	21	60.0
	9	22	107.0
	9	23	99.0
	9	24	153.0
	9	25	150.0
	9	26	100.0
	9	27	143.0
	9	28	166.0
	9	29	136.0
	9	30	131.0
	9	31	96.0
	9	32	80.0
	9	33	60.0
	9	34	117.0
	9	35	68.0
	9	36	155.0
	9	37	171.0
	9	38	155.0
	9	39	104.0
	9	40	119.0
	9	41	120.0
	9	42	40.0
	9	43	88.0
	9	44	126.0
	9	45	49.0
	9	46	133.0
	9	47	99.0
	9	48	60.0
	9	49	51.0
	9	50	12.0
	9	51	21.0
	9	52	88.0
	9	53	63.0
	9	54	33.0
	9	55	38.0
	9	56	44.0
	9	57	121.0
	9	58	64.0
	9	59	93.0
	9	60	136.0
	9	61	143.0
	9	62	131.0
	9	63	111.0
	9	64	100.0
	9	65	98.0
	9	66	107.0
	9	67	85.0
	9	68	84.0
	9	69	169.0
	9	70	105.0
	9	71	95.0
	9	72	140.0
	9	73	91.0
	9	74	136.0
	9	75	111.0
	9	76	71.0
	9	77	49.0
	9	78	67.0
	9	79	112.0
	9	80	101.0
	9	81	131.0
	9	82	102.0
	9	83	112.0
	9	84	182.0
	9	85	140.0
	9	86	86.0
	9	87	94.0
	9	88	98.0
	9	89	13.0
	9	90	106.0
	9	91	108.0
	9	92	131.0
	9	93	137.0
	9	94	122.0
	9	95	31.0
	9	96	46.0
	9	97	99.0
	9	98	107.0
	9	99	166.0
	10	0	174.0
	10	1	142.0
	10	2	127.0
	10	3	193.0
	10	4	139.0
	10	5	170.0
	10	6	140.0
	10	7	168.0
	10	8	130.0
	10	9	48.0
	10	10	0.0
	10	11	97.0
	10	12	165.0
	10	13	121.0
	10	14	121.0
	10	15	132.0
	10	16	138.0
	10	17	73.0
	10	18	49.0
	10	19	89.0
	10	20	145.0
	10	21	108.0
	10	22	155.0
	10	23	147.0
	10	24	201.0
	10	25	141.0
	10	26	91.0
	10	27	134.0
	10	28	157.0
	10	29	177.0
	10	30	172.0
	10	31	137.0
	10	32	128.0
	10	33	108.0
	10	34	133.0
	10	35	59.0
	10	36	146.0
	10	37	215.0
	10	38	203.0
	10	39	152.0
	10	40	148.0
	10	41	168.0
	10	42	88.0
	10	43	136.0
	10	44	174.0
	10	45	97.0
	10	46	133.0
	10	47	99.0
	10	48	108.0
	10	49	99.0
	10	50	60.0
	10	51	69.0
	10	52	129.0
	10	53	64.0
	10	54	81.0
	10	55	86.0
	10	56	92.0
	10	57	169.0
	10	58	112.0
	10	59	118.0
	10	60	161.0
	10	61	143.0
	10	62	179.0
	10	63	159.0
	10	64	148.0
	10	65	146.0
	10	66	138.0
	10	67	133.0
	10	68	132.0
	10	69	217.0
	10	70	153.0
	10	71	143.0
	10	72	188.0
	10	73	139.0
	10	74	140.0
	10	75	159.0
	10	76	119.0
	10	77	97.0
	10	78	115.0
	10	79	160.0
	10	80	97.0
	10	81	116.0
	10	82	79.0
	10	83	154.0
	10	84	206.0
	10	85	147.0
	10	86	63.0
	10	87	142.0
	10	88	146.0
	10	89	61.0
	10	90	154.0
	10	91	156.0
	10	92	131.0
	10	93	137.0
	10	94	170.0
	10	95	79.0
	10	96	94.0
	10	97	147.0
	10	98	107.0
	10	99	178.0
	11	0	189.0
	11	1	151.0
	11	2	166.0
	11	3	141.0
	11	4	68.0
	11	5	119.0
	11	6	158.0
	11	7	186.0
	11	8	205.0
	11	9	123.0
	11	10	97.0
	11	11	0.0
	11	12	75.0
	11	13	50.0
	11	14	134.0
	11	15	115.0
	11	16	185.0
	11	17	152.0
	11	18	128.0
	11	19	168.0
	11	20	128.0
	11	21	91.0
	11	22	132.0
	11	23	124.0
	11	24	178.0
	11	25	166.0
	11	26	116.0
	11	27	159.0
	11	28	182.0
	11	29	202.0
	11	30	197.0
	11	31	162.0
	11	32	178.0
	11	33	159.0
	11	34	151.0
	11	35	148.0
	11	36	235.0
	11	37	221.0
	11	38	236.0
	11	39	185.0
	11	40	195.0
	11	41	183.0
	11	42	140.0
	11	43	65.0
	11	44	103.0
	11	45	80.0
	11	46	139.0
	11	47	108.0
	11	48	146.0
	11	49	150.0
	11	50	111.0
	11	51	102.0
	11	52	169.0
	11	53	153.0
	11	54	156.0
	11	55	160.0
	11	56	125.0
	11	57	182.0
	11	58	119.0
	11	59	143.0
	11	60	186.0
	11	61	152.0
	11	62	181.0
	11	63	182.0
	11	64	181.0
	11	65	179.0
	11	66	157.0
	11	67	135.0
	11	68	134.0
	11	69	219.0
	11	70	155.0
	11	71	145.0
	11	72	190.0
	11	73	116.0
	11	74	132.0
	11	75	136.0
	11	76	52.0
	11	77	74.0
	11	78	139.0
	11	79	191.0
	11	80	110.0
	11	81	135.0
	11	82	98.0
	11	83	173.0
	11	84	224.0
	11	85	165.0
	11	86	114.0
	11	87	119.0
	11	88	123.0
	11	89	112.0
	11	90	179.0
	11	91	139.0
	11	92	140.0
	11	93	146.0
	11	94	183.0
	11	95	92.0
	11	96	77.0
	11	97	130.0
	11	98	116.0
	11	99	187.0
	12	0	183.0
	12	1	145.0
	12	2	160.0
	12	3	135.0
	12	4	62.0
	12	5	113.0
	12	6	152.0
	12	7	180.0
	12	8	199.0
	12	9	117.0
	12	10	165.0
	12	11	75.0
	12	12	0.0
	12	13	44.0
	12	14	128.0
	12	15	109.0
	12	16	179.0
	12	17	146.0
	12	18	122.0
	12	19	162.0
	12	20	122.0
	12	21	85.0
	12	22	126.0
	12	23	118.0
	12	24	172.0
	12	25	160.0
	12	26	110.0
	12	27	153.0
	12	28	176.0
	12	29	196.0
	12	30	191.0
	12	31	156.0
	12	32	172.0
	12	33	153.0
	12	34	145.0
	12	35	142.0
	12	36	229.0
	12	37	215.0
	12	38	230.0
	12	39	179.0
	12	40	189.0
	12	41	177.0
	12	42	134.0
	12	43	59.0
	12	44	97.0
	12	45	74.0
	12	46	133.0
	12	47	102.0
	12	48	140.0
	12	49	144.0
	12	50	105.0
	12	51	96.0
	12	52	163.0
	12	53	147.0
	12	54	150.0
	12	55	154.0
	12	56	119.0
	12	57	176.0
	12	58	113.0
	12	59	137.0
	12	60	180.0
	12	61	146.0
	12	62	175.0
	12	63	176.0
	12	64	175.0
	12	65	173.0
	12	66	151.0
	12	67	129.0
	12	68	128.0
	12	69	213.0
	12	70	149.0
	12	71	139.0
	12	72	184.0
	12	73	110.0
	12	74	126.0
	12	75	130.0
	12	76	46.0
	12	77	68.0
	12	78	133.0
	12	79	185.0
	12	80	104.0
	12	81	129.0
	12	82	92.0
	12	83	167.0
	12	84	218.0
	12	85	159.0
	12	86	108.0
	12	87	113.0
	12	88	117.0
	12	89	106.0
	12	90	173.0
	12	91	133.0
	12	92	134.0
	12	93	140.0
	12	94	177.0
	12	95	86.0
	12	96	71.0
	12	97	124.0
	12	98	110.0
	12	99	181.0
	13	0	139.0
	13	1	101.0
	13	2	116.0
	13	3	91.0
	13	4	18.0
	13	5	69.0
	13	6	108.0
	13	7	136.0
	13	8	155.0
	13	9	73.0
	13	10	121.0
	13	11	50.0
	13	12	44.0
	13	13	0.0
	13	14	84.0
	13	15	65.0
	13	16	135.0
	13	17	102.0
	13	18	78.0
	13	19	118.0
	13	20	78.0
	13	21	41.0
	13	22	82.0
	13	23	74.0
	13	24	128.0
	13	25	116.0
	13	26	66.0
	13	27	109.0
	13	28	132.0
	13	29	152.0
	13	30	147.0
	13	31	112.0
	13	32	128.0
	13	33	109.0
	13	34	101.0
	13	35	98.0
	13	36	185.0
	13	37	171.0
	13	38	186.0
	13	39	135.0
	13	40	145.0
	13	41	133.0
	13	42	90.0
	13	43	15.0
	13	44	53.0
	13	45	30.0
	13	46	89.0
	13	47	58.0
	13	48	96.0
	13	49	100.0
	13	50	61.0
	13	51	52.0
	13	52	119.0
	13	53	103.0
	13	54	106.0
	13	55	110.0
	13	56	75.0
	13	57	132.0
	13	58	69.0
	13	59	93.0
	13	60	136.0
	13	61	102.0
	13	62	131.0
	13	63	132.0
	13	64	131.0
	13	65	129.0
	13	66	107.0
	13	67	85.0
	13	68	84.0
	13	69	169.0
	13	70	105.0
	13	71	95.0
	13	72	140.0
	13	73	66.0
	13	74	82.0
	13	75	86.0
	13	76	2.0
	13	77	24.0
	13	78	89.0
	13	79	141.0
	13	80	60.0
	13	81	85.0
	13	82	48.0
	13	83	123.0
	13	84	174.0
	13	85	115.0
	13	86	64.0
	13	87	69.0
	13	88	73.0
	13	89	62.0
	13	90	129.0
	13	91	89.0
	13	92	90.0
	13	93	96.0
	13	94	133.0
	13	95	42.0
	13	96	27.0
	13	97	80.0
	13	98	66.0
	13	99	137.0
	14	0	95.0
	14	1	128.0
	14	2	147.0
	14	3	173.0
	14	4	100.0
	14	5	49.0
	14	6	24.0
	14	7	52.0
	14	8	142.0
	14	9	73.0
	14	10	121.0
	14	11	134.0
	14	12	128.0
	14	13	84.0
	14	14	0.0
	14	15	30.0
	14	16	100.0
	14	17	135.0
	14	18	111.0
	14	19	151.0
	14	20	108.0
	14	21	71.0
	14	22	53.0
	14	23	61.0
	14	24	96.0
	14	25	131.0
	14	26	81.0
	14	27	124.0
	14	28	138.0
	14	29	152.0
	14	30	147.0
	14	31	112.0
	14	32	128.0
	14	33	109.0
	14	34	44.0
	14	35	105.0
	14	36	167.0
	14	37	98.0
	14	38	119.0
	14	39	84.0
	14	40	92.0
	14	41	116.0
	14	42	113.0
	14	43	99.0
	14	44	137.0
	14	45	60.0
	14	46	70.0
	14	47	89.0
	14	48	109.0
	14	49	100.0
	14	50	61.0
	14	51	52.0
	14	52	119.0
	14	53	110.0
	14	54	106.0
	14	55	105.0
	14	56	75.0
	14	57	147.0
	14	58	84.0
	14	59	93.0
	14	60	73.0
	14	61	117.0
	14	62	58.0
	14	63	89.0
	14	64	78.0
	14	65	76.0
	14	66	34.0
	14	67	12.0
	14	68	11.0
	14	69	96.0
	14	70	32.0
	14	71	22.0
	14	72	67.0
	14	73	69.0
	14	74	63.0
	14	75	89.0
	14	76	82.0
	14	77	60.0
	14	78	102.0
	14	79	154.0
	14	80	87.0
	14	81	150.0
	14	82	113.0
	14	83	161.0
	14	84	145.0
	14	85	86.0
	14	86	97.0
	14	87	66.0
	14	88	70.0
	14	89	62.0
	14	90	155.0
	14	91	119.0
	14	92	121.0
	14	93	123.0
	14	94	133.0
	14	95	42.0
	14	96	57.0
	14	97	110.0
	14	98	97.0
	14	99	112.0
	15	0	103.0
	15	1	136.0
	15	2	152.0
	15	3	156.0
	15	4	83.0
	15	5	57.0
	15	6	54.0
	15	7	82.0
	15	8	166.0
	15	9	84.0
	15	10	132.0
	15	11	115.0
	15	12	109.0
	15	13	65.0
	15	14	30.0
	15	15	0.0
	15	16	70.0
	15	17	116.0
	15	18	92.0
	15	19	132.0
	15	20	89.0
	15	21	52.0
	15	22	83.0
	15	23	91.0
	15	24	104.0
	15	25	139.0
	15	26	89.0
	15	27	132.0
	15	28	155.0
	15	29	174.0
	15	30	169.0
	15	31	134.0
	15	32	140.0
	15	33	120.0
	15	34	52.0
	15	35	121.0
	15	36	175.0
	15	37	106.0
	15	38	127.0
	15	39	92.0
	15	40	80.0
	15	41	104.0
	15	42	124.0
	15	43	80.0
	15	44	118.0
	15	45	41.0
	15	46	78.0
	15	47	94.0
	15	48	79.0
	15	49	88.0
	15	50	72.0
	15	51	63.0
	15	52	130.0
	15	53	126.0
	15	54	117.0
	15	55	113.0
	15	56	86.0
	15	57	149.0
	15	58	86.0
	15	59	115.0
	15	60	81.0
	15	61	125.0
	15	62	66.0
	15	63	97.0
	15	64	86.0
	15	65	84.0
	15	66	42.0
	15	67	20.0
	15	68	19.0
	15	69	104.0
	15	70	40.0
	15	71	30.0
	15	72	75.0
	15	73	83.0
	15	74	71.0
	15	75	103.0
	15	76	63.0
	15	77	41.0
	15	78	72.0
	15	79	124.0
	15	80	95.0
	15	81	131.0
	15	82	94.0
	15	83	169.0
	15	84	175.0
	15	85	116.0
	15	86	78.0
	15	87	86.0
	15	88	90.0
	15	89	73.0
	15	90	166.0
	15	91	100.0
	15	92	126.0
	15	93	131.0
	15	94	144.0
	15	95	53.0
	15	96	38.0
	15	97	91.0
	15	98	102.0
	15	99	120.0
	16	0	126.0
	16	1	88.0
	16	2	129.0
	16	3	195.0
	16	4	153.0
	16	5	127.0
	16	6	124.0
	16	7	152.0
	16	8	211.0
	16	9	129.0
	16	10	138.0
	16	11	185.0
	16	12	179.0
	16	13	135.0
	16	14	100.0
	16	15	70.0
	16	16	0.0
	16	17	65.0
	16	18	89.0
	16	19	129.0
	16	20	159.0
	16	21	122.0
	16	22	153.0
	16	23	161.0
	16	24	174.0
	16	25	149.0
	16	26	99.0
	16	27	142.0
	16	28	165.0
	16	29	131.0
	16	30	126.0
	16	31	91.0
	16	32	107.0
	16	33	127.0
	16	34	122.0
	16	35	131.0
	16	36	166.0
	16	37	97.0
	16	38	76.0
	16	39	25.0
	16	40	10.0
	16	41	34.0
	16	42	114.0
	16	43	150.0
	16	44	114.0
	16	45	111.0
	16	46	141.0
	16	47	107.0
	16	48	146.0
	16	49	155.0
	16	50	117.0
	16	51	108.0
	16	52	175.0
	16	53	136.0
	16	54	125.0
	16	55	120.0
	16	56	85.0
	16	57	162.0
	16	58	101.0
	16	59	72.0
	16	60	29.0
	16	61	77.0
	16	62	115.0
	16	63	46.0
	16	64	35.0
	16	65	33.0
	16	66	112.0
	16	67	90.0
	16	68	89.0
	16	69	174.0
	16	70	90.0
	16	71	80.0
	16	72	125.0
	16	73	153.0
	16	74	141.0
	16	75	173.0
	16	76	133.0
	16	77	111.0
	16	78	142.0
	16	79	186.0
	16	80	105.0
	16	81	156.0
	16	82	119.0
	16	83	194.0
	16	84	245.0
	16	85	186.0
	16	86	103.0
	16	87	156.0
	16	88	160.0
	16	89	118.0
	16	90	193.0
	16	91	118.0
	16	92	89.0
	16	93	83.0
	16	94	156.0
	16	95	118.0
	16	96	108.0
	16	97	78.0
	16	98	113.0
	16	99	143.0
	17	0	191.0
	17	1	153.0
	17	2	194.0
	17	3	193.0
	17	4	120.0
	17	5	171.0
	17	6	159.0
	17	7	187.0
	17	8	203.0
	17	9	121.0
	17	10	73.0
	17	11	152.0
	17	12	146.0
	17	13	102.0
	17	14	135.0
	17	15	116.0
	17	16	65.0
	17	17	0.0
	17	18	24.0
	17	19	64.0
	17	20	129.0
	17	21	92.0
	17	22	132.0
	17	23	124.0
	17	24	178.0
	17	25	214.0
	17	26	164.0
	17	27	207.0
	17	28	230.0
	17	29	196.0
	17	30	191.0
	17	31	156.0
	17	32	151.0
	17	33	131.0
	17	34	168.0
	17	35	132.0
	17	36	219.0
	17	37	162.0
	17	38	141.0
	17	39	90.0
	17	40	75.0
	17	41	99.0
	17	42	161.0
	17	43	117.0
	17	44	155.0
	17	45	75.0
	17	46	162.0
	17	47	160.0
	17	48	153.0
	17	49	151.0
	17	50	112.0
	17	51	103.0
	17	52	170.0
	17	53	137.0
	17	54	154.0
	17	55	159.0
	17	56	126.0
	17	57	189.0
	17	58	126.0
	17	59	137.0
	17	60	94.0
	17	61	142.0
	17	62	180.0
	17	63	111.0
	17	64	100.0
	17	65	98.0
	17	66	158.0
	17	67	136.0
	17	68	135.0
	17	69	220.0
	17	70	155.0
	17	71	145.0
	17	72	190.0
	17	73	122.0
	17	74	169.0
	17	75	142.0
	17	76	100.0
	17	77	81.0
	17	78	146.0
	17	79	198.0
	17	80	162.0
	17	81	91.0
	17	82	54.0
	17	83	129.0
	17	84	181.0
	17	85	122.0
	17	86	38.0
	17	87	119.0
	17	88	123.0
	17	89	113.0
	17	90	135.0
	17	91	140.0
	17	92	154.0
	17	93	148.0
	17	94	184.0
	17	95	93.0
	17	96	78.0
	17	97	131.0
	17	98	168.0
	17	99	208.0
	18	0	187.0
	18	1	156.0
	18	2	176.0
	18	3	169.0
	18	4	96.0
	18	5	147.0
	18	6	135.0
	18	7	163.0
	18	8	179.0
	18	9	97.0
	18	10	49.0
	18	11	128.0
	18	12	122.0
	18	13	78.0
	18	14	111.0
	18	15	92.0
	18	16	89.0
	18	17	24.0
	18	18	0.0
	18	19	40.0
	18	20	105.0
	18	21	68.0
	18	22	108.0
	18	23	100.0
	18	24	154.0
	18	25	190.0
	18	26	140.0
	18	27	183.0
	18	28	206.0
	18	29	183.0
	18	30	178.0
	18	31	143.0
	18	32	127.0
	18	33	107.0
	18	34	144.0
	18	35	108.0
	18	36	195.0
	18	37	186.0
	18	38	165.0
	18	39	114.0
	18	40	99.0
	18	41	123.0
	18	42	137.0
	18	43	93.0
	18	44	131.0
	18	45	51.0
	18	46	138.0
	18	47	136.0
	18	48	129.0
	18	49	127.0
	18	50	88.0
	18	51	79.0
	18	52	146.0
	18	53	113.0
	18	54	130.0
	18	55	135.0
	18	56	102.0
	18	57	165.0
	18	58	102.0
	18	59	131.0
	18	60	118.0
	18	61	157.0
	18	62	158.0
	18	63	135.0
	18	64	124.0
	18	65	122.0
	18	66	134.0
	18	67	112.0
	18	68	111.0
	18	69	196.0
	18	70	132.0
	18	71	122.0
	18	72	167.0
	18	73	98.0
	18	74	145.0
	18	75	118.0
	18	76	76.0
	18	77	57.0
	18	78	122.0
	18	79	174.0
	18	80	138.0
	18	81	67.0
	18	82	30.0
	18	83	105.0
	18	84	157.0
	18	85	98.0
	18	86	14.0
	18	87	95.0
	18	88	99.0
	18	89	89.0
	18	90	111.0
	18	91	116.0
	18	92	145.0
	18	93	151.0
	18	94	160.0
	18	95	69.0
	18	96	54.0
	18	97	107.0
	18	98	144.0
	18	99	204.0
	19	0	227.0
	19	1	196.0
	19	2	216.0
	19	3	209.0
	19	4	136.0
	19	5	187.0
	19	6	175.0
	19	7	203.0
	19	8	219.0
	19	9	137.0
	19	10	89.0
	19	11	168.0
	19	12	162.0
	19	13	118.0
	19	14	151.0
	19	15	132.0
	19	16	129.0
	19	17	64.0
	19	18	40.0
	19	19	0.0
	19	20	79.0
	19	21	108.0
	19	22	148.0
	19	23	140.0
	19	24	194.0
	19	25	230.0
	19	26	180.0
	19	27	223.0
	19	28	246.0
	19	29	223.0
	19	30	218.0
	19	31	183.0
	19	32	167.0
	19	33	147.0
	19	34	184.0
	19	35	148.0
	19	36	235.0
	19	37	226.0
	19	38	205.0
	19	39	154.0
	19	40	139.0
	19	41	163.0
	19	42	177.0
	19	43	133.0
	19	44	171.0
	19	45	91.0
	19	46	178.0
	19	47	176.0
	19	48	169.0
	19	49	167.0
	19	50	128.0
	19	51	119.0
	19	52	186.0
	19	53	153.0
	19	54	170.0
	19	55	175.0
	19	56	142.0
	19	57	205.0
	19	58	142.0
	19	59	171.0
	19	60	158.0
	19	61	197.0
	19	62	198.0
	19	63	175.0
	19	64	164.0
	19	65	162.0
	19	66	174.0
	19	67	152.0
	19	68	151.0
	19	69	236.0
	19	70	172.0
	19	71	162.0
	19	72	207.0
	19	73	138.0
	19	74	185.0
	19	75	158.0
	19	76	116.0
	19	77	97.0
	19	78	162.0
	19	79	214.0
	19	80	178.0
	19	81	107.0
	19	82	70.0
	19	83	145.0
	19	84	197.0
	19	85	138.0
	19	86	54.0
	19	87	135.0
	19	88	139.0
	19	89	129.0
	19	90	151.0
	19	91	156.0
	19	92	185.0
	19	93	191.0
	19	94	200.0
	19	95	109.0
	19	96	94.0
	19	97	147.0
	19	98	184.0
	19	99	244.0
	20	0	163.0
	20	1	125.0
	20	2	166.0
	20	3	169.0
	20	4	96.0
	20	5	146.0
	20	6	132.0
	20	7	160.0
	20	8	179.0
	20	9	97.0
	20	10	145.0
	20	11	128.0
	20	12	122.0
	20	13	78.0
	20	14	108.0
	20	15	89.0
	20	16	159.0
	20	17	129.0
	20	18	105.0
	20	19	79.0
	20	20	0.0
	20	21	37.0
	20	22	107.0
	20	23	104.0
	20	24	158.0
	20	25	194.0
	20	26	144.0
	20	27	187.0
	20	28	210.0
	20	29	187.0
	20	30	182.0
	20	31	147.0
	20	32	153.0
	20	33	133.0
	20	34	141.0
	20	35	165.0
	20	36	252.0
	20	37	195.0
	20	38	210.0
	20	39	159.0
	20	40	169.0
	20	41	193.0
	20	42	137.0
	20	43	93.0
	20	44	131.0
	20	45	54.0
	20	46	141.0
	20	47	136.0
	20	48	126.0
	20	49	124.0
	20	50	85.0
	20	51	76.0
	20	52	143.0
	20	53	160.0
	20	54	130.0
	20	55	134.0
	20	56	99.0
	20	57	162.0
	20	58	99.0
	20	59	128.0
	20	60	170.0
	20	61	126.0
	20	62	155.0
	20	63	166.0
	20	64	155.0
	20	65	153.0
	20	66	131.0
	20	67	109.0
	20	68	108.0
	20	69	193.0
	20	70	129.0
	20	71	119.0
	20	72	164.0
	20	73	96.0
	20	74	148.0
	20	75	116.0
	20	76	76.0
	20	77	54.0
	20	78	119.0
	20	79	171.0
	20	80	138.0
	20	81	144.0
	20	82	107.0
	20	83	166.0
	20	84	199.0
	20	85	140.0
	20	86	91.0
	20	87	99.0
	20	88	103.0
	20	89	86.0
	20	90	160.0
	20	91	85.0
	20	92	114.0
	20	93	120.0
	20	94	157.0
	20	95	66.0
	20	96	51.0
	20	97	104.0
	20	98	138.0
	20	99	180.0
	21	0	126.0
	21	1	88.0
	21	2	129.0
	21	3	132.0
	21	4	59.0
	21	5	109.0
	21	6	95.0
	21	7	123.0
	21	8	142.0
	21	9	60.0
	21	10	108.0
	21	11	91.0
	21	12	85.0
	21	13	41.0
	21	14	71.0
	21	15	52.0
	21	16	122.0
	21	17	92.0
	21	18	68.0
	21	19	108.0
	21	20	37.0
	21	21	0.0
	21	22	70.0
	21	23	67.0
	21	24	121.0
	21	25	157.0
	21	26	107.0
	21	27	150.0
	21	28	173.0
	21	29	150.0
	21	30	145.0
	21	31	110.0
	21	32	116.0
	21	33	96.0
	21	34	104.0
	21	35	128.0
	21	36	215.0
	21	37	158.0
	21	38	173.0
	21	39	122.0
	21	40	132.0
	21	41	156.0
	21	42	100.0
	21	43	56.0
	21	44	94.0
	21	45	17.0
	21	46	104.0
	21	47	99.0
	21	48	89.0
	21	49	87.0
	21	50	48.0
	21	51	39.0
	21	52	106.0
	21	53	123.0
	21	54	93.0
	21	55	97.0
	21	56	62.0
	21	57	125.0
	21	58	62.0
	21	59	91.0
	21	60	133.0
	21	61	89.0
	21	62	118.0
	21	63	129.0
	21	64	118.0
	21	65	116.0
	21	66	94.0
	21	67	72.0
	21	68	71.0
	21	69	156.0
	21	70	92.0
	21	71	82.0
	21	72	127.0
	21	73	59.0
	21	74	111.0
	21	75	79.0
	21	76	39.0
	21	77	17.0
	21	78	82.0
	21	79	134.0
	21	80	101.0
	21	81	107.0
	21	82	70.0
	21	83	129.0
	21	84	162.0
	21	85	103.0
	21	86	54.0
	21	87	62.0
	21	88	66.0
	21	89	49.0
	21	90	123.0
	21	91	48.0
	21	92	77.0
	21	93	83.0
	21	94	120.0
	21	95	29.0
	21	96	14.0
	21	97	67.0
	21	98	101.0
	21	99	143.0
	22	0	148.0
	22	1	158.0
	22	2	178.0
	22	3	173.0
	22	4	100.0
	22	5	102.0
	22	6	77.0
	22	7	105.0
	22	8	189.0
	22	9	107.0
	22	10	155.0
	22	11	132.0
	22	12	126.0
	22	13	82.0
	22	14	53.0
	22	15	83.0
	22	16	153.0
	22	17	132.0
	22	18	108.0
	22	19	148.0
	22	20	107.0
	22	21	70.0
	22	22	0.0
	22	23	8.0
	22	24	62.0
	22	25	162.0
	22	26	128.0
	22	27	114.0
	22	28	137.0
	22	29	191.0
	22	30	186.0
	22	31	151.0
	22	32	163.0
	22	33	143.0
	22	34	97.0
	22	35	158.0
	22	36	220.0
	22	37	151.0
	22	38	172.0
	22	39	137.0
	22	40	145.0
	22	41	169.0
	22	42	147.0
	22	43	97.0
	22	44	135.0
	22	45	64.0
	22	46	86.0
	22	47	120.0
	22	48	107.0
	22	49	116.0
	22	50	95.0
	22	51	86.0
	22	52	153.0
	22	53	163.0
	22	54	140.0
	22	55	144.0
	22	56	109.0
	22	57	166.0
	22	58	103.0
	22	59	132.0
	22	60	126.0
	22	61	159.0
	22	62	111.0
	22	63	142.0
	22	64	131.0
	22	65	129.0
	22	66	87.0
	22	67	65.0
	22	68	64.0
	22	69	149.0
	22	70	85.0
	22	71	75.0
	22	72	112.0
	22	73	16.0
	22	74	79.0
	22	75	36.0
	22	76	80.0
	22	77	58.0
	22	78	100.0
	22	79	152.0
	22	80	122.0
	22	81	147.0
	22	82	110.0
	22	83	162.0
	22	84	92.0
	22	85	33.0
	22	86	94.0
	22	87	13.0
	22	88	17.0
	22	89	96.0
	22	90	168.0
	22	91	118.0
	22	92	147.0
	22	93	153.0
	22	94	167.0
	22	95	76.0
	22	96	61.0
	22	97	114.0
	22	98	128.0
	22	99	165.0
	23	0	156.0
	23	1	155.0
	23	2	170.0
	23	3	165.0
	23	4	92.0
	23	5	110.0
	23	6	85.0
	23	7	113.0
	23	8	181.0
	23	9	99.0
	23	10	147.0
	23	11	124.0
	23	12	118.0
	23	13	74.0
	23	14	61.0
	23	15	91.0
	23	16	161.0
	23	17	124.0
	23	18	100.0
	23	19	140.0
	23	20	104.0
	23	21	67.0
	23	22	8.0
	23	23	0.0
	23	24	54.0
	23	25	154.0
	23	26	120.0
	23	27	106.0
	23	28	129.0
	23	29	183.0
	23	30	178.0
	23	31	143.0
	23	32	155.0
	23	33	135.0
	23	34	90.0
	23	35	152.0
	23	36	228.0
	23	37	159.0
	23	38	180.0
	23	39	145.0
	23	40	153.0
	23	41	177.0
	23	42	139.0
	23	43	89.0
	23	44	127.0
	23	45	56.0
	23	46	78.0
	23	47	112.0
	23	48	99.0
	23	49	108.0
	23	50	87.0
	23	51	78.0
	23	52	145.0
	23	53	157.0
	23	54	132.0
	23	55	136.0
	23	56	101.0
	23	57	158.0
	23	58	95.0
	23	59	124.0
	23	60	134.0
	23	61	156.0
	23	62	119.0
	23	63	150.0
	23	64	139.0
	23	65	137.0
	23	66	95.0
	23	67	73.0
	23	68	72.0
	23	69	157.0
	23	70	93.0
	23	71	83.0
	23	72	104.0
	23	73	8.0
	23	74	71.0
	23	75	28.0
	23	76	72.0
	23	77	50.0
	23	78	92.0
	23	79	144.0
	23	80	114.0
	23	81	139.0
	23	82	102.0
	23	83	170.0
	23	84	100.0
	23	85	41.0
	23	86	86.0
	23	87	5.0
	23	88	9.0
	23	89	88.0
	23	90	176.0
	23	91	115.0
	23	92	144.0
	23	93	150.0
	23	94	159.0
	23	95	68.0
	23	96	53.0
	23	97	106.0
	23	98	120.0
	23	99	173.0
	24	0	169.0
	24	1	193.0
	24	2	216.0
	24	3	219.0
	24	4	146.0
	24	5	121.0
	24	6	120.0
	24	7	148.0
	24	8	235.0
	24	9	153.0
	24	10	201.0
	24	11	178.0
	24	12	172.0
	24	13	128.0
	24	14	96.0
	24	15	104.0
	24	16	174.0
	24	17	178.0
	24	18	154.0
	24	19	194.0
	24	20	158.0
	24	21	121.0
	24	22	62.0
	24	23	54.0
	24	24	0.0
	24	25	100.0
	24	26	150.0
	24	27	160.0
	24	28	183.0
	24	29	236.0
	24	30	231.0
	24	31	196.0
	24	32	209.0
	24	33	189.0
	24	34	116.0
	24	35	182.0
	24	36	241.0
	24	37	172.0
	24	38	193.0
	24	39	158.0
	24	40	166.0
	24	41	190.0
	24	42	193.0
	24	43	143.0
	24	44	181.0
	24	45	110.0
	24	46	132.0
	24	47	158.0
	24	48	153.0
	24	49	162.0
	24	50	141.0
	24	51	132.0
	24	52	199.0
	24	53	187.0
	24	54	184.0
	24	55	179.0
	24	56	155.0
	24	57	212.0
	24	58	149.0
	24	59	177.0
	24	60	147.0
	24	61	191.0
	24	62	132.0
	24	63	163.0
	24	64	152.0
	24	65	150.0
	24	66	106.0
	24	67	84.0
	24	68	85.0
	24	69	170.0
	24	70	106.0
	24	71	96.0
	24	72	141.0
	24	73	62.0
	24	74	125.0
	24	75	82.0
	24	76	126.0
	24	77	104.0
	24	78	146.0
	24	79	198.0
	24	80	156.0
	24	81	193.0
	24	82	156.0
	24	83	224.0
	24	84	154.0
	24	85	95.0
	24	86	140.0
	24	87	59.0
	24	88	63.0
	24	89	142.0
	24	90	230.0
	24	91	169.0
	24	92	182.0
	24	93	188.0
	24	94	213.0
	24	95	122.0
	24	96	107.0
	24	97	160.0
	24	98	166.0
	24	99	186.0
	25	0	131.0
	25	1	93.0
	25	2	116.0
	25	3	182.0
	25	4	134.0
	25	5	156.0
	25	6	155.0
	25	7	179.0
	25	8	232.0
	25	9	150.0
	25	10	141.0
	25	11	166.0
	25	12	160.0
	25	13	116.0
	25	14	131.0
	25	15	139.0
	25	16	149.0
	25	17	214.0
	25	18	190.0
	25	19	230.0
	25	20	194.0
	25	21	157.0
	25	22	162.0
	25	23	154.0
	25	24	100.0
	25	25	0.0
	25	26	50.0
	25	27	93.0
	25	28	116.0
	25	29	136.0
	25	30	131.0
	25	31	96.0
	25	32	112.0
	25	33	132.0
	25	34	118.0
	25	35	82.0
	25	36	169.0
	25	37	193.0
	25	38	200.0
	25	39	149.0
	25	40	139.0
	25	41	163.0
	25	42	174.0
	25	43	131.0
	25	44	158.0
	25	45	146.0
	25	46	92.0
	25	47	58.0
	25	48	97.0
	25	49	106.0
	25	50	145.0
	25	51	154.0
	25	52	152.0
	25	53	87.0
	25	54	117.0
	25	55	122.0
	25	56	157.0
	25	57	169.0
	25	58	106.0
	25	59	77.0
	25	60	120.0
	25	61	94.0
	25	62	153.0
	25	63	128.0
	25	64	139.0
	25	65	141.0
	25	66	97.0
	25	67	119.0
	25	68	120.0
	25	69	205.0
	25	70	141.0
	25	71	131.0
	25	72	162.0
	25	73	162.0
	25	74	99.0
	25	75	171.0
	25	76	118.0
	25	77	140.0
	25	78	104.0
	25	79	137.0
	25	80	56.0
	25	81	145.0
	25	82	164.0
	25	83	192.0
	25	84	254.0
	25	85	195.0
	25	86	180.0
	25	87	159.0
	25	88	163.0
	25	89	146.0
	25	90	186.0
	25	91	111.0
	25	92	82.0
	25	93	88.0
	25	94	161.0
	25	95	158.0
	25	96	143.0
	25	97	151.0
	25	98	66.0
	25	99	137.0
	26	0	83.0
	26	1	51.0
	26	2	66.0
	26	3	132.0
	26	4	84.0
	26	5	106.0
	26	6	105.0
	26	7	129.0
	26	8	182.0
	26	9	100.0
	26	10	91.0
	26	11	116.0
	26	12	110.0
	26	13	66.0
	26	14	81.0
	26	15	89.0
	26	16	99.0
	26	17	164.0
	26	18	140.0
	26	19	180.0
	26	20	144.0
	26	21	107.0
	26	22	128.0
	26	23	120.0
	26	24	150.0
	26	25	50.0
	26	26	0.0
	26	27	43.0
	26	28	66.0
	26	29	86.0
	26	30	81.0
	26	31	46.0
	26	32	62.0
	26	33	82.0
	26	34	68.0
	26	35	32.0
	26	36	119.0
	26	37	151.0
	26	38	150.0
	26	39	99.0
	26	40	89.0
	26	41	113.0
	26	42	124.0
	26	43	81.0
	26	44	108.0
	26	45	96.0
	26	46	42.0
	26	47	8.0
	26	48	47.0
	26	49	56.0
	26	50	95.0
	26	51	104.0
	26	52	102.0
	26	53	37.0
	26	54	67.0
	26	55	72.0
	26	56	107.0
	26	57	119.0
	26	58	56.0
	26	59	27.0
	26	60	70.0
	26	61	52.0
	26	62	111.0
	26	63	78.0
	26	64	89.0
	26	65	91.0
	26	66	47.0
	26	67	69.0
	26	68	70.0
	26	69	155.0
	26	70	91.0
	26	71	81.0
	26	72	112.0
	26	73	112.0
	26	74	49.0
	26	75	121.0
	26	76	68.0
	26	77	90.0
	26	78	54.0
	26	79	87.0
	26	80	6.0
	26	81	95.0
	26	82	114.0
	26	83	150.0
	26	84	220.0
	26	85	161.0
	26	86	130.0
	26	87	115.0
	26	88	119.0
	26	89	96.0
	26	90	144.0
	26	91	69.0
	26	92	40.0
	26	93	46.0
	26	94	119.0
	26	95	108.0
	26	96	93.0
	26	97	101.0
	26	98	16.0
	26	99	87.0
	27	0	126.0
	27	1	94.0
	27	2	109.0
	27	3	175.0
	27	4	127.0
	27	5	149.0
	27	6	137.0
	27	7	109.0
	27	8	199.0
	27	9	143.0
	27	10	134.0
	27	11	159.0
	27	12	153.0
	27	13	109.0
	27	14	124.0
	27	15	132.0
	27	16	142.0
	27	17	207.0
	27	18	183.0
	27	19	223.0
	27	20	187.0
	27	21	150.0
	27	22	114.0
	27	23	106.0
	27	24	160.0
	27	25	93.0
	27	26	43.0
	27	27	0.0
	27	28	23.0
	27	29	106.0
	27	30	111.0
	27	31	89.0
	27	32	105.0
	27	33	125.0
	27	34	111.0
	27	35	75.0
	27	36	162.0
	27	37	194.0
	27	38	193.0
	27	39	142.0
	27	40	132.0
	27	41	156.0
	27	42	167.0
	27	43	124.0
	27	44	151.0
	27	45	139.0
	27	46	85.0
	27	47	51.0
	27	48	90.0
	27	49	99.0
	27	50	138.0
	27	51	147.0
	27	52	145.0
	27	53	80.0
	27	54	110.0
	27	55	115.0
	27	56	150.0
	27	57	162.0
	27	58	99.0
	27	59	70.0
	27	60	113.0
	27	61	95.0
	27	62	154.0
	27	63	121.0
	27	64	132.0
	27	65	134.0
	27	66	90.0
	27	67	112.0
	27	68	113.0
	27	69	198.0
	27	70	134.0
	27	71	124.0
	27	72	155.0
	27	73	98.0
	27	74	92.0
	27	75	78.0
	27	76	111.0
	27	77	133.0
	27	78	97.0
	27	79	130.0
	27	80	49.0
	27	81	138.0
	27	82	157.0
	27	83	193.0
	27	84	206.0
	27	85	147.0
	27	86	173.0
	27	87	101.0
	27	88	105.0
	27	89	139.0
	27	90	187.0
	27	91	112.0
	27	92	83.0
	27	93	89.0
	27	94	162.0
	27	95	151.0
	27	96	136.0
	27	97	144.0
	27	98	59.0
	27	99	130.0
	28	0	149.0
	28	1	117.0
	28	2	132.0
	28	3	198.0
	28	4	150.0
	28	5	172.0
	28	6	114.0
	28	7	86.0
	28	8	176.0
	28	9	166.0
	28	10	157.0
	28	11	182.0
	28	12	176.0
	28	13	132.0
	28	14	138.0
	28	15	155.0
	28	16	165.0
	28	17	230.0
	28	18	206.0
	28	19	246.0
	28	20	210.0
	28	21	173.0
	28	22	137.0
	28	23	129.0
	28	24	183.0
	28	25	116.0
	28	26	66.0
	28	27	23.0
	28	28	0.0
	28	29	83.0
	28	30	88.0
	28	31	112.0
	28	32	128.0
	28	33	148.0
	28	34	134.0
	28	35	98.0
	28	36	185.0
	28	37	217.0
	28	38	216.0
	28	39	165.0
	28	40	155.0
	28	41	179.0
	28	42	190.0
	28	43	147.0
	28	44	174.0
	28	45	162.0
	28	46	108.0
	28	47	74.0
	28	48	113.0
	28	49	122.0
	28	50	161.0
	28	51	170.0
	28	52	168.0
	28	53	103.0
	28	54	133.0
	28	55	138.0
	28	56	173.0
	28	57	185.0
	28	58	122.0
	28	59	93.0
	28	60	136.0
	28	61	118.0
	28	62	177.0
	28	63	144.0
	28	64	155.0
	28	65	157.0
	28	66	113.0
	28	67	135.0
	28	68	136.0
	28	69	221.0
	28	70	157.0
	28	71	147.0
	28	72	178.0
	28	73	121.0
	28	74	115.0
	28	75	101.0
	28	76	134.0
	28	77	156.0
	28	78	120.0
	28	79	153.0
	28	80	72.0
	28	81	161.0
	28	82	180.0
	28	83	216.0
	28	84	229.0
	28	85	170.0
	28	86	196.0
	28	87	124.0
	28	88	128.0
	28	89	162.0
	28	90	210.0
	28	91	135.0
	28	92	106.0
	28	93	112.0
	28	94	185.0
	28	95	174.0
	28	96	159.0
	28	97	167.0
	28	98	82.0
	28	99	153.0
	29	0	115.0
	29	1	137.0
	29	2	152.0
	29	3	216.0
	29	4	143.0
	29	5	192.0
	29	6	176.0
	29	7	161.0
	29	8	218.0
	29	9	136.0
	29	10	177.0
	29	11	202.0
	29	12	196.0
	29	13	152.0
	29	14	152.0
	29	15	174.0
	29	16	131.0
	29	17	196.0
	29	18	183.0
	29	19	223.0
	29	20	187.0
	29	21	150.0
	29	22	191.0
	29	23	183.0
	29	24	236.0
	29	25	136.0
	29	26	86.0
	29	27	106.0
	29	28	83.0
	29	29	0.0
	29	30	5.0
	29	31	40.0
	29	32	56.0
	29	33	76.0
	29	34	154.0
	29	35	118.0
	29	36	205.0
	29	37	208.0
	29	38	187.0
	29	39	136.0
	29	40	121.0
	29	41	145.0
	29	42	118.0
	29	43	140.0
	29	44	102.0
	29	45	139.0
	29	46	128.0
	29	47	94.0
	29	48	133.0
	29	49	142.0
	29	50	124.0
	29	51	133.0
	29	52	188.0
	29	53	123.0
	29	54	153.0
	29	55	158.0
	29	56	156.0
	29	57	151.0
	29	58	88.0
	29	59	59.0
	29	60	102.0
	29	61	138.0
	29	62	189.0
	29	63	157.0
	29	64	146.0
	29	65	144.0
	29	66	133.0
	29	67	155.0
	29	68	156.0
	29	69	241.0
	29	70	163.0
	29	71	153.0
	29	72	198.0
	29	73	175.0
	29	74	135.0
	29	75	184.0
	29	76	154.0
	29	77	133.0
	29	78	140.0
	29	79	173.0
	29	80	92.0
	29	81	181.0
	29	82	185.0
	29	83	224.0
	29	84	283.0
	29	85	224.0
	29	86	169.0
	29	87	178.0
	29	88	182.0
	29	89	125.0
	29	90	218.0
	29	91	155.0
	29	92	126.0
	29	93	132.0
	29	94	205.0
	29	95	143.0
	29	96	136.0
	29	97	187.0
	29	98	102.0
	29	99	132.0
	30	0	110.0
	30	1	132.0
	30	2	147.0
	30	3	211.0
	30	4	138.0
	30	5	187.0
	30	6	171.0
	30	7	156.0
	30	8	213.0
	30	9	131.0
	30	10	172.0
	30	11	197.0
	30	12	191.0
	30	13	147.0
	30	14	147.0
	30	15	169.0
	30	16	126.0
	30	17	191.0
	30	18	178.0
	30	19	218.0
	30	20	182.0
	30	21	145.0
	30	22	186.0
	30	23	178.0
	30	24	231.0
	30	25	131.0
	30	26	81.0
	30	27	111.0
	30	28	88.0
	30	29	5.0
	30	30	0.0
	30	31	35.0
	30	32	51.0
	30	33	71.0
	30	34	149.0
	30	35	113.0
	30	36	200.0
	30	37	203.0
	30	38	182.0
	30	39	131.0
	30	40	116.0
	30	41	140.0
	30	42	113.0
	30	43	135.0
	30	44	97.0
	30	45	134.0
	30	46	123.0
	30	47	89.0
	30	48	128.0
	30	49	137.0
	30	50	119.0
	30	51	128.0
	30	52	183.0
	30	53	118.0
	30	54	148.0
	30	55	153.0
	30	56	151.0
	30	57	146.0
	30	58	83.0
	30	59	54.0
	30	60	97.0
	30	61	133.0
	30	62	184.0
	30	63	152.0
	30	64	141.0
	30	65	139.0
	30	66	128.0
	30	67	150.0
	30	68	151.0
	30	69	236.0
	30	70	158.0
	30	71	148.0
	30	72	193.0
	30	73	170.0
	30	74	130.0
	30	75	189.0
	30	76	149.0
	30	77	128.0
	30	78	135.0
	30	79	168.0
	30	80	87.0
	30	81	176.0
	30	82	180.0
	30	83	219.0
	30	84	278.0
	30	85	219.0
	30	86	164.0
	30	87	173.0
	30	88	177.0
	30	89	120.0
	30	90	213.0
	30	91	150.0
	30	92	121.0
	30	93	127.0
	30	94	200.0
	30	95	138.0
	30	96	131.0
	30	97	182.0
	30	98	97.0
	30	99	127.0
	31	0	75.0
	31	1	97.0
	31	2	112.0
	31	3	176.0
	31	4	103.0
	31	5	152.0
	31	6	136.0
	31	7	121.0
	31	8	178.0
	31	9	96.0
	31	10	137.0
	31	11	162.0
	31	12	156.0
	31	13	112.0
	31	14	112.0
	31	15	134.0
	31	16	91.0
	31	17	156.0
	31	18	143.0
	31	19	183.0
	31	20	147.0
	31	21	110.0
	31	22	151.0
	31	23	143.0
	31	24	196.0
	31	25	96.0
	31	26	46.0
	31	27	89.0
	31	28	112.0
	31	29	40.0
	31	30	35.0
	31	31	0.0
	31	32	16.0
	31	33	36.0
	31	34	114.0
	31	35	78.0
	31	36	165.0
	31	37	168.0
	31	38	147.0
	31	39	96.0
	31	40	81.0
	31	41	105.0
	31	42	78.0
	31	43	100.0
	31	44	62.0
	31	45	99.0
	31	46	88.0
	31	47	54.0
	31	48	93.0
	31	49	102.0
	31	50	84.0
	31	51	93.0
	31	52	148.0
	31	53	83.0
	31	54	113.0
	31	55	118.0
	31	56	116.0
	31	57	111.0
	31	58	48.0
	31	59	19.0
	31	60	62.0
	31	61	98.0
	31	62	149.0
	31	63	117.0
	31	64	106.0
	31	65	104.0
	31	66	93.0
	31	67	115.0
	31	68	116.0
	31	69	201.0
	31	70	123.0
	31	71	113.0
	31	72	158.0
	31	73	135.0
	31	74	95.0
	31	75	155.0
	31	76	114.0
	31	77	93.0
	31	78	100.0
	31	79	133.0
	31	80	52.0
	31	81	141.0
	31	82	145.0
	31	83	184.0
	31	84	243.0
	31	85	184.0
	31	86	129.0
	31	87	138.0
	31	88	142.0
	31	89	85.0
	31	90	178.0
	31	91	115.0
	31	92	86.0
	31	93	92.0
	31	94	165.0
	31	95	103.0
	31	96	96.0
	31	97	147.0
	31	98	62.0
	31	99	92.0
	32	0	91.0
	32	1	113.0
	32	2	128.0
	32	3	192.0
	32	4	119.0
	32	5	168.0
	32	6	152.0
	32	7	137.0
	32	8	162.0
	32	9	80.0
	32	10	128.0
	32	11	178.0
	32	12	172.0
	32	13	128.0
	32	14	128.0
	32	15	140.0
	32	16	107.0
	32	17	151.0
	32	18	127.0
	32	19	167.0
	32	20	153.0
	32	21	116.0
	32	22	163.0
	32	23	155.0
	32	24	209.0
	32	25	112.0
	32	26	62.0
	32	27	105.0
	32	28	128.0
	32	29	56.0
	32	30	51.0
	32	31	16.0
	32	32	0.0
	32	33	20.0
	32	34	99.0
	32	35	94.0
	32	36	181.0
	32	37	184.0
	32	38	163.0
	32	39	112.0
	32	40	97.0
	32	41	121.0
