data;

param n := 100;

param p := 5;

param m := 2;

param alpha := 10.289290428161621;

param r := 
	0	1
	1	0
	2	1
	3	0
	4	1
	5	0
	6	0
	7	1
	8	1
	9	0
	10	1
	11	1
	12	1
	13	1
	14	1
	15	1
	16	0
	17	0
	18	0
	19	1
	20	0
	21	1
	22	1
	23	0
	24	0
	25	0
	26	1
	27	0
	28	0
	29	0
	30	1
	31	0
	32	1
	33	0
	34	1
	35	1
	36	0
	37	0
	38	0
	39	0
	40	0
	41	0
	42	1
	43	1
	44	0
	45	0
	46	1
	47	1
	48	0
	49	1
	50	0
	51	1
	52	1
	53	0
	54	1
	55	0
	56	1
	57	0
	58	0
	59	1
	60	0
	61	0
	62	0
	63	1
	64	0
	65	0
	66	0
	67	0
	68	0
	69	0
	70	1
	71	1
	72	1
	73	0
	74	0
	75	0
	76	1
	77	1
	78	1
	79	1
	80	0
	81	1
	82	0
	83	1
	84	1
	85	1
	86	0
	87	0
	88	0
	89	1
	90	1
	91	0
	92	1
	93	1
	94	1
	95	1
	96	0
	97	1
	98	1
	99	1
;

param d := 
	0	1
	1	1
	2	1
	3	1
	4	1
	5	0
	6	0
	7	1
	8	1
	9	1
	10	1
	11	1
	12	1
	13	1
	14	1
	15	1
	16	0
	17	1
	18	1
	19	1
	20	1
	21	1
	22	1
	23	0
	24	0
	25	1
	26	1
	27	0
	28	1
	29	1
	30	1
	31	0
	32	1
	33	0
	34	1
	35	1
	36	0
	37	1
	38	0
	39	1
	40	0
	41	0
	42	1
	43	1
	44	1
	45	1
	46	1
	47	1
	48	0
	49	1
	50	1
	51	1
	52	1
	53	0
	54	1
	55	1
	56	1
	57	0
	58	1
	59	1
	60	1
	61	1
	62	1
	63	1
	64	0
	65	1
	66	0
	67	1
	68	1
	69	0
	70	1
	71	1
	72	1
	73	0
	74	1
	75	1
	76	1
	77	1
	78	1
	79	1
	80	0
	81	1
	82	1
	83	1
	84	1
	85	1
	86	0
	87	1
	88	0
	89	1
	90	1
	91	0
	92	1
	93	1
	94	1
	95	1
	96	1
	97	1
	98	1
	99	1
;

param c := 
	0	0	0.0
	0	1	74.094536
	0	2	15.0
	0	3	77.62087
	0	4	54.451813
	0	5	70.0
	0	6	56.0803
	0	7	33.83785
	0	8	58.694122
	0	9	17.088007
	0	10	30.016663
	0	11	22.203604
	0	12	49.0408
	0	13	28.600698
	0	14	79.20227
	0	15	20.808653
	0	16	53.225933
	0	17	62.482
	0	18	24.758837
	0	19	46.09772
	0	20	83.48653
	0	21	56.32051
	0	22	70.035706
	0	23	56.008926
	0	24	34.0
	0	25	65.192024
	0	26	64.40497
	0	27	31.827662
	0	28	48.507732
	0	29	69.2026
	0	30	34.058773
	0	31	40.024994
	0	32	45.54119
	0	33	67.26812
	0	34	22.203604
	0	35	37.696156
	0	36	63.03174
	0	37	71.168816
	0	38	26.0
	0	39	40.718548
	0	40	57.801384
	0	41	38.052597
	0	42	68.24954
	0	43	22.36068
	0	44	43.56604
	0	45	32.202484
	0	46	44.82187
	0	47	72.780495
	0	48	39.217342
	0	49	61.294373
	0	50	69.18092
	0	51	52.95281
	0	52	16.03122
	0	53	44.65423
	0	54	34.98571
	0	55	28.653097
	0	56	18.027756
	0	57	18.867962
	0	58	29.15476
	0	59	5.8309517
	0	60	75.073296
	0	61	57.14018
	0	62	44.64303
	0	63	42.047592
	0	64	24.839485
	0	65	59.908264
	0	66	14.3178215
	0	67	33.24154
	0	68	73.34848
	0	69	25.019993
	0	70	25.70992
	0	71	56.32051
	0	72	9.848858
	0	73	61.294373
	0	74	55.443665
	0	75	35.057095
	0	76	54.405884
	0	77	67.601776
	0	78	66.309875
	0	79	67.601776
	0	80	56.302753
	0	81	49.819675
	0	82	53.851646
	0	83	44.687805
	0	84	48.76474
	0	85	53.75872
	0	86	16.27882
	0	87	48.373547
	0	88	57.14018
	0	89	31.764761
	0	90	22.472204
	0	91	67.46851
	0	92	29.698484
	0	93	61.351448
	0	94	37.64306
	0	95	25.495098
	0	96	58.189346
	0	97	64.327286
	0	98	27.202942
	0	99	73.78347
	1	0	74.094536
	1	1	0.0
	1	2	76.896034
	1	3	47.38143
	1	4	33.24154
	1	5	27.018513
	1	6	35.17101
	1	7	58.830265
	1	8	21.095022
	1	9	88.23831
	1	10	104.100914
	1	11	68.154236
	1	12	32.01562
	1	13	48.703182
	1	14	9.0
	1	15	78.160095
	1	16	41.0
	1	17	24.698177
	1	18	50.08992
	1	19	33.24154
	1	20	34.0
	1	21	80.411446
	1	22	27.658634
	1	23	66.21933
	1	24	79.51101
	1	25	22.36068
	1	26	28.178005
	1	27	87.66413
	1	28	75.42546
	1	29	26.400757
	1	30	107.00467
	1	31	72.0
	1	32	57.58472
	1	33	74.46476
	1	34	94.81033
	1	35	49.162994
	1	36	41.0
	1	37	88.86507
	1	38	62.625874
	1	39	34.058773
	1	40	16.40122
	1	41	48.02083
	1	42	24.41311
	1	43	93.8616
	1	44	67.23094
	1	45	95.33625
	1	46	30.083218
	1	47	85.23497
	1	48	76.02631
	1	49	93.214806
	1	50	74.323616
	1	51	50.219517
	1	52	82.87943
	1	53	29.529646
	1	54	81.49847
	1	55	102.7278
	1	56	76.843994
	1	57	76.38062
	1	58	66.0303
	1	59	68.26419
	1	60	13.038404
	1	61	43.416588
	1	62	33.600594
	1	63	65.06919
	1	64	98.005104
	1	65	24.5153
	1	66	88.32327
	1	67	51.62364
	1	68	41.109608
	1	69	95.85406
	1	70	50.32892
	1	71	49.335587
	1	72	76.05919
	1	73	13.0
	1	74	46.69047
	1	75	65.12296
	1	76	31.400637
	1	77	77.25283
	1	78	13.152946
	1	79	30.265491
	1	80	17.888544
	1	81	33.105892
	1	82	35.69314
	1	83	92.13577
	1	84	50.635956
	1	85	31.622776
	1	86	78.77182
	1	87	69.58448
	1	88	35.510563
	1	89	49.24429
	1	90	96.25487
	1	91	53.08484
	1	92	73.239334
	1	93	59.211487
	1	94	37.161808
	1	95	58.137768
	1	96	58.549126
	1	97	79.69943
	1	98	49.979996
	1	99	1.4142135
	2	0	15.0
	2	1	76.896034
	2	2	0.0
	2	3	71.021126
	2	4	63.1981
	2	5	67.357254
	2	6	52.34501
	2	7	47.010635
	2	8	58.66856
	2	9	28.160255
	2	10	31.906113
	2	11	11.661903
	2	12	47.707443
	2	13	28.231188
	2	14	80.49844
	2	15	5.8309517
	2	16	48.166378
	2	17	60.80296
	2	18	27.45906
	2	19	45.276924
	2	20	79.9062
	2	21	42.579338
	2	22	78.0
	2	23	44.72136
	2	24	19.313208
	2	25	63.82006
	2	26	61.7171
	2	27	17.20465
	2	28	35.128338
	2	29	66.70832
	2	30	40.16217
	2	31	27.0
	2	32	58.59181
	2	33	55.081757
	2	34	19.849434
	2	35	32.526913
	2	36	73.34848
	2	37	57.271286
	2	38	39.661064
	2	39	46.270943
	2	40	61.400326
	2	41	49.0408
	2	42	66.21933
	2	43	32.01562
	2	44	57.801384
	2	45	20.09975
	2	46	46.818798
	2	47	59.413803
	2	48	25.317978
	2	49	46.518814
	2	50	57.14018
	2	51	64.84597
	2	52	29.732138
	2	53	47.801674
	2	54	20.12461
	2	55	30.528675
	2	56	3.1622777
	2	57	33.83785
	2	58	43.416588
	2	59	16.643316
	2	60	75.29276
	2	61	67.911705
	2	62	52.0
	2	63	30.805843
	2	64	31.780497
	2	65	67.06713
	2	66	18.439089
	2	67	28.319605
	2	68	67.80118
	2	69	19.416489
	2	70	34.525352
	2	71	48.8774
	2	72	24.698177
	2	73	63.90618
	2	74	66.760765
	2	75	24.04163
	2	76	52.009613
	2	77	55.0
	2	78	71.38628
	2	79	76.05919
	2	80	59.135437
	2	81	58.077534
	2	82	50.24938
	2	83	29.732138
	2	84	41.340054
	2	85	62.072536
	2	86	2.0
	2	87	36.124783
	2	88	66.48308
	2	89	28.84441
	2	90	23.323807
	2	91	79.37884
	2	92	44.598206
	2	93	74.24958
	2	94	39.849716
	2	95	38.013157
	2	96	71.11259
	2	97	51.156624
	2	98	26.925823
	2	99	76.321686
	3	0	77.62087
	3	1	47.38143
	3	2	71.021126
	3	3	0.0
	3	4	69.641945
	3	5	20.615528
	3	6	24.0
	3	7	83.0542
	3	8	33.61547
	3	9	94.7048
	3	10	102.92716
	3	11	59.36329
	3	12	34.058773
	3	13	50.447994
	3	14	41.617306
	3	15	68.60029
	3	16	24.738634
	3	17	26.400757
	3	18	56.089214
	3	19	37.01351
	3	20	18.248287
	3	21	48.466484
	3	22	72.11102
	3	23	34.0
	3	24	61.554855
	3	25	26.925823
	3	26	21.931713
	3	27	72.138756
	3	28	48.02083
	3	29	21.400934
	3	30	110.47624
	3	31	50.32892
	3	32	88.11924
	3	33	35.35534
	3	34	90.697296
	3	35	39.92493
	3	36	81.437096
	3	37	50.159744
	3	38	82.1523
	3	39	55.578773
	3	40	47.853943
	3	41	74.54529
	3	42	23.600847
	3	43	99.92497
	3	44	95.33625
	3	45	82.02438
	3	46	44.407207
	3	47	45.01111
	3	48	54.67175
	3	49	60.728905
	3	50	34.132095
	3	51	85.16454
	3	52	92.34717
	3	53	47.67599
	3	54	63.03174
	3	55	101.54802
	3	56	69.065186
	3	57	90.02777
	3	58	87.0919
	3	59	73.05477
	3	60	34.828148
	3	61	80.99383
	3	62	61.611687
	3	63	43.13931
	3	64	101.51847
	3	65	63.953106
	3	66	88.588936
	3	67	44.38468
	3	68	6.708204
	3	69	89.20202
	3	70	66.1211
	3	71	22.203604
	3	72	84.77028
	3	73	43.908997
	3	74	83.1685
	3	75	48.270073
	3	76	28.160255
	3	77	38.327538
	3	78	56.0357
	3	79	73.57309
	3	80	44.777225
	3	81	66.09841
	3	82	26.019224
	3	83	69.339745
	3	84	29.681644
	3	85	67.41662
	3	86	72.11102
	3	87	42.43819
	3	88	73.53911
	3	89	46.173584
	3	90	94.33981
	3	91	93.62158
	3	92	93.34345
	3	93	96.462425
	3	94	48.0
	3	95	77.10383
	3	96	94.641426
	3	97	42.953465
	3	98	51.662365
	3	99	45.96738
	4	0	54.451813
	4	1	33.24154
	4	2	63.1981
	4	3	69.641945
	4	4	0.0
	4	5	50.447994
	4	6	48.02083
	4	7	28.42534
	4	8	36.05551
	4	9	64.25729
	4	10	82.96987
	4	11	58.940647
	4	12	38.600517
	4	13	40.311287
	4	14	41.976185
	4	15	66.75328
	4	16	51.40039
	4	17	43.32436
	4	18	37.363083
	4	19	36.878178
	4	20	62.39391
	4	21	84.31489
	4	22	15.811388
	4	23	73.661385
	4	24	73.68175
	4	25	43.416588
	4	26	47.759815
	4	27	78.44743
	4	28	77.175125
	4	29	49.47727
	4	30	82.85529
	4	31	70.66116
	4	32	24.596748
	4	33	84.85281
	4	34	76.655075
	4	35	48.82622
	4	36	12.727922
	4	37	96.67471
	4	38	34.48188
	4	39	19.723083
	4	40	22.36068
	4	41	18.35756
	4	42	47.296936
	4	43	69.46222
	4	44	34.48188
	4	45	83.294655
	4	46	28.319605
	4	47	94.847244
	4	48	73.409805
	4	49	95.38344
	4	50	85.58621
	4	51	17.117243
	4	52	57.77543
	4	53	24.758837
	4	54	75.58439
	4	55	81.7435
	4	56	64.49806
	4	57	49.648766
	4	58	36.40055
	4	59	49.162994
	4	60	43.046486
	4	61	11.401754
	4	62	12.083046
	4	63	66.037865
	4	64	74.672615
	4	65	8.944272
	4	66	68.24954
	4	67	48.373547
	4	68	62.968246
	4	69	79.22752
	4	70	29.017237
	4	71	60.440052
	4	72	52.49762
	4	73	27.166155
	4	74	14.035668
	4	75	62.609905
	4	76	43.046486
	4	77	87.0
	4	78	20.248457
	4	79	13.152946
	4	80	25.0
	4	81	5.3851647
	4	82	46.872166
	4	83	87.28116
	4	84	57.280014
	4	85	2.236068
	4	86	65.192024
	4	87	72.67049
	4	88	4.2426405
	4	89	44.294468
	4	90	76.48529
	4	91	24.186773
	4	92	43.27817
	4	93	27.294687
	4	94	30.232433
	4	95	31.38471
	4	96	26.019224
	4	97	87.32124
	4	98	40.853397
	4	99	33.955853
	5	0	70.0
	5	1	27.018513
	5	2	67.357254
	5	3	20.615528
	5	4	50.447994
	5	5	0.0
	5	6	15.264338
	5	7	67.74216
	5	8	15.0
	5	9	86.53323
	5	10	98.31073
	5	11	56.400356
	5	12	21.095022
	5	13	41.400482
	5	14	22.472204
	5	15	66.61081
	5	16	20.615528
	5	17	8.246211
	5	18	45.79301
	5	19	24.186773
	5	20	13.928389
	5	21	58.034473
	5	22	51.62364
	5	23	43.0
	5	24	63.560993
	5	25	7.071068
	5	26	5.656854
	5	27	73.3553
	5	28	54.74486
	5	29	1.0
	5	30	104.019226
	5	31	53.75872
	5	32	71.00704
	5	33	49.24429
	5	34	87.04597
	5	35	35.0
	5	36	61.68468
	5	37	64.132675
	5	38	68.41052
	5	39	39.319206
	5	40	28.160255
	5	41	58.137768
	5	42	3.1622777
	5	43	92.086914
	5	44	79.15807
	5	45	82.492424
	5	46	28.86174
	5	47	59.908264
	5	48	58.189346
	5	49	71.02816
	5	50	48.76474
	5	51	66.75328
	5	52	82.85529
	5	53	31.400637
	5	54	65.39113
	5	55	96.89685
	5	56	66.21933
	5	57	78.79086
	5	58	73.00685
	5	59	64.63745
	5	60	15.231546
	5	61	61.846584
	5	62	44.011364
	5	63	46.173584
	5	64	94.81033
	5	65	44.011364
	5	66	82.87943
	5	67	39.051247
	5	68	14.142136
	5	69	86.683334
	5	70	52.810986
	5	71	26.076809
	5	72	75.29276
	5	73	23.769728
	5	74	64.327286
	5	75	48.754486
	5	76	15.6205
	5	77	52.17279
	5	78	35.510563
	5	79	53.235325
	5	80	25.495098
	5	81	47.518417
	5	82	17.20465
	5	83	74.330345
	5	84	30.364452
	5	85	48.270073
	5	86	68.88396
	5	87	48.6621
	5	88	54.120235
	5	89	38.8973
	5	90	89.80534
	5	91	74.0
	5	92	79.81228
	5	93	77.665955
	5	94	34.539833
	5	95	63.324562
	5	96	76.11833
	5	97	55.443665
	5	98	42.80187
	5	99	25.612497
	6	0	56.0803
	6	1	35.17101
	6	2	52.34501
	6	3	24.0
	6	4	48.02083
	6	5	15.264338
	6	6	0.0
	6	7	59.07622
	6	8	14.764823
	6	9	72.94518
	6	10	83.630135
	6	11	41.231056
	6	12	10.198039
	6	13	27.730848
	6	14	34.0
	6	15	51.40039
	6	16	6.0
	6	17	11.0
	6	18	32.89377
	6	19	13.038404
	6	20	27.658634
	6	21	45.39824
	6	22	53.814495
	6	23	31.04835
	6	24	48.466484
	6	25	14.035668
	6	26	9.848858
	6	27	58.137768
	6	28	41.01219
	6	29	14.764823
	6	30	89.87213
	6	31	39.051247
	6	32	64.53681
	6	33	39.824615
	6	34	72.12489
	6	35	19.849434
	6	36	60.464867
	6	37	53.851646
	6	38	58.21512
	6	39	32.01562
	6	40	28.319605
	6	41	50.803543
	6	42	14.866069
	6	43	78.39005
	6	44	71.44928
	6	45	67.23094
	6	46	20.880613
	6	47	50.537113
	6	48	43.416588
	6	49	58.30952
	6	50	39.962482
	6	51	62.39391
	6	52	69.856995
	6	53	24.351591
	6	54	50.32892
	6	55	82.219215
	6	56	51.088158
	6	57	66.760765
	6	58	63.126858
	6	59	51.0
	6	60	27.073973
	6	61	59.05929
	6	62	38.626415
	6	63	31.575306
	6	64	80.70936
	6	65	43.931767
	6	66	68.41052
	6	67	24.04163
	6	68	18.248287
	6	69	71.5891
	6	70	42.190044
	6	71	14.3178215
	6	72	62.241467
	6	73	26.076809
	6	74	60.835846
	6	75	33.61547
	6	76	5.0
	6	77	42.48529
	6	78	38.832977
	6	79	54.451813
	6	80	24.758837
	6	81	43.829212
	6	82	2.236068
	6	83	59.665737
	6	84	16.03122
	6	85	45.79301
	6	86	53.814495
	6	87	35.0
	6	88	52.153618
	6	89	24.41311
	6	90	75.073296
	6	91	72.20111
	6	92	69.46222
	6	93	73.92564
	6	94	24.0
	6	95	53.15073
	6	96	71.867935
	6	97	44.598206
	6	98	29.068884
	6	99	33.955853
	7	0	33.83785
	7	1	58.830265
	7	2	47.010635
	7	3	83.0542
	7	4	28.42534
	7	5	67.74216
	7	6	59.07622
	7	7	0.0
	7	8	52.95281
	7	9	38.327538
	7	10	58.137768
	7	11	48.104053
	7	12	49.010204
	7	13	37.161808
	7	14	66.64833
	7	15	52.153618
	7	16	59.682495
	7	17	59.5399
	7	18	31.304953
	7	19	46.043457
	7	20	81.394104
	7	21	80.80223
	7	22	43.56604
	7	23	74.68601
	7	24	63.126858
	7	25	61.0
	7	26	63.28507
	7	27	64.14047
	7	28	72.8011
	7	29	66.75328
	7	30	56.044624
	7	31	64.66065
	7	32	11.7046995
	7	33	86.764046
	7	34	54.589375
	7	35	49.396355
	7	36	32.280025
	7	37	95.131485
	7	38	8.062258
	7	39	28.442924
	7	40	43.863426
	7	41	10.816654
	7	42	64.93843
	7	43	42.953465
	7	44	13.0
	7	45	65.9242
	7	46	39.115215
	7	47	95.015785
	7	48	65.795135
	7	49	89.140335
	7	50	88.14193
	7	51	20.024984
	7	52	31.400637
	7	53	36.345562
	7	54	64.66065
	7	55	57.07889
	7	56	49.396355
	7	57	22.561028
	7	58	8.062258
	7	59	30.413813
	7	60	65.551506
	7	61	25.96151
	7	62	25.495098
	7	63	62.968246
	7	64	48.6621
	7	65	36.769554
	7	66	45.276924
	7	67	46.518814
	7	68	77.0
	7	69	58.249462
	7	70	18.384777
	7	71	66.94027
	7	72	28.071337
	7	73	48.8467
	7	74	23.345236
	7	75	57.201397
	7	76	55.0
	7	77	88.11924
	7	78	47.010635
	7	79	40.311287
	7	80	44.598206
	7	81	26.24881
	7	82	57.14018
	7	83	75.802376
	7	84	61.03278
	7	85	29.0
	7	86	48.76474
	7	87	70.178345
	7	88	29.15476
	7	89	42.544094
	7	90	53.08484
	7	91	34.132095
	7	92	14.866069
	7	93	27.513634
	7	94	35.128338
	7	95	9.219544
	7	96	24.351591
	7	97	86.608315
	7	98	36.67424
	7	99	59.16925
	8	0	58.694122
	8	1	21.095022
	8	2	58.66856
	8	3	33.61547
	8	4	36.05551
	8	5	15.0
	8	6	14.764823
	8	7	52.95281
	8	8	0.0
	8	9	74.518456
	8	10	88.09086
	8	11	48.8467
	8	12	11.401754
	8	13	30.805843
	8	14	22.135944
	8	15	59.093147
	8	16	20.248457
	8	17	7.28011
	8	18	33.941124
	8	19	13.416408
	8	20	28.442924
	8	21	59.439045
	8	22	39.623226
	8	23	45.54119
	8	24	59.03389
	8	25	8.062258
	8	26	11.7046995
	8	27	67.72001
	8	28	54.33231
	8	29	14.0
	8	30	92.65527
	8	31	51.0392
	8	32	56.008926
	8	33	54.589375
	8	34	77.665955
	8	35	28.635643
	8	36	47.853943
	8	37	68.54196
	8	38	54.08327
	8	39	24.5153
	8	40	14.422205
	8	41	43.185646
	8	42	12.0415945
	8	43	80.1561
	8	44	64.195015
	8	45	75.96052
	8	46	14.764823
	8	47	65.29931
	8	48	55.145264
	8	49	72.18033
	8	50	54.708317
	8	51	51.971146
	8	52	70.21396
	8	53	16.763054
	8	54	61.0
	8	55	86.683334
	8	56	58.137768
	8	57	65.36819
	8	58	58.5235
	8	59	53.037724
	8	60	16.643316
	8	61	47.434166
	8	62	29.017237
	8	63	44.011364
	8	64	83.450584
	8	65	30.528675
	8	66	72.34639
	8	67	31.622776
	8	68	26.925823
	8	69	78.03204
	8	70	38.910152
	8	71	29.068884
	8	72	62.801273
	8	73	11.401754
	8	74	49.729267
	8	75	44.407207
	8	76	10.440307
	8	77	57.245087
	8	78	24.207438
	8	79	40.60788
	8	80	11.18034
	8	81	32.75668
	8	82	14.866069
	8	83	71.34424
	8	84	29.614185
	8	85	33.83785
	8	86	60.41523
	8	87	48.507732
	8	88	39.92493
	8	89	29.966648
	8	90	79.81228
	8	91	60.00833
	8	92	65.459915
	8	93	63.06346
	8	94	21.400934
	8	95	49.0408
	8	96	61.39218
	8	97	59.236813
	8	98	32.202484
	8	99	20.024984
	9	0	17.088007
	9	1	88.23831
	9	2	28.160255
	9	3	94.7048
	9	4	64.25729
	9	5	86.53323
	9	6	72.94518
	9	7	38.327538
	9	8	74.518456
	9	9	0.0
	9	10	20.024984
	9	11	38.118237
	9	12	65.459915
	9	13	45.276924
	9	14	94.11163
	9	15	33.54102
	9	16	70.26379
	9	17	78.81624
	9	18	40.804413
	9	19	62.425957
	9	20	100.16985
	9	21	70.71068
	9	22	80.05623
	9	23	72.1734
	9	24	47.07441
	9	25	81.400246
	9	26	80.99383
	9	27	41.62932
	9	28	63.28507
	9	29	85.70297
	9	30	18.867962
	9	31	55.081757
	9	32	49.010204
	9	33	83.0
	9	34	20.615528
	9	35	54.781384
	9	36	70.40597
	9	37	85.32877
	9	38	30.594116
	9	39	54.20332
	9	40	71.8401
	9	41	46.173584
	9	42	84.6286
	9	43	5.656854
	9	44	43.56604
	9	45	37.802116
	9	46	60.1415
	9	47	87.57283
	9	48	53.460266
	9	49	73.68175
	9	50	85.00588
	9	51	58.30952
	9	52	7.0
	9	53	59.413803
	9	54	47.539455
	9	55	19.104973
	9	56	31.257
	9	57	16.0
	9	58	31.016125
	9	59	21.954498
	9	60	90.55385
	9	61	64.132675
	9	62	56.435802
	9	63	58.137768
	9	64	10.440307
	9	65	71.11259
	9	66	12.206555
	9	67	50.32892
	9	68	90.37699
	9	69	25.495098
	9	70	38.013157
	9	71	73.37575
	9	72	12.206555
	9	73	75.82216
	9	74	61.66036
	9	75	51.156624
	9	76	71.021126
	9	77	83.0542
	9	78	79.07591
	9	79	77.16217
	9	80	70.837845
	9	81	60.41523
	9	82	70.71068
	9	83	55.03635
	9	84	65.802734
	9	85	64.07808
	9	86	28.442924
	9	87	64.0
	9	88	66.09841
	9	89	48.754486
	9	90	17.0
	9	91	72.02777
	9	92	27.45906
	9	93	64.12488
	9	94	53.15073
	9	95	32.89377
	9	96	61.073727
	9	97	79.30952
	9	98	43.908997
	9	99	88.09086
	10	0	30.016663
	10	1	104.100914
	10	2	31.906113
	10	3	102.92716
	10	4	82.96987
	10	5	98.31073
	10	6	83.630135
	10	7	58.137768
	10	8	88.09086
	10	9	20.024984
	10	10	0.0
	10	11	43.56604
	10	12	77.83315
	10	13	57.384666
	10	14	109.041275
	10	15	34.928497
	10	16	79.81228
	10	17	91.24144
	10	18	54.405884
	10	19	75.073296
	10	20	111.28792
	10	21	69.72087
	10	22	98.762344
	10	23	75.272835
	10	24	46.09772
	10	25	94.11163
	10	26	92.65527
	10	27	37.12142
	10	28	63.560993
	10	29	97.59098
	10	30	11.7046995
	10	31	56.61272
	10	32	69.0
	10	33	84.40379
	10	34	12.649111
	10	35	64.03124
	10	36	89.94443
	10	37	83.15047
	10	38	50.24938
	10	39	70.66116
	10	40	87.81799
	10	41	65.30697
	10	42	96.87621
	10	43	16.763054
	10	44	63.505905
	10	45	29.15476
	10	46	74.63243
	10	47	86.579445
	10	48	53.600372
	10	49	69.065186
	10	50	86.58522
	10	51	78.160095
	10	52	27.018513
	10	53	74.62573
	10	54	45.705578
	10	55	1.4142135
	10	56	34.0
	10	57	36.013885
	10	58	51.0
	10	59	35.846897
	10	60	104.63747
	10	61	83.725746
	10	62	74.094536
	10	63	61.846584
	10	64	10.770329
	10	65	89.19641
	10	66	15.811388
	10	67	59.665737
	10	68	99.62429
	10	69	16.03122
	10	70	55.154327
	10	71	80.77747
	10	72	30.594116
	10	73	91.26884
	10	74	81.394104
	10	75	55.461697
	10	76	82.73451
	10	77	83.74366
	10	78	96.17692
	10	79	96.04687
	10	80	86.28442
	10	81	78.74643
	10	82	81.46779
	10	83	49.09175
	10	84	73.24616
	10	85	82.565125
	10	86	30.88689
	10	87	66.09841
	10	88	85.146935
	10	89	59.413803
	10	90	8.602325
	10	91	92.00543
	10	92	47.38143
	10	93	84.14868
	10	94	67.424034
	10	95	51.971146
	10	96	81.09871
	10	97	79.07591
	10	98	55.97321
	10	99	103.773796
	11	0	22.203604
	11	1	68.154236
	11	2	11.661903
	11	3	59.36329
	11	4	58.940647
	11	5	56.400356
	11	6	41.231056
	11	7	48.104053
	11	8	48.8467
	11	9	38.118237
	11	10	43.56604
	11	11	0.0
	11	12	37.576588
	11	13	20.024984
	11	14	70.93659
	11	15	10.29563
	11	16	36.769554
	11	17	50.24938
	11	18	21.587032
	11	19	35.468296
	11	20	68.622154
	11	21	34.539833
	11	22	72.691124
	11	23	34.058773
	11	24	15.264338
	11	25	53.338543
	11	26	50.803543
	11	27	20.0
	11	28	26.57066
	11	29	55.803226
	11	30	51.62364
	11	31	18.027756
	11	32	59.03389
	11	33	45.099888
	11	34	31.400637
	11	35	21.400934
	11	36	70.2282
	11	37	49.396355
	11	38	41.868843
	11	39	40.311287
	11	40	53.460266
	11	41	47.507893
	11	42	55.470715
	11	43	42.579338
	11	44	60.207973
	11	45	27.202942
	11	46	38.470768
	11	47	50.695168
	11	48	18.027756
	11	49	41.231056
	11	50	47.042534
	11	51	63.631752
	11	52	38.209946
	11	53	40.112343
	11	54	17.0
	11	55	42.190044
	11	56	9.899495
	11	57	40.16217
	11	58	46.400433
	11	59	20.615528
	11	60	65.30697
	11	61	65.39113
	11	62	47.07441
	11	63	20.024984
	11	64	43.011627
	11	65	61.400326
	11	66	29.732138
	11	67	17.492855
	11	68	56.22277
	11	69	30.413813
	11	70	32.24903
	11	71	37.215588
	11	72	31.780497
	11	73	55.31727
	11	74	64.84597
	11	75	13.038404
	11	76	41.340054
	11	77	45.39824
	11	78	64.12488
	11	79	71.19691
	11	80	50.803543
	11	81	53.600372
	11	82	39.20459
	11	83	28.635643
	11	84	29.681644
	11	85	57.48913
	11	86	12.806249
	11	87	26.172504
	11	88	62.641838
	11	89	18.973665
	11	90	34.98571
	11	91	77.82673
	11	92	49.24429
	11	93	74.06078
	11	94	32.06244
	11	95	38.8973
	11	96	71.02816
	11	97	42.201897
	11	98	19.0
	11	99	67.44627
	12	0	49.0408
	12	1	32.01562
	12	2	47.707443
	12	3	34.058773
	12	4	38.600517
	12	5	21.095022
	12	6	10.198039
	12	7	49.010204
	12	8	11.401754
	12	9	65.459915
	12	10	77.83315
	12	11	37.576588
	12	12	0.0
	12	13	20.518284
	12	14	33.526108
	12	15	47.853943
	12	16	12.806249
	12	17	13.453624
	12	18	24.698177
	12	19	3.1622777
	12	20	34.88553
	12	21	49.648766
	12	22	46.043457
	12	23	36.71512
	12	24	47.67599
	12	25	16.27882
	12	26	15.652476
	12	27	56.32051
	12	28	43.931767
	12	29	20.248457
	12	30	83.09633
	12	31	40.012497
	12	32	54.34151
	12	33	47.010635
	12	34	67.00746
	12	35	17.262676
	12	36	51.224995
	12	37	60.033325
	12	38	48.507732
	12	39	21.84033
	12	40	21.023796
	12	41	40.60788
	12	42	19.209373
	12	43	71.02816
	12	44	61.294373
	12	45	64.62198
	12	46	10.770329
	12	47	57.428215
	12	48	44.011364
	12	49	62.0967
	12	50	47.507893
	12	51	52.392746
	12	52	61.77378
	12	53	14.3178215
	12	54	49.648766
	12	55	76.41989
	12	56	47.010635
	12	57	57.939625
	12	58	53.338543
	12	59	43.60046
	12	60	27.730848
	12	61	49.396355
	12	62	28.635643
	12	63	33.24154
	12	64	73.87828
	12	65	35.468296
	12	66	62.225395
	12	67	20.248457
	12	68	28.01785
	12	69	67.11929
	12	70	32.55764
	12	71	21.931713
	12	72	54.20332
	12	73	20.396078
	12	74	51.0
	12	75	33.13608
	12	76	6.0827627
	12	77	49.40648
	12	78	32.31099
	12	79	46.227695
	12	80	17.464249
	12	81	34.132095
	12	82	8.5440035
	12	83	60.133186
	12	84	20.12461
	12	85	36.40055
	12	86	49.396355
	12	87	38.327538
	12	88	42.80187
	12	89	18.867962
	12	90	69.426216
	12	91	62.681736
	12	92	59.841457
	12	93	63.97656
	12	94	14.142136
	12	95	43.416588
	12	96	61.846584
	12	97	50.606323
	12	98	21.931713
	12	99	31.06445
	13	0	28.600698
	13	1	48.703182
	13	2	28.231188
	13	3	50.447994
	13	4	40.311287
	13	5	41.400482
	13	6	27.730848
	13	7	37.161808
	13	8	30.805843
	13	9	45.276924
	13	10	57.384666
	13	11	20.024984
	13	12	20.518284
	13	13	0.0
	13	14	52.35456
	13	15	29.614185
	13	16	25.70992
	13	17	33.970577
	13	18	6.0827627
	13	19	17.691807
	13	20	54.91812
	13	21	45.276924
	13	22	53.15073
	13	23	37.589893
	13	24	33.734257
	13	25	36.769554
	13	26	35.805027
	13	27	40.012497
	13	28	37.64306
	13	29	40.60788
	13	30	62.625874
	13	31	30.528675
	13	32	46.043457
	13	33	49.648766
	13	34	46.872166
	13	35	12.369317
	13	36	52.35456
	13	37	58.898216
	13	38	33.734257
	13	39	20.880613
	13	40	33.54102
	13	41	32.649654
	13	42	39.698868
	13	43	50.77401
	13	44	50.159744
	13	45	46.872166
	13	46	18.681541
	13	47	58.249462
	13	48	33.105892
	13	49	55.470715
	13	50	50.990196
	13	51	48.104053
	13	52	42.154476
	13	53	20.09975
	13	54	35.69314
	13	55	55.97321
	13	56	28.160255
	13	57	39.623226
	13	58	38.832977
	13	59	23.323807
	13	60	47.434166
	13	61	48.259712
	13	62	28.231188
	13	63	26.870058
	13	64	53.413483
	13	65	41.773197
	13	66	41.725292
	13	67	9.433981
	13	68	45.54119
	13	69	47.41308
	13	70	18.788294
	13	71	31.016125
	13	72	34.539833
	13	73	35.735138
	13	74	48.414875
	13	75	22.472204
	13	76	25.806976
	13	77	51.10773
	13	78	44.102154
	13	79	51.92302
	13	80	31.04835
	13	81	34.928497
	13	82	25.495098
	13	83	47.296936
	13	84	24.33105
	13	85	38.626415
	13	86	30.083218
	13	87	33.970577
	13	88	44.28318
	13	89	5.3851647
	13	90	49.0408
	13	91	61.400326
	13	92	44.181442
	13	93	59.413803
	13	94	12.0415945
	13	95	29.12044
	13	96	56.63921
	13	97	50.0
	13	98	1.4142135
	13	99	48.104053
	14	0	79.20227
	14	1	9.0
	14	2	80.49844
	14	3	41.617306
	14	4	41.976185
	14	5	22.472204
	14	6	34.0
	14	7	66.64833
	14	8	22.135944
	14	9	94.11163
	14	10	109.041275
	14	11	70.93659
	14	12	33.526108
	14	13	52.35456
	14	14	0.0
	14	15	81.154175
	14	16	40.0
	14	17	23.0
	14	18	54.644306
	14	19	35.468296
	14	20	26.400757
	14	21	79.22752
	14	22	36.496574
	14	23	64.49806
	14	24	81.02469
	14	25	20.024984
	14	26	25.317978
	14	27	89.84431
	14	28	75.00667
	14	29	22.135944
	14	30	112.698715
	14	31	72.56032
	14	32	66.09841
	14	33	71.568146
	14	34	99.12618
	14	35	50.695168
	14	36	50.0
	14	37	86.34813
	14	38	69.89278
	14	39	40.459858
	14	40	23.021729
	14	41	55.9017
	14	42	20.615528
	14	43	99.764725
	14	44	75.61085
	14	45	98.0816
	14	46	34.4093
	14	47	82.28001
	14	48	76.79192
	14	49	92.19544
	14	50	71.168816
	14	51	59.03389
	14	52	89.106674
	14	53	34.713108
	14	54	82.9759
	14	55	107.647575
	14	56	80.11242
	14	57	83.09633
	14	58	73.57309
	14	59	73.409805
	14	60	7.28011
	14	61	52.34501
	14	62	41.18252
	14	63	65.27634
	14	64	103.58572
	14	65	33.37664
	14	66	93.230896
	14	67	53.75872
	14	68	35.846897
	14	69	99.764725
	14	70	56.63921
	14	71	47.38143
	14	72	82.036575
	14	73	18.439089
	14	74	55.578773
	14	75	66.287254
	14	76	31.257
	14	77	74.46476
	14	78	22.090721
	14	79	39.20459
	14	80	23.345236
	14	81	41.4367
	14	82	35.057095
	14	83	93.05912
	14	84	50.01
	14	85	40.261642
	14	86	82.29216
	14	87	69.0
	14	88	44.407207
	14	89	52.0
	14	90	100.95544
	14	91	62.072536
	14	92	80.77747
	14	93	68.18358
	14	94	41.617306
	14	95	65.21503
	14	96	67.47592
	14	97	77.46612
	14	98	53.712196
	14	99	8.062258
	15	0	20.808653
	15	1	78.160095
	15	2	5.8309517
	15	3	68.60029
	15	4	66.75328
	15	5	66.61081
	15	6	51.40039
	15	7	52.153618
	15	8	59.093147
	15	9	33.54102
	15	10	34.928497
	15	11	10.29563
	15	12	47.853943
	15	13	29.614185
	15	14	81.154175
	15	15	0.0
	15	16	46.75468
	15	17	60.53924
	15	18	30.0
	15	19	45.694637
	15	20	78.64477
	15	21	37.215588
	15	22	81.154175
	15	23	40.5216
	15	24	13.601471
	15	25	63.631752
	15	26	61.03278
	15	27	12.083046
	15	28	30.0
	15	29	66.0303
	15	30	44.14748
	15	31	22.203604
	15	32	63.631752
	15	33	50.358715
	15	34	22.36068
	15	35	31.622776
	15	36	77.36925
	15	37	51.78803
	15	38	45.0
	15	39	49.0
	15	40	63.15061
	15	41	53.488316
	15	42	65.734314
	15	43	37.054016
	15	44	63.25346
	15	45	17.262676
	15	46	48.270073
	15	47	54.147945
	15	48	20.024984
	15	49	40.718548
	15	50	52.46904
	15	51	69.46222
	15	52	35.468296
	15	53	49.648766
	15	54	14.3178215
	15	55	33.61547
	15	56	2.828427
	15	57	39.661064
	15	58	48.9183
	15	59	22.022715
	15	60	75.58439
	15	61	72.12489
	15	62	55.226807
	15	63	26.925823
	15	64	36.221542
	15	65	70.028564
	15	66	23.021729
	15	67	27.784887
	15	68	65.8559
	15	69	20.615528
	15	70	38.600517
	15	71	46.400433
	15	72	30.528675
	15	73	65.25335
	15	74	71.168816
	15	75	20.59126
	15	76	51.62364
	15	77	50.08992
	15	78	73.552704
	15	79	79.40403
	15	80	60.63827
	15	81	61.522354
	15	82	49.40648
	15	83	24.04163
	15	84	39.051247
	15	85	65.490456
	15	86	5.0990195
	15	87	31.575306
	15	88	70.21396
	15	89	29.15476
	15	90	26.57066
	15	91	83.9345
	15	92	50.32892
	15	93	79.17702
	15	94	41.59327
	15	95	43.046486
	15	96	76.05919
	15	97	46.010868
	15	98	28.442924
	15	99	77.491936
	16	0	53.225933
	16	1	41.0
	16	2	48.166378
	16	3	24.738634
	16	4	51.40039
	16	5	20.615528
	16	6	6.0
	16	7	59.682495
	16	8	20.248457
	16	9	70.26379
	16	10	79.81228
	16	11	36.769554
	16	12	12.806249
	16	13	25.70992
	16	14	40.0
	16	15	46.75468
	16	16	0.0
	16	17	17.0
	16	18	31.400637
	16	19	14.764823
	16	20	31.890438
	16	21	39.45884
	16	22	58.412327
	16	23	25.298222
	16	24	42.953465
	16	25	20.024984
	16	26	15.524175
	16	27	52.83938
	16	28	35.014282
	16	29	20.248457
	16	30	86.608315
	16	31	33.24154
	16	32	66.09841
	16	33	34.669872
	16	34	68.0147
	16	35	15.811388
	16	36	64.03124
	16	37	48.332184
	16	38	58.00862
	16	39	34.0147
	16	40	33.01515
	16	41	52.201534
	16	42	20.615528
	16	43	75.58439
	16	44	72.36712
	16	45	62.1289
	16	46	23.323807
	16	47	45.276924
	16	48	37.64306
	16	49	52.34501
	16	50	35.0
	16	51	64.84597
	16	52	67.6757
	16	53	26.925823
	16	54	44.777225
	16	55	78.40918
	16	56	46.66905
	16	57	65.30697
	16	58	63.03174
	16	59	48.466484
	16	60	33.06055
	16	61	62.1289
	16	62	41.18252
	16	63	25.70992
	16	64	77.52419
	16	65	48.104053
	16	66	64.899925
	16	67	20.248457
	16	68	20.12461
	16	69	67.17886
	16	70	42.047592
	16	71	9.219544
	16	72	60.083275
	16	73	31.304953
	16	74	63.631752
	16	75	28.178005
	16	76	9.848858
	16	77	37.215588
	16	78	43.908997
	16	79	58.796257
	16	80	29.410883
	16	81	46.872166
	16	82	5.3851647
	16	83	53.851646
	16	84	10.049875
	16	85	49.20366
	16	86	49.517673
	16	87	29.0
	16	88	55.605755
	16	89	21.540659
	16	90	71.21797
	16	91	75.45197
	16	92	69.02898
	16	93	76.47875
	16	94	24.738634
	16	95	53.037724
	16	96	74.24958
	16	97	39.0
	16	98	26.925823
	16	99	39.812057
	17	0	62.482
	17	1	24.698177
	17	2	60.80296
	17	3	26.400757
	17	4	43.32436
	17	5	8.246211
	17	6	11.0
	17	7	59.5399
	17	8	7.28011
	17	9	78.81624
	17	10	91.24144
	17	11	50.24938
	17	12	13.453624
	17	13	33.970577
	17	14	23.0
	17	15	60.53924
	17	16	17.0
	17	17	0.0
	17	18	38.013157
	17	19	16.40122
	17	20	22.135944
	17	21	56.32051
	17	22	46.227695
	17	23	41.773197
	17	24	58.821766
	17	25	3.1622777
	17	26	4.472136
	17	27	68.154236
	17	28	52.009613
	17	29	7.28011
	17	30	96.540146
	17	31	49.819675
	17	32	63.07139
	17	33	49.76947
	17	34	80.280754
	17	35	29.068884
	17	36	55.03635
	17	37	64.195015
	17	38	60.166435
	17	39	31.144823
	17	40	21.470911
	17	41	50.039986
	17	42	5.8309517
	17	43	84.40379
	17	44	71.063354
	17	45	76.922035
	17	46	20.615528
	17	47	60.53924
	17	48	54.129475
	17	49	69.260376
	17	50	49.658836
	17	51	59.22837
	17	52	74.94665
	17	53	23.194826
	17	54	60.728905
	17	55	89.827614
	17	56	59.908264
	17	57	70.68239
	17	58	64.7611
	17	59	57.00877
	17	60	16.124516
	17	61	54.708317
	17	62	36.124783
	17	63	42.426407
	17	64	87.32124
	17	65	37.589893
	17	66	75.66373
	17	67	32.75668
	17	68	19.697716
	17	69	80.21222
	17	70	44.598206
	17	71	24.738634
	17	72	67.41662
	17	73	17.804493
	17	74	57.00877
	17	75	43.965897
	17	76	8.944272
	17	77	52.554733
	17	78	30.413813
	17	79	47.434166
	17	80	18.384777
	17	81	40.024994
	17	82	12.165525
	17	83	70.40597
	17	84	27.018513
	17	85	41.109608
	17	86	62.425957
	17	87	46.0
	17	88	47.169907
	17	89	32.01562
	17	90	82.80701
	17	91	67.23094
	17	92	71.568146
	17	93	70.34202
	17	94	26.400757
	17	95	55.081757
	17	96	68.65858
	17	97	55.081757
	17	98	35.383614
	17	99	23.409399
	18	0	24.758837
	18	1	50.08992
	18	2	27.45906
	18	3	56.089214
	18	4	37.363083
	18	5	45.79301
	18	6	32.89377
	18	7	31.304953
	18	8	33.941124
	18	9	40.804413
	18	10	54.405884
	18	11	21.587032
	18	12	24.698177
	18	13	6.0827627
	18	14	54.644306
	18	15	30.0
	18	16	31.400637
	18	17	38.013157
	18	18	0.0
	18	19	21.633308
	18	20	59.5399
	18	21	50.24938
	18	22	51.24451
	18	23	43.382023
	18	24	36.40055
	18	25	40.60788
	18	26	40.311287
	18	27	41.303753
	18	28	42.426407
	18	29	44.94441
	18	30	58.728188
	18	31	34.828148
	18	32	40.60788
	18	33	55.461697
	18	34	44.72136
	18	35	18.439089
	18	36	48.8467
	18	37	64.202805
	18	38	27.658634
	18	39	19.0
	18	40	34.176014
	18	41	27.58623
	18	42	43.829212
	18	43	46.400433
	18	44	44.28318
	18	45	47.095646
	18	46	20.248457
	18	47	63.812225
	18	48	36.891735
	18	49	59.816387
	18	50	56.859474
	18	51	43.416588
	18	52	37.12142
	18	53	20.615528
	18	54	38.27532
	18	55	53.009434
	18	56	28.071337
	18	57	33.955853
	18	58	32.75668
	18	59	19.104973
	18	60	50.32892
	18	61	44.294468
	18	62	25.495098
	18	63	32.01562
	18	64	49.517673
	18	65	40.04997
	18	66	38.600517
	18	67	15.231546
	18	68	50.96077
	18	69	45.88028
	18	70	13.038404
	18	71	37.054016
	18	72	29.529646
	18	73	37.12142
	18	74	44.102154
	18	75	26.907248
	18	76	30.413813
	18	77	56.82429
	18	78	43.931767
	18	79	49.648766
	18	80	32.202484
	18	81	32.01562
	18	82	30.675724
	18	83	49.979996
	18	84	30.413813
	18	85	35.902645
	18	86	29.427877
	18	87	39.20459
	18	88	41.109608
	18	89	11.401754
	18	90	46.32494
	18	91	57.14018
	18	92	38.118237
	18	93	54.48853
	18	94	13.038404
	18	95	23.086792
	18	96	51.62364
	18	97	55.470715
	18	98	5.3851647
	18	99	49.648766
	19	0	46.09772
	19	1	33.24154
	19	2	45.276924
	19	3	37.01351
	19	4	36.878178
	19	5	24.186773
	19	6	13.038404
	19	7	46.043457
	19	8	13.416408
	19	9	62.425957
	19	10	75.073296
	19	11	35.468296
	19	12	3.1622777
	19	13	17.691807
	19	14	35.468296
	19	15	45.694637
	19	16	14.764823
	19	17	16.40122
	19	18	21.633308
	19	19	0.0
	19	20	38.013157
	19	21	49.76947
	19	22	45.276924
	19	23	37.44329
	19	24	46.270943
	19	25	19.104973
	19	26	18.788294
	19	27	54.571056
	19	28	43.68066
	19	29	23.323807
	19	30	80.1561
	19	31	39.20459
	19	32	51.662365
	19	33	48.166378
	19	34	64.40497
	19	35	16.0
	19	36	49.57822
	19	37	60.74537
	19	38	45.39824
	19	39	19.313208
	19	40	20.880613
	19	41	37.85499
	19	42	22.203604
	19	43	68.007355
	19	44	58.420887
	19	45	62.625874
	19	46	8.602325
	19	47	58.412327
	19	48	43.046486
	19	49	61.983868
	19	50	48.79549
	19	51	50.08992
	19	52	58.66856
	19	53	12.206555
	19	54	48.259712
	19	55	73.661385
	19	56	44.72136
	19	57	54.781384
	19	58	50.24938
	19	59	40.60788
	19	60	30.016663
	19	61	47.434166
	19	62	26.41969
	19	63	32.75668
	19	64	70.93659
	19	65	34.4093
	19	66	59.413803
	19	67	18.439089
	19	68	31.06445
	19	69	64.66065
	19	70	29.427877
	19	71	23.600847
	19	72	51.10773
	19	73	21.023796
	19	74	48.8774
	19	75	32.0
	19	76	9.219544
	19	77	50.447994
	19	78	32.280025
	19	79	45.221676
	19	80	17.464249
	19	81	32.202484
	19	82	11.18034
	19	83	59.008472
	19	84	20.808653
	19	85	34.713108
	19	86	47.010635
	19	87	38.27532
	19	88	41.109608
	19	89	16.552946
	19	90	66.70832
	19	91	60.80296
	19	92	56.718605
	19	93	61.7171
	19	94	11.045361
	19	95	40.311287
	19	96	59.5063
	19	97	51.312767
	19	98	19.104973
	19	99	32.38827
	20	0	83.48653
	20	1	34.0
	20	2	79.9062
	20	3	18.248287
	20	4	62.39391
	20	5	13.928389
	20	6	27.658634
	20	7	81.394104
	20	8	28.442924
	20	9	100.16985
	20	10	111.28792
	20	11	68.622154
	20	12	34.88553
	20	13	54.91812
	20	14	26.400757
	20	15	78.64477
	20	16	31.890438
	20	17	22.135944
	20	18	59.5399
	20	19	38.013157
	20	20	0.0
	20	21	64.7611
	20	22	61.09828
	20	23	49.729267
	20	24	74.094536
	20	25	20.396078
	20	26	19.235384
	20	27	84.31489
	20	28	62.968246
	20	29	14.866069
	20	30	117.413795
	20	31	63.529522
	20	32	84.095184
	20	33	53.037724
	20	34	99.724625
	20	35	47.38143
	20	36	72.780495
	20	37	68.007355
	20	38	82.28001
	20	39	52.95281
	20	40	40.112343
	20	41	71.568146
	20	42	16.492422
	20	43	105.68822
	20	44	92.541885
	20	45	93.813644
	20	46	42.72002
	20	47	63.03174
	20	48	68.0
	20	49	77.46612
	20	50	52.0
	20	51	79.15807
	20	52	96.64885
	20	53	45.122055
	20	54	75.802376
	20	55	109.877205
	20	56	78.51752
	20	57	92.70383
	20	58	86.833176
	20	59	78.23043
	20	60	21.023796
	20	61	73.68175
	20	62	57.14018
	20	63	55.946404
	20	64	108.226616
	20	65	55.108982
	20	66	96.04687
	20	67	51.662365
	20	68	15.297058
	20	69	99.03535
	20	70	66.730804
	20	71	34.43835
	20	72	89.06739
	20	73	35.22783
	20	74	76.41989
	20	75	59.64059
	20	76	29.15476
	20	77	56.0357
	20	78	45.221676
	20	79	63.245552
	20	80	38.0
	20	81	60.033325
	20	82	29.832869
	20	83	83.67198
	20	84	40.496914
	20	85	60.299255
	20	86	81.32035
	20	87	57.00877
	20	88	65.76473
	20	89	52.009613
	20	90	102.7278
	20	91	85.146935
	20	92	93.680305
	20	93	89.6772
	20	94	48.466484
	20	95	77.201035
	20	96	88.362885
	20	97	60.299255
	20	98	56.302753
	20	99	32.649654
	21	0	56.32051
	21	1	80.411446
	21	2	42.579338
	21	3	48.466484
	21	4	84.31489
	21	5	58.034473
	21	6	45.39824
	21	7	80.80223
	21	8	59.439045
	21	9	70.71068
	21	10	69.72087
	21	11	34.539833
	21	12	49.648766
	21	13	45.276924
	21	14	79.22752
	21	15	37.215588
	21	16	39.45884
	21	17	56.32051
	21	18	50.24938
	21	19	49.76947
	21	20	64.7611
	21	21	0.0
	21	22	94.81033
	21	23	15.132746
	21	24	24.0
	21	25	59.211487
	21	26	54.037025
	21	27	32.75668
	21	28	8.062258
	21	29	58.00862
	21	30	80.224686
	21	31	16.552946
	21	32	90.78546
	21	33	16.40122
	21	34	57.31492
	21	35	35.510563
	21	36	96.83491
	21	37	14.866069
	21	38	75.47185
	21	39	64.63745
	21	40	70.5762
	21	41	77.7946
	21	42	59.008472
	21	43	74.24284
	21	44	93.47727
	21	45	42.059483
	21	46	57.245087
	21	47	17.0
	21	48	17.262676
	21	49	13.0
	21	50	18.601076
	21	51	93.38094
	21	52	72.03471
	21	53	60.41523
	21	54	24.083189
	21	55	68.593
	21	56	39.45884
	21	57	74.672615
	21	58	80.26207
	21	59	55.154327
	21	60	72.11102
	21	61	93.23626
	21	62	72.42237
	21	63	18.439089
	21	64	73.0
	21	65	83.64807
	21	66	60.074955
	21	67	36.23534
	21	68	49.47727
	21	69	53.75872
	21	70	63.126858
	21	71	32.0
	21	72	66.09841
	21	73	69.92139
	21	74	93.60555
	21	75	23.600847
	21	76	49.0306
	21	77	14.764823
	21	78	81.9329
	21	79	94.41398
	21	80	67.06713
	21	81	79.05694
	21	82	44.72136
	21	83	23.853722
	21	84	29.832869
	21	85	82.37718
	21	86	42.296574
	21	87	11.661903
	21	88	88.481636
	21	89	40.459858
	21	90	62.201286
	21	91	106.52699
	21	92	83.630135
	21	93	104.6518
	21	94	54.08327
	21	95	71.84706
	21	96	101.8332
	21	97	9.486833
	21	98	45.254833
	21	99	79.24645
	22	0	70.035706
	22	1	27.658634
	22	2	78.0
	22	3	72.11102
	22	4	15.811388
	22	5	51.62364
	22	6	53.814495
	22	7	43.56604
	22	8	39.623226
	22	9	80.05623
	22	10	98.762344
	22	11	72.691124
	22	12	46.043457
	22	13	53.15073
	22	14	36.496574
	22	15	81.154175
	22	16	58.412327
	22	17	46.227695
	22	18	51.24451
	22	19	45.276924
	22	20	61.09828
	22	21	94.81033
	22	22	0.0
	22	23	82.68011
	22	24	86.88498
	22	25	45.221676
	22	26	50.606323
	22	27	92.541885
	22	28	88.23831
	22	29	50.77401
	22	30	98.61542
	22	31	82.5409
	22	32	37.48333
	22	33	93.00538
	22	34	92.22798
	22	35	59.615433
	22	36	15.231546
	22	37	106.0
	22	38	50.08992
	22	39	32.38827
	22	40	25.495098
	22	41	34.0147
	22	42	48.548943
	22	43	85.23497
	22	44	47.423622
	22	45	98.02041
	22	46	37.576588
	22	47	103.4698
	22	48	85.72631
	22	49	106.62083
	22	50	93.40771
	22	51	27.802877
	22	52	73.53911
	22	53	34.539833
	22	54	88.84256
	22	55	97.52948
	22	56	79.05694
	22	57	65.30697
	22	58	51.62364
	22	59	64.629715
	22	60	40.16217
	22	61	20.0
	22	62	26.0
	22	63	77.07788
	22	64	90.47652
	22	65	11.401754
	22	66	83.95237
	22	67	60.083275
	22	68	65.459915
	22	69	94.641426
	22	70	44.407207
	22	71	67.62396
	22	72	68.30813
	22	73	28.42534
	22	74	23.600847
	22	75	74.63243
	22	76	48.9183
	22	77	95.44108
	22	78	16.124516
	22	79	3.6055512
	22	80	29.068884
	22	81	20.22375
	22	82	53.263496
	22	83	100.43903
	22	84	66.037865
	22	85	16.27882
	22	86	80.0
	22	87	83.19255
	22	88	14.422205
	22	89	56.32051
	22	90	92.19544
	22	91	26.172504
	22	92	58.249462
	22	93	33.83785
	22	94	41.761227
	22	95	47.169907
	22	96	34.0147
	22	97	96.56604
	22	98	53.935146
	22	99	28.86174
	23	0	56.008926
	23	1	66.21933
	23	2	44.72136
	23	3	34.0
	23	4	73.661385
	23	5	43.0
	23	6	31.04835
	23	7	74.68601
	23	8	45.54119
	23	9	72.1734
	23	10	75.272835
	23	11	34.058773
	23	12	36.71512
	23	13	37.589893
	23	14	64.49806
	23	15	40.5216
	23	16	25.298222
	23	17	41.773197
	23	18	43.382023
	23	19	37.44329
	23	20	49.729267
	23	21	15.132746
	23	22	82.68011
	23	23	0.0
	23	24	30.016663
	23	25	44.553337
	23	26	39.20459
	23	27	40.496914
	23	28	14.21267
	23	29	43.011627
	23	30	84.646324
	23	31	18.788294
	23	32	83.528435
	23	33	12.083046
	23	34	62.625874
	23	35	25.806976
	23	36	86.37129
	23	37	23.323807
	23	38	70.5762
	23	39	54.451813
	23	40	57.706154
	23	41	69.89278
	23	42	44.102154
	23	43	76.53104
	23	44	87.66413
	23	45	50.47772
	23	46	45.607018
	23	47	21.213203
	23	48	22.472204
	23	49	28.071337
	23	50	13.601471
	23	51	84.646324
	23	52	72.02777
	23	53	49.0408
	23	54	31.06445
	23	55	74.0
	23	56	41.976185
	23	57	72.835434
	23	58	75.61085
	23	59	53.338543
	23	60	57.31492
	23	61	83.450584
	23	62	62.225395
	23	63	14.035668
	23	64	76.48529
	23	65	71.84706
	23	66	63.15061
	23	67	28.178005
	23	68	34.48188
	23	69	60.00833
	23	70	56.35601
	23	71	17.117243
	23	72	65.192024
	23	73	56.462376
	23	74	84.29116
	23	75	21.023796
	23	76	35.1141
	23	77	13.601471
	23	78	68.8767
	23	79	82.661964
	23	80	54.120235
	23	81	68.622154
	23	82	30.675724
	23	83	35.608986
	23	84	16.643316
	23	85	71.5891
	23	86	45.122055
	23	87	9.433981
	23	88	77.89737
	23	89	32.24903
	23	90	67.052216
	23	91	96.89685
	23	92	80.08121
	23	93	96.2133
	23	94	43.863426
	23	95	66.309875
	23	96	93.60021
	23	97	13.892444
	23	98	38.013157
	23	99	65.0
	24	0	34.0
	24	1	79.51101
	24	2	19.313208
	24	3	61.554855
	24	4	73.68175
	24	5	63.560993
	24	6	48.466484
	24	7	63.126858
	24	8	59.03389
	24	9	47.07441
	24	10	46.09772
	24	11	15.264338
	24	12	47.67599
	24	13	33.734257
	24	14	81.02469
	24	15	13.601471
	24	16	42.953465
	24	17	58.821766
	24	18	36.40055
	24	19	46.270943
	24	20	74.094536
	24	21	24.0
	24	22	86.88498
	24	23	30.016663
	24	24	0.0
	24	25	61.983868
	24	26	58.30952
	24	27	10.630146
	24	28	17.464249
	24	29	63.15853
	24	30	56.32051
	24	31	11.401754
	24	32	74.20242
	24	33	38.327538
	24	34	33.54102
	24	35	30.413813
	24	36	85.23497
	24	37	38.327538
	24	38	56.568542
	24	39	54.571056
	24	40	66.007576
	24	41	62.76942
	24	42	63.324562
	24	43	50.358715
	24	44	74.953316
	24	45	20.615528
	24	46	51.0392
	24	47	41.0
	24	48	7.615773
	24	49	27.294687
	24	50	40.5216
	24	51	78.892334
	24	52	49.0408
