data;

param n := 100;

param p := 5;

param m := 4;

param alpha := 10.331056594848633;

param r := 
	0	3
	1	3
	2	3
	3	1
	4	0
	5	1
	6	0
	7	1
	8	3
	9	3
	10	2
	11	1
	12	0
	13	2
	14	0
	15	3
	16	3
	17	3
	18	2
	19	3
	20	2
	21	1
	22	2
	23	3
	24	2
	25	1
	26	1
	27	2
	28	1
	29	2
	30	3
	31	2
	32	0
	33	0
	34	2
	35	2
	36	2
	37	3
	38	1
	39	0
	40	3
	41	1
	42	0
	43	3
	44	0
	45	2
	46	3
	47	0
	48	1
	49	2
	50	3
	51	2
	52	1
	53	2
	54	3
	55	0
	56	2
	57	3
	58	1
	59	2
	60	2
	61	0
	62	1
	63	2
	64	1
	65	2
	66	2
	67	3
	68	0
	69	2
	70	0
	71	3
	72	2
	73	1
	74	2
	75	0
	76	0
	77	0
	78	2
	79	2
	80	1
	81	2
	82	1
	83	2
	84	3
	85	3
	86	2
	87	1
	88	2
	89	2
	90	0
	91	1
	92	2
	93	3
	94	0
	95	3
	96	2
	97	0
	98	3
	99	2
;

param d := 
	0	3
	1	3
	2	3
	3	1
	4	2
	5	1
	6	1
	7	2
	8	3
	9	3
	10	3
	11	3
	12	1
	13	3
	14	3
	15	3
	16	3
	17	3
	18	3
	19	3
	20	2
	21	3
	22	3
	23	3
	24	3
	25	2
	26	2
	27	3
	28	2
	29	2
	30	3
	31	3
	32	2
	33	1
	34	2
	35	2
	36	3
	37	3
	38	2
	39	1
	40	3
	41	1
	42	3
	43	3
	44	3
	45	2
	46	3
	47	1
	48	1
	49	2
	50	3
	51	3
	52	1
	53	2
	54	3
	55	2
	56	3
	57	3
	58	2
	59	3
	60	3
	61	2
	62	3
	63	3
	64	2
	65	3
	66	2
	67	3
	68	1
	69	3
	70	3
	71	3
	72	3
	73	2
	74	3
	75	2
	76	0
	77	3
	78	3
	79	3
	80	3
	81	3
	82	1
	83	2
	84	3
	85	3
	86	3
	87	3
	88	3
	89	2
	90	0
	91	3
	92	3
	93	3
	94	0
	95	3
	96	3
	97	0
	98	3
	99	3
;

param c := 
	0	0	0.0
	0	1	18.384777
	0	2	42.520584
	0	3	66.8431
	0	4	24.41311
	0	5	42.72002
	0	6	41.725292
	0	7	6.0827627
	0	8	80.44874
	0	9	72.44998
	0	10	32.55764
	0	11	17.262676
	0	12	42.047592
	0	13	72.00694
	0	14	58.30952
	0	15	77.46612
	0	16	99.24717
	0	17	45.188496
	0	18	73.1642
	0	19	67.26812
	0	20	90.60905
	0	21	58.60034
	0	22	67.72001
	0	23	61.39218
	0	24	70.00714
	0	25	69.065186
	0	26	26.019224
	0	27	70.85902
	0	28	41.0
	0	29	85.0
	0	30	64.00781
	0	31	68.88396
	0	32	57.00877
	0	33	60.207973
	0	34	39.115215
	0	35	69.63476
	0	36	39.319206
	0	37	27.45906
	0	38	51.24451
	0	39	79.30952
	0	40	23.537205
	0	41	22.135944
	0	42	15.0
	0	43	48.38388
	0	44	56.364883
	0	45	76.843994
	0	46	66.211784
	0	47	10.0
	0	48	55.7315
	0	49	52.49762
	0	50	20.09975
	0	51	76.00658
	0	52	73.082146
	0	53	23.345236
	0	54	8.062258
	0	55	23.021729
	0	56	15.6205
	0	57	73.53911
	0	58	22.803509
	0	59	33.12099
	0	60	23.600847
	0	61	31.144823
	0	62	9.055386
	0	63	39.357338
	0	64	15.811388
	0	65	42.72002
	0	66	23.43075
	0	67	1.0
	0	68	58.821766
	0	69	87.658424
	0	70	43.174065
	0	71	75.58439
	0	72	41.677334
	0	73	29.698484
	0	74	47.042534
	0	75	84.14868
	0	76	67.41662
	0	77	99.724625
	0	78	44.181442
	0	79	52.40229
	0	80	44.011364
	0	81	50.219517
	0	82	36.40055
	0	83	76.922035
	0	84	18.439089
	0	85	35.35534
	0	86	72.691124
	0	87	64.513565
	0	88	74.726166
	0	89	33.01515
	0	90	73.4983
	0	91	58.694122
	0	92	66.09841
	0	93	75.13322
	0	94	67.47592
	0	95	71.470276
	0	96	51.971146
	0	97	23.600847
	0	98	42.107006
	0	99	85.146935
	1	0	18.384777
	1	1	0.0
	1	2	60.876926
	1	3	85.146935
	1	4	42.638012
	1	5	50.01
	1	6	60.108234
	1	7	15.652476
	1	8	98.600204
	1	9	89.470665
	1	10	50.931328
	1	11	10.770329
	1	12	51.24451
	1	13	89.693924
	1	14	75.591
	1	15	95.77578
	1	16	117.592514
	1	17	62.76942
	1	18	85.0
	1	19	80.305664
	1	20	108.97706
	1	21	76.15773
	1	22	78.23043
	1	23	77.491936
	1	24	88.391174
	1	25	87.20092
	1	26	40.804413
	1	27	83.02409
	1	28	53.15073
	1	29	103.23275
	1	30	81.8352
	1	31	81.02469
	1	32	74.24284
	1	33	78.56844
	1	34	52.95281
	1	35	81.02469
	1	36	52.611786
	1	37	45.607018
	1	38	62.03225
	1	39	96.60228
	1	40	40.24922
	1	41	39.446167
	1	42	22.022715
	1	43	59.03389
	1	44	64.93843
	1	45	93.62158
	1	46	83.725746
	1	47	13.341664
	1	48	71.470276
	1	49	70.837845
	1	50	13.038404
	1	51	94.04786
	1	52	89.693924
	1	53	41.725292
	1	54	14.866069
	1	55	26.683329
	1	56	25.179358
	1	57	91.92388
	1	58	21.023796
	1	59	42.107006
	1	60	27.658634
	1	61	46.818798
	1	62	26.076809
	1	63	48.259712
	1	64	34.058773
	1	65	50.01
	1	66	31.06445
	1	67	19.104973
	1	68	75.643906
	1	69	105.801704
	1	70	59.615433
	1	71	93.15041
	1	72	59.64059
	1	73	48.08326
	1	74	61.0
	1	75	102.53292
	1	76	84.5281
	1	77	118.10589
	1	78	57.706154
	1	79	70.76723
	1	80	54.08327
	1	81	66.48308
	1	82	53.712196
	1	83	94.51455
	1	84	25.019993
	1	85	44.181442
	1	86	85.052925
	1	87	81.437096
	1	88	85.28775
	1	89	47.539455
	1	90	89.88882
	1	91	77.07788
	1	92	82.85529
	1	93	90.80198
	1	94	80.1561
	1	95	88.23831
	1	96	64.070274
	1	97	32.01562
	1	98	55.9017
	1	99	103.47947
	2	0	42.520584
	2	1	60.876926
	2	2	0.0
	2	3	24.41311
	2	4	18.439089
	2	5	51.156624
	2	6	2.236068
	2	7	46.010868
	2	8	38.470768
	2	9	36.124783
	2	10	10.0
	2	11	57.982758
	2	12	46.389652
	2	13	32.38827
	2	14	27.856777
	2	15	36.23534
	2	16	56.727417
	2	17	12.727922
	2	18	57.280014
	2	19	54.451813
	2	20	48.60041
	2	21	21.213203
	2	22	57.428215
	2	23	37.215588
	2	24	27.802877
	2	25	29.832869
	2	26	33.06055
	2	27	54.451813
	2	28	42.72002
	2	29	42.72002
	2	30	28.01785
	2	31	53.075417
	2	32	22.135944
	2	33	17.691807
	2	34	31.780497
	2	35	61.7171
	2	36	33.734257
	2	37	15.811388
	2	38	51.47815
	2	39	45.01111
	2	40	27.45906
	2	41	25.96151
	2	42	47.92703
	2	43	45.221676
	2	44	60.53924
	2	45	41.19466
	2	46	28.0
	2	47	49.67897
	2	48	29.832869
	2	49	10.0
	2	50	58.821766
	2	51	34.539833
	2	52	43.416588
	2	53	19.209373
	2	54	48.259712
	2	55	53.160137
	2	56	44.94441
	2	57	31.241
	2	58	58.30952
	2	59	48.010414
	2	60	50.32892
	2	61	29.15476
	2	62	36.359318
	2	63	50.48762
	2	64	26.870058
	2	65	55.578773
	2	66	45.221676
	2	67	41.773197
	2	68	26.0
	2	69	45.65085
	2	70	26.076809
	2	71	36.345562
	2	72	13.601471
	2	73	13.038404
	2	74	33.54102
	2	75	41.868843
	2	76	35.902645
	2	77	57.48913
	2	78	34.176014
	2	79	11.401754
	2	80	49.729267
	2	81	24.04163
	2	82	15.132746
	2	83	41.04875
	2	84	46.518814
	2	85	49.09175
	2	86	55.17246
	2	87	29.832869
	2	88	62.482
	2	89	29.017237
	2	90	40.024994
	2	91	16.643316
	2	92	37.0
	2	93	44.598206
	2	94	50.20956
	2	95	36.496574
	2	96	42.48529
	2	97	46.872166
	2	98	32.572994
	2	99	43.56604
	3	0	66.8431
	3	1	85.146935
	3	2	24.41311
	3	3	0.0
	3	4	42.520584
	3	5	66.94027
	3	6	25.553865
	3	7	70.035706
	3	8	14.56022
	3	9	23.345236
	3	10	34.4093
	3	11	82.37718
	3	12	61.611687
	3	13	15.0
	3	14	32.31099
	3	15	18.248287
	3	16	32.526913
	3	17	25.495098
	3	18	58.5235
	3	19	63.15853
	3	20	26.57066
	3	21	17.029387
	3	22	62.369865
	3	23	42.953465
	3	24	8.5440035
	3	25	19.849434
	3	26	55.362442
	3	27	55.97321
	3	28	61.03278
	3	29	18.35756
	3	30	25.23886
	3	31	55.362442
	3	32	21.023796
	3	33	7.28011
	3	34	46.840153
	3	35	71.867935
	3	36	48.76474
	3	37	39.623226
	3	38	67.36468
	3	39	37.44329
	3	40	50.695168
	3	41	49.658836
	3	42	72.00694
	3	43	57.31492
	3	44	76.53104
	3	45	27.658634
	3	46	16.124516
	3	47	73.53911
	3	48	33.13608
	3	49	14.422205
	3	50	82.219215
	3	51	12.0415945
	3	52	41.773197
	3	53	43.60046
	3	54	72.67049
	3	55	76.6942
	3	56	68.8767
	3	57	10.0
	3	58	82.29216
	3	59	69.2315
	3	60	71.867935
	3	61	50.219517
	3	62	60.74537
	3	63	70.34913
	3	64	51.088158
	3	65	75.23962
	3	66	66.37017
	3	67	66.068146
	3	68	24.33105
	3	69	21.540659
	3	70	42.0
	3	71	18.35756
	3	72	31.575306
	3	73	37.44329
	3	74	44.28318
	3	75	19.313208
	3	76	35.0
	3	77	34.48188
	3	78	46.69047
	3	79	17.262676
	3	80	68.007355
	3	81	31.144823
	3	82	34.132095
	3	83	32.449963
	3	84	68.8186
	3	85	69.87131
	3	86	55.713554
	3	87	22.847319
	3	88	65.14599
	3	89	47.010635
	3	90	29.832869
	3	91	11.0
	3	92	38.27532
	3	93	36.40055
	3	94	52.201534
	3	95	25.612497
	3	96	52.009613
	3	97	69.89278
	3	98	46.09772
	3	99	23.194826
	4	0	24.41311
	4	1	42.638012
	4	2	18.439089
	4	3	42.520584
	4	4	0.0
	4	5	40.311287
	4	6	18.027756
	4	7	27.58623
	4	8	56.0357
	4	9	49.24429
	4	10	8.944272
	4	11	40.718548
	4	12	36.71512
	4	13	47.92703
	4	14	40.04997
	4	15	54.378304
	4	16	75.00667
	4	17	21.587032
	4	18	58.59181
	4	19	59.03389
	4	20	67.00746
	4	21	34.785053
	4	22	55.803226
	4	23	46.52956
	4	24	46.227695
	4	25	47.010635
	4	26	24.186773
	4	27	55.9017
	4	28	38.948685
	4	29	60.60528
	4	30	43.416588
	4	31	54.120235
	4	32	33.734257
	4	33	36.069378
	4	34	25.495098
	4	35	64.3506
	4	36	26.870058
	4	37	3.1622777
	4	38	49.497475
	4	39	60.016663
	4	40	17.492855
	4	41	14.764823
	4	42	32.38827
	4	43	38.948685
	4	44	57.48913
	4	45	53.935146
	4	46	42.379242
	4	47	31.241
	4	48	35.35534
	4	49	28.284271
	4	50	40.496914
	4	51	51.62364
	4	52	56.008926
	4	53	3.6055512
	4	54	30.870699
	4	55	39.012817
	4	56	30.066593
	4	57	49.67897
	4	58	42.755116
	4	59	39.0
	4	60	33.54102
	4	61	24.04163
	4	62	19.646883
	4	63	43.416588
	4	64	8.602325
	4	65	48.30114
	4	66	29.068884
	4	67	23.600847
	4	68	36.221542
	4	69	63.245552
	4	70	29.732138
	4	71	51.62364
	4	72	22.022715
	4	73	7.071068
	4	74	31.38471
	4	75	60.307545
	4	76	49.162994
	4	77	75.9276
	4	78	30.0
	4	79	29.15476
	4	80	45.0
	4	81	29.15476
	4	82	14.035668
	4	83	56.753853
	4	84	29.12044
	4	85	40.718548
	4	86	57.271286
	4	87	41.59327
	4	88	62.1289
	4	89	19.849434
	4	90	51.24451
	4	91	35.0
	4	92	49.0
	4	93	54.00926
	4	94	51.894123
	4	95	48.6621
	4	96	39.20459
	4	97	34.36568
	4	98	27.802877
	4	99	61.854668
	5	0	42.72002
	5	1	50.01
	5	2	51.156624
	5	3	66.94027
	5	4	40.311287
	5	5	0.0
	5	6	52.34501
	5	7	38.910152
	5	8	75.23962
	5	9	57.68882
	5	10	46.572525
	5	11	56.648037
	5	12	5.3851647
	5	13	62.609905
	5	14	78.26238
	5	15	84.0119
	5	16	96.25487
	5	17	42.296574
	5	18	37.363083
	5	19	99.31767
	5	20	93.40771
	5	21	50.92151
	5	22	29.274563
	5	23	86.127815
	5	24	74.1485
	5	25	80.05623
	5	26	61.400326
	5	27	36.05551
	5	28	77.42093
	5	29	80.622574
	5	30	79.15807
	5	31	34.176014
	5	32	47.169907
	5	33	63.63961
	5	34	20.22375
	5	35	104.316826
	5	36	18.248287
	5	37	40.16217
	5	38	88.23265
	5	39	96.13012
	5	40	55.470715
	5	41	52.69725
	5	42	57.68882
	5	43	12.806249
	5	44	95.26804
	5	45	59.816387
	5	46	56.364883
	5	47	38.27532
	5	48	37.215588
	5	49	57.14018
	5	50	38.118237
	5	51	69.856995
	5	52	94.20191
	5	53	43.382023
	5	54	50.119858
	5	55	65.734314
	5	56	57.801384
	5	57	76.687675
	5	58	64.84597
	5	59	73.53911
	5	60	22.36068
	5	61	63.28507
	5	62	47.423622
	5	63	79.24645
	5	64	39.40812
	5	65	83.4386
	5	66	19.697716
	5	67	41.880783
	5	68	45.617977
	5	69	81.394104
	5	70	70.00714
	5	71	64.49806
	5	72	60.876926
	5	73	46.486557
	5	74	23.70654
	5	75	86.127815
	5	76	86.833176
	5	77	100.56838
	5	78	20.615528
	5	79	62.008064
	5	80	82.46211
	5	81	36.40055
	5	82	36.05551
	5	83	92.021736
	5	84	25.632011
	5	85	75.66373
	5	86	38.27532
	5	87	50.606323
	5	88	36.124783
	5	89	22.203604
	5	90	54.67175
	5	91	65.192024
	5	92	87.47571
	5	93	52.34501
	5	94	34.43835
	5	95	55.21775
	5	96	19.849434
	5	97	65.29931
	5	98	20.880613
	5	99	90.02777
	6	0	41.725292
	6	1	60.108234
	6	2	2.236068
	6	3	25.553865
	6	4	18.027756
	6	5	52.34501
	6	6	0.0
	6	7	45.453274
	6	8	39.812057
	6	9	38.209946
	6	10	9.219544
	6	11	56.859474
	6	12	47.67599
	6	13	34.234486
	6	14	26.24881
	6	15	36.359318
	6	16	57.628117
	6	17	14.866069
	6	18	59.39697
	6	19	52.34501
	6	20	49.0408
	6	21	23.345236
	6	22	59.405388
	6	23	35.35534
	6	24	28.319605
	6	25	29.410883
	6	26	31.144823
	6	27	56.568542
	6	28	40.5216
	6	29	43.908997
	6	30	27.018513
	6	31	55.17246
	6	32	24.351591
	6	33	18.601076
	6	34	33.24154
	6	35	59.548298
	6	36	35.17101
	6	37	15.652476
	6	38	49.24429
	6	39	44.011364
	6	40	25.70992
	6	41	24.351591
	6	42	46.518814
	6	43	46.818798
	6	44	58.30952
	6	45	43.289722
	6	46	30.016663
	6	47	49.20366
	6	48	32.01562
	6	49	11.18034
	6	50	58.5235
	6	51	36.05551
	6	52	41.976185
	6	53	18.384777
	6	54	47.201694
	6	55	51.546097
	6	56	43.462627
	6	57	31.827662
	6	58	56.859474
	6	59	46.0
	6	60	50.596443
	6	61	27.073973
	6	62	35.22783
	6	63	48.373547
	6	64	26.24881
	6	65	53.460266
	6	66	45.607018
	6	67	41.01219
	6	68	28.231188
	6	69	46.957428
	6	70	23.853722
	6	71	38.209946
	6	72	11.401754
	6	73	12.0415945
	6	74	35.35534
	6	75	42.44997
	6	76	34.525352
	6	77	58.0517
	6	78	35.846897
	6	79	11.18034
	6	80	47.539455
	6	81	26.172504
	6	82	16.492422
	6	83	40.1995
	6	84	46.615448
	6	85	47.042534
	6	86	57.31492
	6	87	32.01562
	6	88	64.53681
	6	89	30.149628
	6	90	42.201897
	6	91	17.029387
	6	92	35.44009
	6	93	46.818798
	6	94	52.3259
	6	95	38.63936
	6	96	44.294468
	6	97	45.122055
	6	98	34.176014
	6	99	43.829212
	7	0	6.0827627
	7	1	15.652476
	7	2	46.010868
	7	3	70.035706
	7	4	27.58623
	7	5	38.910152
	7	6	45.453274
	7	7	0.0
	7	8	83.240616
	7	9	73.82411
	7	10	36.23534
	7	11	18.248287
	7	12	38.8973
	7	13	74.094536
	7	14	63.56886
	7	15	81.608826
	7	16	102.55243
	7	17	47.169907
	7	18	71.34424
	7	19	73.33485
	7	20	94.493385
	7	21	60.53924
	7	22	65.30697
	7	23	67.08204
	7	24	73.756355
	7	25	73.57309
	7	26	32.06244
	7	27	69.18092
	7	28	47.07441
	7	29	87.965904
	7	30	68.8767
	7	31	67.18631
	7	32	58.59181
	7	33	63.655323
	7	34	38.118237
	7	35	75.70998
	7	36	38.013157
	7	37	30.413813
	7	38	57.280014
	7	39	84.50444
	7	40	29.274563
	7	41	27.658634
	7	42	19.849434
	7	43	45.891174
	7	44	62.241467
	7	45	78.0
	7	46	68.09552
	7	47	4.1231055
	7	48	56.044624
	7	49	55.86591
	7	50	14.3178215
	7	51	78.60026
	7	52	78.58753
	7	53	27.202942
	7	54	11.401754
	7	55	27.58623
	7	56	21.095022
	7	57	77.23341
	7	58	25.942244
	7	59	38.910152
	7	60	18.384777
	7	61	37.054016
	7	62	15.0
	7	63	45.188496
	7	64	19.209373
	7	65	48.373547
	7	66	19.235384
	7	67	6.0
	7	68	60.00833
	7	69	90.426765
	7	70	48.83646
	7	71	77.52419
	7	72	46.518814
	7	73	33.600594
	7	74	46.173584
	7	75	87.86353
	7	76	72.73238
	7	77	103.47947
	7	78	43.046486
	7	79	56.400356
	7	80	49.979996
	7	81	50.92151
	7	82	38.078865
	7	83	81.939
	7	84	13.601471
	7	85	41.14608
	7	86	71.11259
	7	87	65.795135
	7	88	72.36712
	7	89	32.38827
	7	90	74.330345
	7	91	62.482
	7	92	71.568146
	7	93	75.43209
	7	94	66.0303
	7	95	72.615425
	7	96	50.159744
	7	97	29.15476
	7	98	41.109608
	7	99	89.20202
	8	0	80.44874
	8	1	98.600204
	8	2	38.470768
	8	3	14.56022
	8	4	56.0357
	8	5	75.23962
	8	6	39.812057
	8	7	83.240616
	8	8	0.0
	8	9	21.095022
	8	10	48.373547
	8	11	96.38464
	8	12	69.856995
	8	13	13.152946
	8	14	44.72136
	8	15	22.022715
	8	16	21.023796
	8	17	36.796738
	8	18	59.3043
	8	19	75.0
	8	20	21.587032
	8	21	24.698177
	8	22	65.00769
	8	23	54.81788
	8	24	17.464249
	8	25	29.15476
	8	26	69.92139
	8	27	57.14018
	8	28	75.23962
	8	29	5.3851647
	8	30	36.40055
	8	31	57.035076
	8	32	28.178005
	8	33	21.84033
	8	34	55.946404
	8	35	83.9345
	8	36	57.706154
	8	37	53.009434
	8	38	81.055534
	8	39	44.20407
	8	40	65.192024
	8	41	64.07808
	8	42	86.33076
	8	43	64.195015
	8	44	90.13878
	8	45	23.086792
	8	46	18.973665
	8	47	86.55634
	8	48	38.600517
	8	49	28.635643
	8	50	94.76286
	8	51	5.3851647
	8	52	51.0
	8	53	57.45433
	8	54	86.608315
	8	55	91.18114
	8	56	83.25864
	8	57	15.231546
	8	58	96.66437
	8	59	83.74366
	8	60	83.240616
	8	61	64.7611
	8	62	74.793045
	8	63	84.71718
	8	64	64.63745
	8	65	89.560036
	8	66	77.62087
	8	67	79.630394
	8	68	29.732138
	8	69	7.2111025
	8	70	56.142673
	8	71	13.152946
	8	72	46.09772
	8	73	51.47815
	8	74	51.62364
	8	75	15.652476
	8	76	45.310043
	8	77	26.172504
	8	78	54.626
	8	79	31.780497
	8	80	82.1523
	8	81	38.910152
	8	82	45.96738
	8	83	39.40812
	8	84	80.72174
	8	85	84.34453
	8	86	56.32051
	8	87	25.495098
	8	88	66.27216
	8	89	57.428215
	8	90	27.45906
	8	91	25.317978
	8	92	49.0408
	8	93	33.955853
	8	94	54.00926
	8	95	24.083189
	8	96	57.974133
	8	97	84.4334
	8	98	54.56189
	8	99	21.954498
	9	0	72.44998
	9	1	89.470665
	9	2	36.124783
	9	3	23.345236
	9	4	49.24429
	9	5	57.68882
	9	6	38.209946
	9	7	73.82411
	9	8	21.095022
	9	9	0.0
	9	10	44.102154
	9	11	89.49302
	9	12	52.43091
	9	13	8.944272
	9	14	54.378304
	9	15	39.824615
	9	16	40.60788
	9	17	27.658634
	9	18	38.209946
	9	19	85.08819
	9	20	42.579338
	9	21	15.0
	9	22	44.102154
	9	23	65.192024
	9	24	31.400637
	9	25	43.185646
	9	26	69.00725
	9	27	36.05551
	9	28	78.44743
	9	29	26.0
	9	30	48.270073
	9	31	36.0
	9	32	15.524175
	9	33	27.45906
	9	34	40.311287
	9	35	93.47727
	9	36	41.725292
	9	37	46.09772
	9	38	86.40023
	9	39	60.60528
	9	40	63.03174
	9	41	61.13101
	9	42	81.58431
	9	43	45.65085
	9	44	95.60335
	9	45	5.0990195
	9	46	8.5440035
	9	47	76.47875
	9	48	20.615528
	9	49	29.410883
	9	50	83.21658
	9	51	16.492422
	9	52	65.06919
	9	53	51.78803
	9	54	79.69943
	9	55	87.823685
	9	56	79.07591
	9	57	31.38471
	9	58	91.983696
	9	59	84.095184
	9	60	69.656296
	9	61	65.27634
	9	62	68.88396
	9	63	86.579445
	9	64	57.280014
	9	65	91.66242
	9	66	64.03124
	9	67	71.51224
	9	68	13.892444
	9	69	25.317978
	9	70	60.440052
	9	71	8.0
	9	72	48.270073
	9	73	47.169907
	9	74	34.20526
	9	75	36.138622
	9	76	58.137768
	9	77	47.010635
	9	78	37.64306
	9	79	35.846897
	9	80	85.51023
	9	81	23.600847
	9	82	36.05551
	9	83	55.605755
	9	84	68.24222
	9	85	85.2115
	9	86	35.22783
	9	87	8.062258
	9	88	45.17743
	9	89	43.60046
	9	90	6.708204
	9	91	31.906113
	9	92	61.220913
	9	93	13.416408
	9	94	33.01515
	9	95	3.0
	9	96	38.910152
	9	97	82.219215
	9	98	38.209946
	9	99	42.059483
	10	0	32.55764
	10	1	50.931328
	10	2	10.0
	10	3	34.4093
	10	4	8.944272
	10	5	46.572525
	10	6	9.219544
	10	7	36.23534
	10	8	48.373547
	10	9	44.102154
	10	10	0.0
	10	11	48.02083
	10	12	42.379242
	10	13	41.484936
	10	14	32.06244
	10	15	45.486263
	10	16	66.70832
	10	17	17.262676
	10	18	59.405388
	10	19	54.08327
	10	20	58.258045
	10	21	29.15476
	10	22	57.982758
	10	23	39.56008
	10	24	37.536648
	10	25	38.078865
	10	26	25.317978
	10	27	56.61272
	10	28	37.589893
	10	29	52.69725
	10	30	34.713108
	10	31	55.0
	10	32	29.017237
	10	33	27.658634
	10	34	29.15476
	10	35	60.307545
	10	36	30.88689
	10	37	7.071068
	10	38	47.434166
	10	39	51.47815
	10	40	19.026299
	10	41	17.029387
	10	42	38.27532
	10	43	43.046486
	10	44	56.0803
	10	45	49.0408
	10	46	36.496574
	10	47	40.0
	10	48	33.61547
	10	49	20.0
	10	50	49.396355
	10	51	44.28318
	10	52	48.09366
	10	53	9.219544
	10	54	38.27532
	10	55	43.931767
	10	56	35.44009
	10	57	41.036568
	10	58	48.703182
	10	59	40.60788
	10	60	42.201897
	10	61	22.847319
	10	62	26.41969
	10	63	43.965897
	10	64	17.029387
	10	65	49.0408
	10	66	37.48333
	10	67	31.827662
	10	68	32.24903
	10	69	55.569775
	10	70	24.41311
	10	71	45.35416
	10	72	14.3178215
	10	73	3.1622777
	10	74	33.24154
	10	75	51.662365
	10	76	41.0
	10	77	67.26812
	10	78	32.80244
	10	79	20.248457
	10	80	44.28318
	10	81	27.313
	10	82	13.453624
	10	83	48.052055
	10	84	37.94733
	10	85	41.976185
	10	86	57.68882
	10	87	37.01351
	10	88	63.780876
	10	89	24.698177
	10	90	47.095646
	10	91	26.24881
	10	92	41.19466
	10	93	50.803543
	10	94	52.43091
	10	95	44.0
	10	96	41.868843
	10	97	38.118237
	10	98	30.805843
	10	99	53.009434
	11	0	17.262676
	11	1	10.770329
	11	2	57.982758
	11	3	82.37718
	11	4	40.718548
	11	5	56.648037
	11	6	56.859474
	11	7	18.248287
	11	8	96.38464
	11	9	89.49302
	11	10	48.02083
	11	11	0.0
	11	12	57.00877
	11	13	88.63972
	11	14	69.065186
	11	15	91.24144
	11	16	114.402794
	11	17	62.03225
	11	18	89.560036
	11	19	70.85902
	11	20	104.80458
	11	21	75.39231
	11	22	83.546394
	11	23	69.77822
	11	24	84.646324
	11	25	82.073135
	11	26	33.12099
	11	27	87.36704
	11	28	43.737854
	11	29	100.70253
	11	30	76.05919
	11	31	85.37564
	11	32	74.0
	11	33	75.45197
	11	34	56.0
	11	35	71.02816
	11	36	56.0357
	11	37	43.863426
	11	38	52.03845
	11	39	89.88882
	11	40	34.058773
	11	41	33.941124
	11	42	13.0
	11	43	64.132675
	11	44	54.451813
	11	45	93.96276
	11	46	83.00603
	11	47	18.384777
	11	48	72.99315
	11	49	67.95587
	11	50	22.671568
	11	51	92.17918
	11	52	82.29824
	11	53	38.948685
	11	54	9.848858
	11	55	16.124516
	11	56	16.552946
	11	57	88.23831
	11	58	10.29563
	11	59	32.01562
	11	60	34.88553
	11	61	39.446167
	11	62	21.633308
	11	63	38.013157
	11	64	32.31099
	11	65	39.45884
	11	66	37.0
	11	67	18.248287
	11	68	75.96052
	11	69	103.58572
	11	70	52.478565
	11	71	92.309265
	11	72	54.451813
	11	73	44.94441
	11	74	64.00781
	11	75	98.71677
	11	76	77.698135
	11	77	114.1096
	11	78	61.008198
	11	79	66.8431
	11	80	44.011364
	11	81	67.46851
	11	82	53.450912
	11	83	88.23265
	11	84	31.016125
	11	85	34.0
	11	86	89.27486
	11	87	81.608826
	11	88	90.60905
	11	89	50.039986
	11	90	90.70832
	11	91	73.409805
	11	92	75.66373
	11	93	92.39589
	11	94	84.14868
	11	95	88.60023
	11	96	68.359344
	11	97	22.203604
	11	98	59.0
	11	99	99.03535
	12	0	42.047592
	12	1	51.24451
	12	2	46.389652
	12	3	61.611687
	12	4	36.71512
	12	5	5.3851647
	12	6	47.67599
	12	7	38.8973
	12	8	69.856995
	12	9	52.43091
	12	10	42.379242
	12	11	57.00877
	12	12	0.0
	12	13	57.245087
	12	14	73.756355
	12	15	78.77182
	12	16	90.873535
	12	17	37.12142
	12	18	34.36568
	12	19	95.71311
	12	20	88.0568
	12	21	45.54119
	12	22	27.018513
	12	23	81.908485
	12	24	68.88396
	12	25	75.00667
	12	26	58.796257
	12	27	32.75668
	12	28	74.65253
	12	29	75.23962
	12	30	74.330345
	12	31	30.805843
	12	32	41.785164
	12	33	58.420887
	12	34	15.033297
	12	35	101.0198
	12	36	13.038404
	12	37	36.249138
	12	38	85.42833
	12	39	91.26884
	12	40	52.63079
	12	41	49.819675
	12	42	56.82429
	12	43	8.5440035
	12	44	92.76314
	12	45	54.67175
	12	46	50.990196
	12	47	38.832977
	12	48	31.906113
	12	49	52.03845
	12	50	40.04997
	12	51	64.4748
	12	52	89.62701
	12	53	39.962482
	12	54	49.76947
	12	55	64.884514
	12	56	56.603886
	12	57	71.38628
	12	58	64.62198
	12	59	71.5891
	12	60	24.020824
	12	61	60.216278
	12	62	45.80393
	12	63	77.10383
	12	64	36.796738
	12	65	81.46779
	12	66	20.22375
	12	67	41.14608
	12	68	40.24922
	12	69	76.02631
	12	70	66.211784
	12	71	59.16925
	12	72	56.61272
	12	73	42.544094
	12	74	18.35756
	12	75	80.77747
	12	76	82.20097
	12	77	95.189285
	12	78	15.231546
	12	79	57.07889
	12	80	79.98125
	12	81	31.016125
	12	82	31.257
	12	83	87.0919
	12	84	26.305893
	12	85	73.661385
	12	86	34.928497
	12	87	45.276924
	12	88	34.058773
	12	89	17.720045
	12	90	49.57822
	12	91	60.074955
	12	92	82.9759
	12	93	47.507893
	12	94	30.675724
	12	95	50.0
	12	96	15.264338
	12	97	63.82006
	12	98	15.524175
	12	99	84.723076
	13	0	72.00694
	13	1	89.693924
	13	2	32.38827
	13	3	15.0
	13	4	47.92703
	13	5	62.609905
	13	6	34.234486
	13	7	74.094536
	13	8	13.152946
	13	9	8.944272
	13	10	41.484936
	13	11	88.63972
	13	12	57.245087
	13	13	0.0
	13	14	46.957428
	13	15	30.88689
	13	16	33.83785
	13	17	26.925823
	13	18	46.69047
	13	19	77.820305
	13	20	34.132095
	13	21	13.601471
	13	22	52.009613
	13	23	57.706154
	13	24	22.671568
	13	25	34.655445
	13	26	65.37584
	13	27	44.407207
	13	28	73.33485
	13	29	18.439089
	13	30	40.22437
	13	31	44.181442
	13	32	16.27882
	13	33	20.248457
	13	34	43.829212
	13	35	86.40602
	13	36	45.486263
	13	37	44.777225
	13	38	80.60397
	13	39	51.855568
	13	40	59.841457
	13	41	58.249462
	13	42	79.69943
	13	43	51.264023
	13	44	89.822044
	13	45	12.727922
	13	46	6.4031243
	13	47	77.10383
	13	48	25.632011
	13	49	24.020824
	13	50	84.646324
	13	51	8.0
	13	52	56.727417
	13	53	49.979996
	13	54	78.79086
	13	55	85.37564
	13	56	76.922035
	13	57	22.472204
	13	58	90.13878
	13	59	80.09994
	13	60	72.138756
	13	61	61.03278
	13	62	67.41662
	13	63	82.02438
	13	64	56.364883
	13	65	87.05171
	13	66	66.48308
	13	67	71.11962
	13	68	17.0
	13	69	18.788294
	13	70	54.74486
	13	71	4.0
	13	72	43.104523
	13	73	44.64303
	13	74	38.910152
	13	75	27.45906
	13	76	50.0
	13	77	39.319206
	13	78	42.059483
	13	79	29.614185
	13	80	80.399
	13	81	26.627054
	13	82	36.05551
	13	83	46.8615
	13	84	70.0928
	13	85	81.02469
	13	86	43.737854
	13	87	12.369317
	13	88	53.600372
	13	89	46.010868
	13	90	15.652476
	13	91	24.698177
	13	92	53.25411
	13	93	22.36068
	13	94	41.109608
	13	95	11.7046995
	13	96	44.922153
	13	97	79.24645
	13	98	42.190044
	13	99	33.24154
	14	0	58.30952
	14	1	75.591
	14	2	27.856777
	14	3	32.31099
	14	4	40.04997
	14	5	78.26238
	14	6	26.24881
	14	7	63.56886
	14	8	44.72136
	14	9	54.378304
	14	10	32.06244
	14	11	69.065186
	14	12	73.756355
	14	13	46.957428
	14	14	0.0
	14	15	27.658634
	14	16	54.129475
	14	17	39.824615
	14	18	83.60024
	14	19	30.870699
	14	20	41.109608
	14	21	42.44997
	14	22	84.723076
	14	23	10.816654
	14	24	27.294687
	14	25	17.262676
	14	26	36.23534
	14	27	80.80223
	14	28	34.0147
	14	29	46.09772
	14	30	9.219544
	14	31	79.630394
	14	32	45.276924
	14	33	26.925823
	14	34	59.48109
	14	35	39.56008
	14	36	61.400326
	14	37	39.012817
	14	38	37.336308
	14	39	21.023796
	14	40	35.35534
	14	41	36.249138
	14	42	56.400356
	14	43	73.05477
	14	44	46.09772
	14	45	59.16925
	14	46	46.043457
	14	47	67.6757
	14	48	55.803226
	14	49	26.907248
	14	50	77.7946
	14	51	43.965897
	14	52	16.03122
	14	53	38.327538
	14	54	60.90156
	14	55	57.982758
	14	56	52.801514
	14	57	30.066593
	14	58	65.11528
	14	59	45.486263
	14	60	73.43705
	14	61	29.832869
	14	62	49.658836
	14	63	44.28318
	14	64	45.891174
	14	65	48.466484
	14	66	69.115845
	14	67	57.939625
	14	68	49.517673
	14	69	50.159744
	14	70	16.970562
	14	71	50.566788
	14	72	18.027756
	14	73	33.01515
	14	74	61.326992
	14	75	37.48333
	14	76	9.219544
	14	77	50.32892
	14	78	62.03225
	14	79	19.849434
	14	80	40.16217
	14	81	50.77401
	14	82	42.72002
	14	83	19.209373
	14	84	68.73136
	14	85	45.276924
	14	86	81.21576
	14	87	51.088158
	14	88	89.30846
	14	89	56.089214
	14	90	60.216278
	14	91	22.472204
	14	92	9.219544
	14	93	66.21933
	14	94	76.6094
	14	95	56.0357
	14	96	70.26379
	14	97	50.20956
	14	98	60.40695
	14	99	34.785053
	15	0	77.46612
	15	1	95.77578
	15	2	36.23534
	15	3	18.248287
	15	4	54.378304
	15	5	84.0119
	15	6	36.359318
	15	7	81.608826
	15	8	22.022715
	15	9	39.824615
	15	10	45.486263
	15	11	91.24144
	15	12	78.77182
	15	13	30.88689
	15	14	27.658634
	15	15	0.0
	15	16	26.476404
	15	17	41.773197
	15	18	76.537575
	15	19	55.443665
	15	20	13.892444
	15	21	35.22783
	15	22	80.60397
	15	23	36.0
	15	24	10.0
	15	25	10.440307
	15	26	60.464867
	15	27	74.04053
	15	28	61.351448
	15	29	21.023796
	15	30	18.439089
	15	31	73.4983
	15	32	39.20459
	15	33	20.396078
	15	34	63.788715
	15	35	64.49806
	15	36	65.76473
	15	37	51.971146
	15	38	64.93843
	15	39	22.203604
	15	40	57.48913
	15	41	57.31492
	15	42	79.51101
	15	43	75.059975
	15	44	73.552704
	15	45	43.266617
	15	46	33.83785
	15	47	85.44589
	15	48	51.351727
	15	49	27.513634
	15	50	94.873604
	15	51	24.207438
	15	52	29.732138
	15	53	54.405884
	15	54	82.036575
	15	55	82.661964
	15	56	76.05919
	15	57	8.5440035
	15	58	89.20202
	15	59	72.013885
	15	60	86.40602
	15	61	54.378304
	15	62	70.035706
	15	63	71.51224
	15	64	62.425957
	15	65	75.89466
	15	66	81.154175
	15	67	76.837494
	15	68	42.579338
	15	69	25.079872
	15	70	42.953465
	15	71	33.01515
	15	72	36.878178
	15	73	48.010414
	15	74	62.03225
	15	75	10.0
	15	76	25.179358
	15	77	23.323807
	15	78	64.195015
	15	79	25.23886
	15	80	67.72001
	15	81	49.0
	15	82	49.335587
	15	83	17.492855
	15	84	82.73451
	15	85	72.09022
	15	86	73.68175
	15	87	40.804413
	15	88	83.240616
	15	89	63.06346
	15	90	46.52956
	15	91	19.697716
	15	92	29.15476
	15	93	53.235325
	15	94	70.34202
	15	95	42.48529
	15	96	70.028564
	15	97	75.16648
	15	98	63.387695
	15	99	7.81025
	16	0	99.24717
	16	1	117.592514
	16	2	56.727417
	16	3	32.526913
	16	4	75.00667
	16	5	96.25487
	16	6	57.628117
	16	7	102.55243
	16	8	21.023796
	16	9	40.60788
	16	10	66.70832
	16	11	114.402794
	16	12	90.873535
	16	13	33.83785
	16	14	54.129475
	16	15	26.476404
	16	16	0.0
	16	17	57.201397
	16	18	78.05767
	16	19	81.02469
	16	20	14.142136
	16	21	45.65085
	16	22	84.59315
	16	23	62.201286
	16	24	30.016663
	16	25	36.878178
	16	26	85.42248
	16	27	76.1643
	16	28	87.64131
	16	29	15.652476
	16	30	44.911022
	16	31	76.321686
	16	32	49.193497
	16	33	39.051247
	16	34	76.941536
	16	35	90.04999
	16	36	78.714676
	16	37	72.138756
	16	38	91.411156
	16	39	44.72136
	16	40	81.63332
	16	41	80.99383
	16	42	103.46497
	16	43	85.09406
	16	44	99.985
	16	45	41.04875
	16	46	39.92493
	16	47	106.06602
	16	48	59.464275
	16	49	46.75468
	16	50	114.69089
	16	51	26.400757
	16	52	54.230988
	16	53	75.9276
	16	54	104.80935
	16	55	107.42439
	16	56	100.16985
	16	57	26.41969
	16	58	113.534134
	16	59	97.862144
	16	60	103.81233
	16	61	79.624115
	16	62	92.800865
	16	63	97.71899
	16	64	83.546394
	16	65	102.20078
	16	66	98.229324
	16	67	98.49365
	16	68	50.695168
	16	69	15.297058
	16	70	68.94926
	16	71	32.75668
	16	72	61.294373
	16	73	69.656296
	16	74	72.615425
	16	75	16.763054
	16	76	51.0392
	16	77	9.219544
	16	78	75.643906
	16	79	47.707443
	16	80	94.11163
	16	81	59.933296
	16	82	66.21933
	16	83	41.19466
	16	84	101.04455
	16	85	98.0816
	16	86	75.059975
	16	87	46.173584
	16	88	85.052925
	16	89	78.23043
	16	90	46.173584
	16	91	41.04875
	16	92	55.03635
	16	93	52.009613
	16	94	73.43705
	16	95	43.56604
	16	96	78.74643
	16	97	100.18483
	16	98	75.58439
	16	99	20.0
	17	0	45.188496
	17	1	62.76942
	17	2	12.727922
	17	3	25.495098
	17	4	21.587032
	17	5	42.296574
	17	6	14.866069
	17	7	47.169907
	17	8	36.796738
	17	9	27.658634
	17	10	17.262676
	17	11	62.03225
	17	12	37.12142
	17	13	26.925823
	17	14	39.824615
	17	15	41.773197
	17	16	57.201397
	17	17	0.0
	17	18	44.553337
	17	19	67.17886
	17	20	52.0
	17	21	13.416408
	17	22	44.94441
	17	23	49.648766
	17	24	32.01562
	17	25	38.052597
	17	26	42.579338
	17	27	41.725292
	17	28	54.230988
	17	29	41.868843
	17	30	38.327538
	17	31	40.36087
	17	32	12.165525
	17	33	21.377558
	17	34	22.090721
	17	35	74.41102
	17	36	24.083189
	17	37	18.439089
	17	38	63.529522
	17	39	54.91812
	17	40	36.221542
	17	41	34.058773
	17	42	53.935146
	17	43	34.36568
	17	44	72.44998
	17	45	32.38827
	17	46	21.023796
	17	47	50.219517
	17	48	17.20465
	17	49	15.033297
	17	50	58.0517
	17	51	31.827662
	17	52	54.781384
	17	53	24.186773
	17	54	52.201534
	17	55	60.299255
	17	56	51.47815
	17	57	34.785053
	17	58	64.327286
	17	59	57.870544
	17	60	46.615448
	17	61	39.849716
	17	62	41.231056
	17	63	61.13101
	17	64	29.732138
	17	65	66.21933
	17	66	41.04875
	17	67	44.28318
	17	68	15.033297
	17	69	43.840622
	17	70	38.600517
	17	71	30.413813
	17	72	26.24881
	17	73	20.09975
	17	74	21.84033
	17	75	44.777225
	17	76	47.169907
	17	77	59.94164
	17	78	23.194826
	17	79	20.880613
	17	80	61.09828
	17	81	11.313708
	17	82	9.219544
	17	83	50.48762
	17	84	43.931767
	17	85	59.22837
	17	86	42.44997
	17	87	20.09975
	17	88	49.819675
	17	89	21.540659
	17	90	30.0
	17	91	23.0
	17	92	48.754486
	17	93	33.54102
	17	94	37.48333
	17	95	27.166155
	17	96	30.675724
	17	97	55.0
	17	98	22.022715
	17	99	48.08326
	18	0	73.1642
	18	1	85.0
	18	2	57.280014
	18	3	58.5235
	18	4	58.59181
	18	5	37.363083
	18	6	59.39697
	18	7	71.34424
	18	8	59.3043
	18	9	38.209946
	18	10	59.405388
	18	11	89.560036
	18	12	34.36568
	18	13	46.69047
	18	14	83.60024
	18	15	76.537575
	18	16	78.05767
	18	17	44.553337
	18	18	0.0
	18	19	111.73182
	18	20	80.75271
	18	21	42.48529
	18	22	9.219544
	18	23	93.8616
	18	24	67.06713
	18	25	77.388626
	18	26	82.764725
	18	27	2.828427
	18	28	96.79876
	18	29	64.12488
	18	30	80.26207
	18	31	4.472136
	18	32	38.948685
	18	33	59.48109
	18	34	34.48188
	18	35	118.869675
	18	36	33.955853
	18	37	56.435802
	18	38	106.83164
	18	39	95.27329
	18	40	76.05919
	18	41	73.3553
	18	42	86.833176
	18	43	26.076809
	18	44	115.37764
	18	45	37.01351
	18	46	42.72002
	18	47	72.06247
	18	48	27.802877
	18	49	56.859474
	18	50	74.330345
	18	51	54.589375
	18	52	97.41663
	18	53	62.177166
	18	54	81.21576
	18	55	94.641426
	18	56	85.72631
	18	57	68.007355
	18	58	95.90099
	18	59	97.50897
	18	60	58.30952
	18	61	81.8352
	18	62	74.330345
	18	63	102.0
	18	64	62.968246
	18	65	106.89247
	18	66	54.037025
	18	67	72.18033
	18	68	34.88553
	18	69	63.0
	18	70	82.87943
	18	71	46.173584
	18	72	70.724815
	18	73	61.294373
	18	74	27.313
	18	75	74.1485
	18	76	89.88882
	18	77	85.052925
	18	78	29.410883
	18	79	63.82006
	18	80	103.24728
	18	81	33.24154
	18	82	46.043457
	18	83	90.37699
	18	84	60.00833
	18	85	99.282425
	18	86	3.0
	18	87	35.735138
	18	88	7.0
	18	89	40.804413
	18	90	32.01562
	18	91	63.134777
	18	92	92.086914
	18	93	26.076809
	18	94	7.071068
	18	95	35.22783
	18	96	21.213203
	18	97	91.76056
	18	98	31.622776
	18	99	79.83107
	19	0	67.26812
	19	1	80.305664
	19	2	54.451813
	19	3	63.15853
	19	4	59.03389
	19	5	99.31767
	19	6	52.34501
	19	7	73.33485
	19	8	75.0
	19	9	85.08819
	19	10	54.08327
	19	11	70.85902
	19	12	95.71311
	19	13	77.820305
	19	14	30.870699
	19	15	55.443665
	19	16	81.02469
	19	17	67.17886
	19	18	111.73182
	19	19	0.0
	19	20	67.0
	19	21	72.42237
	19	22	111.5213
	19	23	20.248457
	19	24	57.567352
	19	25	46.09772
	19	26	41.303753
	19	27	108.903625
	19	28	27.166155
	19	29	75.70998
	19	30	38.600517
	19	31	107.51744
	19	32	74.8131
	19	33	57.706154
	19	34	83.21658
	19	35	9.055386
	19	36	84.90583
	19	37	59.5399
	19	38	20.12461
	19	39	37.48333
	19	40	45.35416
	19	41	47.801674
	19	42	58.30952
	19	43	97.097885
	19	44	24.083189
	19	45	89.94443
	19	46	76.66159
	19	47	77.23341
	19	48	84.17244
	19	49	56.61272
	19	50	87.0919
	19	51	74.672615
	19	52	27.166155
	19	53	55.946404
	19	54	66.0303
	19	55	55.542778
	19	56	55.145264
	19	57	59.908264
	19	58	63.06346
	19	59	39.293766
	19	60	88.29496
	19	61	37.107952
	19	62	58.420887
	19	63	34.176014
	19	64	61.03278
	19	65	35.35534
	19	66	85.44004
	19	67	67.36468
	19	68	79.025314
	19	69	79.83107
	19	70	29.681644
	19	71	81.437096
	19	72	41.109608
	19	73	53.338543
	19	74	87.005745
	19	75	65.37584
	19	76	30.265491
	19	77	75.16648
	19	78	86.83893
	19	79	49.648766
	19	80	27.856777
	19	81	78.492035
	19	82	67.20119
	19	83	40.04997
	19	84	82.9759
	19	85	37.64306
	19	86	109.60383
	19	87	81.27115
	19	88	116.846054
	19	89	78.39005
	19	90	90.73588
	19	91	53.235325
	19	92	26.305893
	19	93	96.519424
	19	94	104.66136
	19	95	86.608315
	19	96	95.80188
	19	97	48.6621
	19	98	84.87638
	19	99	61.03278
	20	0	90.60905
	20	1	108.97706
	20	2	48.60041
	20	3	26.57066
	20	4	67.00746
	20	5	93.40771
	20	6	49.0408
	20	7	94.493385
	20	8	21.587032
	20	9	42.579338
	20	10	58.258045
	20	11	104.80458
	20	12	88.0568
	20	13	34.132095
	20	14	41.109608
	20	15	13.892444
	20	16	14.142136
	20	17	52.0
	20	18	80.75271
	20	19	67.0
	20	20	0.0
	20	21	42.755116
	20	22	86.09297
	20	23	48.507732
	20	24	20.808653
	20	25	24.166092
	20	26	74.330345
	20	27	78.51752
	20	28	75.026665
	20	29	17.464249
	20	30	31.95309
	20	31	78.31347
	20	32	46.69047
	20	33	31.38471
	20	34	73.37575
	20	35	76.00658
	20	36	75.28612
	20	37	64.40497
	20	38	78.10249
	20	39	30.594116
	20	40	71.21797
	20	41	70.93659
	20	42	93.23626
	20	43	83.360664
	20	44	86.492775
	20	45	44.64303
	20	46	39.012817
	20	47	98.23441
	20	48	58.30952
	20	49	39.115215
	20	50	107.415085
	20	51	26.172504
	20	52	40.112343
	20	53	67.357254
	20	54	95.48299
	20	55	96.519424
	20	56	89.81091
	20	57	17.492855
	20	58	103.00485
	20	59	85.86617
	20	60	98.005104
	20	61	68.26419
	20	62	83.450584
	20	63	85.23497
	20	64	75.28612
	20	65	89.537704
	20	66	92.5905
	20	67	89.938866
	20	68	49.25444
	20	69	20.248457
	20	70	56.797886
	20	71	34.713108
	20	72	50.606323
	20	73	60.959003
	20	74	70.40597
	20	75	7.28011
	20	76	37.215588
	20	77	9.433981
	20	78	73.00685
	20	79	38.209946
	20	80	81.27115
	20	81	57.271286
	20	82	60.373837
	20	83	27.073973
	20	84	94.66784
	20	85	85.90693
	20	86	77.781746
	20	87	46.0
	20	88	87.69264
	20	89	73.53911
	20	90	49.0306
	20	91	32.01562
	20	92	41.19466
	20	93	55.542778
	20	94	75.23962
	20	95	45.54119
	20	96	77.64664
	20	97	89.04493
	20	98	72.53275
	20	99	6.3245554
	21	0	58.60034
	21	1	76.15773
	21	2	21.213203
	21	3	17.029387
	21	4	34.785053
	21	5	50.92151
	21	6	23.345236
	21	7	60.53924
	21	8	24.698177
	21	9	15.0
	21	10	29.15476
	21	11	75.39231
	21	12	45.54119
	21	13	13.601471
	21	14	42.44997
	21	15	35.22783
	21	16	45.65085
	21	17	13.416408
	21	18	42.48529
	21	19	72.42237
	21	20	42.755116
	21	21	0.0
	21	22	45.607018
	21	23	53.15073
	21	24	25.317978
	21	25	34.928497
	21	26	54.00926
	21	27	39.812057
	21	28	63.788715
	21	29	30.016663
	21	30	38.013157
	21	31	39.0
	21	32	4.0
	21	33	17.0
	21	34	31.304953
	21	35	80.454956
	21	36	33.105892
	21	37	31.622776
	21	38	72.11102
	21	39	52.801514
	21	40	48.04165
	21	41	46.173584
	21	42	66.94027
	21	43	40.60788
	21	44	81.27115
	21	45	20.024984
	21	46	7.615773
	21	47	63.51378
	21	48	16.124516
	21	49	15.811388
	21	50	71.063354
	21	51	19.416489
	21	52	55.21775
	21	53	37.107952
	21	54	65.551506
	21	55	72.99315
	21	56	64.327286
	21	57	27.018513
	21	58	77.36925
	21	59	69.115845
	21	60	58.796257
	21	61	50.358715
	21	62	54.405884
	21	63	71.70077
	21	64	43.081318
	21	65	76.79192
	21	66	53.15073
	21	67	57.697487
	21	68	7.615773
	21	69	31.400637
	21	70	46.238514
	21	71	17.0
	21	72	33.83785
	21	73	32.24903
	21	74	27.658634
	21	75	35.510563
	21	76	47.801674
	21	77	49.648766
	21	78	30.364452
	21	79	22.803509
	21	80	70.83079
	21	81	14.56022
	21	82	22.472204
	21	83	47.92703
	21	84	56.586216
	21	85	70.256676
	21	86	39.824615
	21	87	8.944272
	21	88	48.8467
	21	89	32.80244
	21	90	18.973665
	21	91	20.808653
	21	92	50.32892
	21	93	24.186773
	21	94	35.846897
	21	95	15.297058
	21	96	35.057095
	21	97	67.26812
	21	98	30.083218
	21	99	40.04997
	22	0	67.72001
	22	1	78.23043
	22	2	57.428215
	22	3	62.369865
	22	4	55.803226
	22	5	29.274563
	22	6	59.405388
	22	7	65.30697
	22	8	65.00769
	22	9	44.102154
	22	10	57.982758
	22	11	83.546394
	22	12	27.018513
	22	13	52.009613
	22	14	84.723076
	22	15	80.60397
	22	16	84.59315
	22	17	44.94441
	22	18	9.219544
	22	19	111.5213
	22	20	86.09297
	22	21	45.607018
	22	22	0.0
	22	23	94.57801
	22	24	70.83079
	22	25	80.32434
	22	26	79.881165
	22	27	9.433981
	22	28	94.641426
	22	29	70.064255
	22	30	82.346825
	22	31	8.5440035
	22	32	41.761227
	22	33	62.297672
	22	34	30.528675
	22	35	118.19052
	22	36	29.529646
	22	37	54.037025
	22	38	104.99524
	22	39	98.0816
	22	40	73.239334
	22	41	70.45566
	22	42	81.9329
	22	43	19.416489
	22	44	113.22986
	22	45	43.737854
	22	46	47.26521
	22	47	65.62012
	22	48	29.732138
	22	49	58.60034
	22	50	67.00746
	22	51	60.00833
	22	52	99.282425
	22	53	59.405388
	22	54	75.690155
	22	55	89.88882
	22	56	81.154175
	22	57	72.18033
	22	58	90.52071
	22	59	94.15413
	22	60	51.0
	22	61	79.64923
	22	62	69.856995
	22	63	99.0202
	22	64	59.05929
	22	65	103.773796
	22	66	47.169907
	22	67	66.760765
	22	68	38.078865
	22	69	69.354164
	22	70	82.13403
	22	71	52.086468
	22	72	70.434364
	22	73	59.464275
	22	74	24.758837
	22	75	79.22752
	22	76	91.67879
	22	77	91.08787
	22	78	25.806976
	22	79	65.29931
	22	80	100.80179
	22	81	34.0
	22	82	44.553337
	22	83	93.30059
	22	84	53.235325
	22	85	96.04166
	22	86	11.401754
	22	87	40.1995
	22	88	7.071068
	22	89	36.71512
	22	90	38.470768
	22	91	65.551506
	22	92	93.53609
	22	93	33.24154
	22	94	11.18034
	22	95	41.109608
	22	96	16.643316
	22	97	87.66413
	22	98	28.01785
	22	99	84.59315
	23	0	61.39218
	23	1	77.491936
	23	2	37.215588
	23	3	42.953465
	23	4	46.52956
	23	5	86.127815
	23	6	35.35534
	23	7	67.08204
	23	8	54.81788
	23	9	65.192024
	23	10	39.56008
	23	11	69.77822
	23	12	81.908485
	23	13	57.706154
	23	14	10.816654
	23	15	36.0
	23	16	62.201286
	23	17	49.648766
	23	18	93.8616
	23	19	20.248457
	23	20	48.507732
	23	21	53.15073
	23	22	94.57801
	23	23	0.0
	23	24	37.363083
	23	25	26.172504
	23	26	36.769554
	23	27	91.04944
	23	28	29.732138
	23	29	55.7315
	23	30	18.439089
	23	31	89.81091
	23	32	55.86591
	23	33	37.735924
	23	34	68.154236
	23	35	29.12044
	23	36	70.00714
	23	37	46.09772
	23	38	30.083218
	23	39	22.203604
	23	40	37.85499
	23	41	39.45884
	23	42	56.797886
	23	43	81.939
	23	44	38.078865
	23	45	69.97142
	23	46	56.859474
	23	47	71.19691
	23	48	66.068146
	23	49	37.48333
	23	50	81.394104
	23	51	54.42426
	23	52	12.806249
	23	53	44.181442
	23	54	62.625874
	23	55	56.859474
	23	56	53.225933
	23	57	39.812057
	23	58	64.3506
	23	59	42.44997
	23	60	79.00633
	23	61	30.675724
	23	62	52.392746
	23	63	39.824615
	23	64	51.0
	23	65	43.266617
	23	66	75.16648
	23	67	61.188232
	23	68	60.108234
	23	69	59.841457
	23	70	18.248287
	23	71	61.269894
	23	72	25.298222
	23	73	39.812057
	23	74	70.71068
	23	75	46.0
	23	76	11.401754
	23	77	57.271286
	23	78	71.11259
	23	79	30.413813
	23	80	34.669872
	23	81	60.80296
	23	82	51.47815
	23	83	22.847319
	23	84	74.00676
	23	85	41.725292
	23	86	91.5478
	23	87	61.846584
	23	88	99.40322
	23	89	64.195015
	23	90	71.02816
	23	91	33.286633
	23	92	7.615773
	23	93	77.00649
	23	94	86.833176
	23	95	66.85058
	23	96	79.64923
	23	97	49.09175
	23	98	69.354164
	23	99	42.296574
	24	0	70.00714
	24	1	88.391174
	24	2	27.802877
	24	3	8.5440035
	24	4	46.227695
	24	5	74.1485
	24	6	28.319605
	24	7	73.756355
	24	8	17.464249
	24	9	31.400637
	24	10	37.536648
	24	11	84.646324
	24	12	68.88396
	24	13	22.671568
	24	14	27.294687
	24	15	10.0
	24	16	30.016663
	24	17	32.01562
	24	18	67.06713
	24	19	57.567352
	24	20	20.808653
	24	21	25.317978
	24	22	70.83079
	24	23	37.363083
	24	24	0.0
	24	25	12.206555
	24	26	55.461697
	24	27	64.513565
	24	28	58.855755
	24	29	19.026299
	24	30	18.973665
	24	31	63.89053
	24	32	29.274563
	24	33	10.770329
	24	34	53.935146
	24	35	66.48308
	24	36	55.9017
	24	37	43.60046
	24	38	64.00781
	24	39	29.206163
	24	40	51.62364
	24	41	51.0392
	24	42	73.4983
	24	43	65.06919
	24	44	73.00685
	24	45	35.383614
	24	46	24.596748
	24	47	77.46612
	24	48	41.4367
	24	49	18.35756
	24	50	86.608315
	24	51	17.492855
