data;

param n := 100;

param p := 10;

param alpha := 27.780969619750977;

param c := 
	0	0	0.0
	0	1	24.0
	0	2	73.0
	0	3	145.0
	0	4	106.0
	0	5	118.0
	0	6	151.0
	0	7	144.0
	0	8	196.0
	0	9	158.0
	0	10	104.0
	0	11	94.0
	0	12	127.0
	0	13	128.0
	0	14	147.0
	0	15	51.0
	0	16	90.0
	0	17	75.0
	0	18	74.0
	0	19	75.0
	0	20	78.0
	0	21	86.0
	0	22	41.0
	0	23	49.0
	0	24	123.0
	0	25	132.0
	0	26	123.0
	0	27	194.0
	0	28	140.0
	0	29	63.0
	0	30	128.0
	0	31	114.0
	0	32	132.0
	0	33	111.0
	0	34	71.0
	0	35	60.0
	0	36	39.0
	0	37	124.0
	0	38	177.0
	0	39	141.0
	0	40	142.0
	0	41	160.0
	0	42	129.0
	0	43	104.0
	0	44	147.0
	0	45	177.0
	0	46	141.0
	0	47	69.0
	0	48	126.0
	0	49	81.0
	0	50	107.0
	0	51	134.0
	0	52	117.0
	0	53	112.0
	0	54	98.0
	0	55	65.0
	0	56	41.0
	0	57	33.0
	0	58	124.0
	0	59	129.0
	0	60	127.0
	0	61	144.0
	0	62	117.0
	0	63	65.0
	0	64	86.0
	0	65	53.0
	0	66	48.0
	0	67	74.0
	0	68	151.0
	0	69	51.0
	0	70	50.0
	0	71	77.0
	0	72	104.0
	0	73	171.0
	0	74	170.0
	0	75	122.0
	0	76	103.0
	0	77	186.0
	0	78	139.0
	0	79	135.0
	0	80	94.0
	0	81	93.0
	0	82	26.0
	0	83	63.0
	0	84	132.0
	0	85	155.0
	0	86	72.0
	0	87	78.0
	0	88	89.0
	0	89	88.0
	0	90	31.0
	0	91	91.0
	0	92	113.0
	0	93	102.0
	0	94	77.0
	0	95	66.0
	0	96	77.0
	0	97	107.0
	0	98	101.0
	0	99	94.0
	1	0	24.0
	1	1	0.0
	1	2	49.0
	1	3	121.0
	1	4	82.0
	1	5	94.0
	1	6	142.0
	1	7	135.0
	1	8	187.0
	1	9	152.0
	1	10	80.0
	1	11	70.0
	1	12	103.0
	1	13	104.0
	1	14	157.0
	1	15	61.0
	1	16	100.0
	1	17	89.0
	1	18	61.0
	1	19	51.0
	1	20	54.0
	1	21	97.0
	1	22	55.0
	1	23	63.0
	1	24	99.0
	1	25	108.0
	1	26	99.0
	1	27	170.0
	1	28	140.0
	1	29	87.0
	1	30	152.0
	1	31	90.0
	1	32	108.0
	1	33	125.0
	1	34	58.0
	1	35	47.0
	1	36	57.0
	1	37	142.0
	1	38	159.0
	1	39	123.0
	1	40	124.0
	1	41	136.0
	1	42	105.0
	1	43	80.0
	1	44	123.0
	1	45	153.0
	1	46	117.0
	1	47	45.0
	1	48	138.0
	1	49	99.0
	1	50	103.0
	1	51	130.0
	1	52	129.0
	1	53	136.0
	1	54	89.0
	1	55	41.0
	1	56	17.0
	1	57	9.0
	1	58	100.0
	1	59	143.0
	1	60	114.0
	1	61	120.0
	1	62	93.0
	1	63	61.0
	1	64	100.0
	1	65	77.0
	1	66	72.0
	1	67	98.0
	1	68	127.0
	1	69	27.0
	1	70	46.0
	1	71	95.0
	1	72	86.0
	1	73	147.0
	1	74	181.0
	1	75	133.0
	1	76	114.0
	1	77	179.0
	1	78	149.0
	1	79	111.0
	1	80	70.0
	1	81	69.0
	1	82	2.0
	1	83	39.0
	1	84	108.0
	1	85	160.0
	1	86	82.0
	1	87	88.0
	1	88	65.0
	1	89	64.0
	1	90	7.0
	1	91	67.0
	1	92	89.0
	1	93	78.0
	1	94	53.0
	1	95	42.0
	1	96	53.0
	1	97	83.0
	1	98	125.0
	1	99	118.0
	2	0	73.0
	2	1	49.0
	2	2	0.0
	2	3	72.0
	2	4	108.0
	2	5	86.0
	2	6	154.0
	2	7	147.0
	2	8	199.0
	2	9	201.0
	2	10	129.0
	2	11	119.0
	2	12	152.0
	2	13	153.0
	2	14	206.0
	2	15	110.0
	2	16	149.0
	2	17	138.0
	2	18	110.0
	2	19	100.0
	2	20	103.0
	2	21	146.0
	2	22	104.0
	2	23	112.0
	2	24	50.0
	2	25	72.0
	2	26	81.0
	2	27	152.0
	2	28	189.0
	2	29	136.0
	2	30	201.0
	2	31	139.0
	2	32	157.0
	2	33	174.0
	2	34	107.0
	2	35	96.0
	2	36	106.0
	2	37	191.0
	2	38	176.0
	2	39	140.0
	2	40	139.0
	2	41	87.0
	2	42	152.0
	2	43	127.0
	2	44	170.0
	2	45	202.0
	2	46	166.0
	2	47	94.0
	2	48	187.0
	2	49	148.0
	2	50	152.0
	2	51	164.0
	2	52	178.0
	2	53	150.0
	2	54	101.0
	2	55	30.0
	2	56	54.0
	2	57	58.0
	2	58	149.0
	2	59	192.0
	2	60	163.0
	2	61	169.0
	2	62	142.0
	2	63	110.0
	2	64	149.0
	2	65	126.0
	2	66	121.0
	2	67	147.0
	2	68	176.0
	2	69	76.0
	2	70	95.0
	2	71	144.0
	2	72	135.0
	2	73	98.0
	2	74	162.0
	2	75	182.0
	2	76	163.0
	2	77	226.0
	2	78	198.0
	2	79	160.0
	2	80	119.0
	2	81	118.0
	2	82	51.0
	2	83	88.0
	2	84	157.0
	2	85	190.0
	2	86	131.0
	2	87	137.0
	2	88	114.0
	2	89	113.0
	2	90	56.0
	2	91	113.0
	2	92	91.0
	2	93	127.0
	2	94	102.0
	2	95	91.0
	2	96	102.0
	2	97	132.0
	2	98	161.0
	2	99	167.0
	3	0	145.0
	3	1	121.0
	3	2	72.0
	3	3	0.0
	3	4	46.0
	3	5	68.0
	3	6	154.0
	3	7	161.0
	3	8	213.0
	3	9	187.0
	3	10	201.0
	3	11	191.0
	3	12	224.0
	3	13	193.0
	3	14	276.0
	3	15	180.0
	3	16	219.0
	3	17	190.0
	3	18	182.0
	3	19	140.0
	3	20	143.0
	3	21	215.0
	3	22	170.0
	3	23	178.0
	3	24	104.0
	3	25	82.0
	3	26	73.0
	3	27	131.0
	3	28	184.0
	3	29	208.0
	3	30	205.0
	3	31	134.0
	3	32	133.0
	3	33	214.0
	3	34	179.0
	3	35	168.0
	3	36	168.0
	3	37	166.0
	3	38	104.0
	3	39	68.0
	3	40	67.0
	3	41	15.0
	3	42	115.0
	3	43	137.0
	3	44	180.0
	3	45	197.0
	3	46	238.0
	3	47	166.0
	3	48	181.0
	3	49	136.0
	3	50	119.0
	3	51	92.0
	3	52	119.0
	3	53	164.0
	3	54	133.0
	3	55	102.0
	3	56	126.0
	3	57	130.0
	3	58	221.0
	3	59	208.0
	3	60	221.0
	3	61	225.0
	3	62	214.0
	3	63	161.0
	3	64	215.0
	3	65	198.0
	3	66	193.0
	3	67	219.0
	3	68	248.0
	3	69	148.0
	3	70	167.0
	3	71	132.0
	3	72	105.0
	3	73	170.0
	3	74	234.0
	3	75	251.0
	3	76	232.0
	3	77	236.0
	3	78	185.0
	3	79	232.0
	3	80	191.0
	3	81	190.0
	3	82	123.0
	3	83	128.0
	3	84	146.0
	3	85	190.0
	3	86	188.0
	3	87	182.0
	3	88	186.0
	3	89	185.0
	3	90	128.0
	3	91	95.0
	3	92	73.0
	3	93	122.0
	3	94	97.0
	3	95	86.0
	3	96	97.0
	3	97	108.0
	3	98	175.0
	3	99	182.0
	4	0	106.0
	4	1	82.0
	4	2	108.0
	4	3	46.0
	4	4	0.0
	4	5	22.0
	4	6	108.0
	4	7	115.0
	4	8	167.0
	4	9	160.0
	4	10	162.0
	4	11	152.0
	4	12	185.0
	4	13	186.0
	4	14	230.0
	4	15	134.0
	4	16	173.0
	4	17	158.0
	4	18	143.0
	4	19	133.0
	4	20	136.0
	4	21	169.0
	4	22	124.0
	4	23	132.0
	4	24	58.0
	4	25	36.0
	4	26	27.0
	4	27	98.0
	4	28	138.0
	4	29	169.0
	4	30	159.0
	4	31	88.0
	4	32	106.0
	4	33	187.0
	4	34	140.0
	4	35	129.0
	4	36	122.0
	4	37	207.0
	4	38	150.0
	4	39	114.0
	4	40	113.0
	4	41	61.0
	4	42	116.0
	4	43	91.0
	4	44	134.0
	4	45	151.0
	4	46	192.0
	4	47	123.0
	4	48	184.0
	4	49	139.0
	4	50	80.0
	4	51	107.0
	4	52	127.0
	4	53	118.0
	4	54	87.0
	4	55	123.0
	4	56	99.0
	4	57	91.0
	4	58	182.0
	4	59	175.0
	4	60	175.0
	4	61	179.0
	4	62	175.0
	4	63	122.0
	4	64	169.0
	4	65	159.0
	4	66	154.0
	4	67	180.0
	4	68	209.0
	4	69	109.0
	4	70	128.0
	4	71	135.0
	4	72	108.0
	4	73	202.0
	4	74	253.0
	4	75	205.0
	4	76	186.0
	4	77	190.0
	4	78	182.0
	4	79	189.0
	4	80	148.0
	4	81	147.0
	4	82	80.0
	4	83	82.0
	4	84	107.0
	4	85	144.0
	4	86	155.0
	4	87	161.0
	4	88	147.0
	4	89	146.0
	4	90	89.0
	4	91	49.0
	4	92	27.0
	4	93	76.0
	4	94	51.0
	4	95	40.0
	4	96	51.0
	4	97	105.0
	4	98	129.0
	4	99	136.0
	5	0	118.0
	5	1	94.0
	5	2	86.0
	5	3	68.0
	5	4	22.0
	5	5	0.0
	5	6	86.0
	5	7	93.0
	5	8	145.0
	5	9	182.0
	5	10	160.0
	5	11	150.0
	5	12	183.0
	5	13	184.0
	5	14	238.0
	5	15	142.0
	5	16	181.0
	5	17	146.0
	5	18	155.0
	5	19	131.0
	5	20	134.0
	5	21	173.0
	5	22	128.0
	5	23	120.0
	5	24	36.0
	5	25	14.0
	5	26	5.0
	5	27	76.0
	5	28	160.0
	5	29	181.0
	5	30	181.0
	5	31	110.0
	5	32	128.0
	5	33	209.0
	5	34	152.0
	5	35	141.0
	5	36	130.0
	5	37	215.0
	5	38	172.0
	5	39	136.0
	5	40	135.0
	5	41	83.0
	5	42	94.0
	5	43	69.0
	5	44	112.0
	5	45	173.0
	5	46	211.0
	5	47	139.0
	5	48	180.0
	5	49	161.0
	5	50	102.0
	5	51	129.0
	5	52	149.0
	5	53	96.0
	5	54	109.0
	5	55	116.0
	5	56	97.0
	5	57	89.0
	5	58	180.0
	5	59	153.0
	5	60	197.0
	5	61	200.0
	5	62	173.0
	5	63	141.0
	5	64	173.0
	5	65	171.0
	5	66	166.0
	5	67	192.0
	5	68	207.0
	5	69	107.0
	5	70	126.0
	5	71	157.0
	5	72	130.0
	5	73	184.0
	5	74	248.0
	5	75	209.0
	5	76	190.0
	5	77	168.0
	5	78	204.0
	5	79	205.0
	5	80	164.0
	5	81	163.0
	5	82	96.0
	5	83	104.0
	5	84	129.0
	5	85	122.0
	5	86	163.0
	5	87	169.0
	5	88	145.0
	5	89	144.0
	5	90	87.0
	5	91	27.0
	5	92	5.0
	5	93	98.0
	5	94	73.0
	5	95	62.0
	5	96	73.0
	5	97	127.0
	5	98	107.0
	5	99	114.0
	6	0	151.0
	6	1	142.0
	6	2	154.0
	6	3	154.0
	6	4	108.0
	6	5	86.0
	6	6	0.0
	6	7	7.0
	6	8	59.0
	6	9	107.0
	6	10	179.0
	6	11	189.0
	6	12	222.0
	6	13	204.0
	6	14	220.0
	6	15	124.0
	6	16	163.0
	6	17	121.0
	6	18	147.0
	6	19	175.0
	6	20	178.0
	6	21	155.0
	6	22	110.0
	6	23	118.0
	6	24	122.0
	6	25	100.0
	6	26	91.0
	6	27	162.0
	6	28	176.0
	6	29	202.0
	6	30	137.0
	6	31	148.0
	6	32	161.0
	6	33	211.0
	6	34	144.0
	6	35	133.0
	6	36	112.0
	6	37	197.0
	6	38	204.0
	6	39	168.0
	6	40	167.0
	6	41	169.0
	6	42	172.0
	6	43	155.0
	6	44	198.0
	6	45	211.0
	6	46	199.0
	6	47	183.0
	6	48	186.0
	6	49	154.0
	6	50	115.0
	6	51	142.0
	6	52	165.0
	6	53	102.0
	6	54	53.0
	6	55	124.0
	6	56	148.0
	6	57	151.0
	6	58	242.0
	6	59	175.0
	6	60	200.0
	6	61	219.0
	6	62	192.0
	6	63	134.0
	6	64	155.0
	6	65	204.0
	6	66	199.0
	6	67	225.0
	6	68	228.0
	6	69	138.0
	6	70	119.0
	6	71	150.0
	6	72	146.0
	6	73	240.0
	6	74	239.0
	6	75	191.0
	6	76	172.0
	6	77	254.0
	6	78	186.0
	6	79	242.0
	6	80	208.0
	6	81	207.0
	6	82	140.0
	6	83	142.0
	6	84	88.0
	6	85	36.0
	6	86	119.0
	6	87	125.0
	6	88	164.0
	6	89	165.0
	6	90	149.0
	6	91	113.0
	6	92	91.0
	6	93	136.0
	6	94	111.0
	6	95	100.0
	6	96	89.0
	6	97	143.0
	6	98	113.0
	6	99	120.0
	7	0	144.0
	7	1	135.0
	7	2	147.0
	7	3	161.0
	7	4	115.0
	7	5	93.0
	7	6	7.0
	7	7	0.0
	7	8	52.0
	7	9	100.0
	7	10	172.0
	7	11	182.0
	7	12	215.0
	7	13	197.0
	7	14	213.0
	7	15	117.0
	7	16	156.0
	7	17	128.0
	7	18	140.0
	7	19	168.0
	7	20	171.0
	7	21	148.0
	7	22	103.0
	7	23	111.0
	7	24	129.0
	7	25	107.0
	7	26	98.0
	7	27	169.0
	7	28	169.0
	7	29	195.0
	7	30	130.0
	7	31	141.0
	7	32	154.0
	7	33	204.0
	7	34	137.0
	7	35	126.0
	7	36	105.0
	7	37	190.0
	7	38	211.0
	7	39	175.0
	7	40	174.0
	7	41	176.0
	7	42	179.0
	7	43	162.0
	7	44	205.0
	7	45	204.0
	7	46	206.0
	7	47	176.0
	7	48	179.0
	7	49	147.0
	7	50	122.0
	7	51	149.0
	7	52	158.0
	7	53	95.0
	7	54	46.0
	7	55	117.0
	7	56	141.0
	7	57	144.0
	7	58	235.0
	7	59	182.0
	7	60	193.0
	7	61	212.0
	7	62	185.0
	7	63	127.0
	7	64	148.0
	7	65	197.0
	7	66	192.0
	7	67	218.0
	7	68	231.0
	7	69	131.0
	7	70	112.0
	7	71	143.0
	7	72	139.0
	7	73	233.0
	7	74	232.0
	7	75	184.0
	7	76	165.0
	7	77	248.0
	7	78	193.0
	7	79	242.0
	7	80	201.0
	7	81	200.0
	7	82	133.0
	7	83	135.0
	7	84	95.0
	7	85	43.0
	7	86	126.0
	7	87	132.0
	7	88	171.0
	7	89	172.0
	7	90	142.0
	7	91	120.0
	7	92	98.0
	7	93	129.0
	7	94	104.0
	7	95	93.0
	7	96	82.0
	7	97	136.0
	7	98	106.0
	7	99	113.0
	8	0	196.0
	8	1	187.0
	8	2	199.0
	8	3	213.0
	8	4	167.0
	8	5	145.0
	8	6	59.0
	8	7	52.0
	8	8	0.0
	8	9	48.0
	8	10	120.0
	8	11	130.0
	8	12	163.0
	8	13	213.0
	8	14	265.0
	8	15	169.0
	8	16	208.0
	8	17	180.0
	8	18	192.0
	8	19	220.0
	8	20	223.0
	8	21	200.0
	8	22	155.0
	8	23	163.0
	8	24	181.0
	8	25	159.0
	8	26	150.0
	8	27	221.0
	8	28	220.0
	8	29	143.0
	8	30	78.0
	8	31	120.0
	8	32	102.0
	8	33	183.0
	8	34	189.0
	8	35	178.0
	8	36	157.0
	8	37	239.0
	8	38	205.0
	8	39	169.0
	8	40	168.0
	8	41	220.0
	8	42	198.0
	8	43	173.0
	8	44	216.0
	8	45	256.0
	8	46	258.0
	8	47	228.0
	8	48	231.0
	8	49	199.0
	8	50	170.0
	8	51	143.0
	8	52	170.0
	8	53	147.0
	8	54	98.0
	8	55	169.0
	8	56	193.0
	8	57	195.0
	8	58	286.0
	8	59	234.0
	8	60	245.0
	8	61	180.0
	8	62	153.0
	8	63	179.0
	8	64	200.0
	8	65	163.0
	8	66	158.0
	8	67	184.0
	8	68	278.0
	8	69	183.0
	8	70	164.0
	8	71	195.0
	8	72	191.0
	8	73	285.0
	8	74	284.0
	8	75	236.0
	8	76	217.0
	8	77	272.0
	8	78	245.0
	8	79	203.0
	8	80	162.0
	8	81	163.0
	8	82	185.0
	8	83	187.0
	8	84	147.0
	8	85	95.0
	8	86	178.0
	8	87	184.0
	8	88	223.0
	8	89	224.0
	8	90	193.0
	8	91	172.0
	8	92	150.0
	8	93	181.0
	8	94	156.0
	8	95	145.0
	8	96	134.0
	8	97	188.0
	8	98	158.0
	8	99	165.0
	9	0	158.0
	9	1	152.0
	9	2	201.0
	9	3	187.0
	9	4	160.0
	9	5	182.0
	9	6	107.0
	9	7	100.0
	9	8	48.0
	9	9	0.0
	9	10	72.0
	9	11	82.0
	9	12	115.0
	9	13	165.0
	9	14	263.0
	9	15	201.0
	9	16	240.0
	9	17	193.0
	9	18	213.0
	9	19	189.0
	9	20	192.0
	9	21	232.0
	9	22	187.0
	9	23	190.0
	9	24	202.0
	9	25	180.0
	9	26	187.0
	9	27	184.0
	9	28	172.0
	9	29	95.0
	9	30	30.0
	9	31	72.0
	9	32	54.0
	9	33	135.0
	9	34	202.0
	9	35	199.0
	9	36	189.0
	9	37	191.0
	9	38	157.0
	9	39	121.0
	9	40	120.0
	9	41	172.0
	9	42	150.0
	9	43	125.0
	9	44	168.0
	9	45	209.0
	9	46	250.0
	9	47	197.0
	9	48	211.0
	9	49	166.0
	9	50	122.0
	9	51	95.0
	9	52	122.0
	9	53	195.0
	9	54	146.0
	9	55	179.0
	9	56	155.0
	9	57	147.0
	9	58	238.0
	9	59	247.0
	9	60	215.0
	9	61	132.0
	9	62	105.0
	9	63	163.0
	9	64	165.0
	9	65	115.0
	9	66	110.0
	9	67	136.0
	9	68	230.0
	9	69	165.0
	9	70	178.0
	9	71	170.0
	9	72	158.0
	9	73	252.0
	9	74	316.0
	9	75	268.0
	9	76	249.0
	9	77	224.0
	9	78	211.0
	9	79	155.0
	9	80	114.0
	9	81	115.0
	9	82	154.0
	9	83	162.0
	9	84	149.0
	9	85	143.0
	9	86	218.0
	9	87	212.0
	9	88	203.0
	9	89	202.0
	9	90	145.0
	9	91	205.0
	9	92	187.0
	9	93	134.0
	9	94	109.0
	9	95	120.0
	9	96	131.0
	9	97	161.0
	9	98	206.0
	9	99	213.0
	10	0	104.0
	10	1	80.0
	10	2	129.0
	10	3	201.0
	10	4	162.0
	10	5	160.0
	10	6	179.0
	10	7	172.0
	10	8	120.0
	10	9	72.0
	10	10	0.0
	10	11	10.0
	10	12	43.0
	10	13	93.0
	10	14	191.0
	10	15	129.0
	10	16	168.0
	10	17	149.0
	10	18	141.0
	10	19	117.0
	10	20	120.0
	10	21	160.0
	10	22	115.0
	10	23	123.0
	10	24	179.0
	10	25	174.0
	10	26	165.0
	10	27	227.0
	10	28	220.0
	10	29	167.0
	10	30	102.0
	10	31	144.0
	10	32	126.0
	10	33	205.0
	10	34	138.0
	10	35	127.0
	10	36	117.0
	10	37	202.0
	10	38	198.0
	10	39	162.0
	10	40	163.0
	10	41	215.0
	10	42	185.0
	10	43	160.0
	10	44	203.0
	10	45	233.0
	10	46	197.0
	10	47	125.0
	10	48	139.0
	10	49	94.0
	10	50	133.0
	10	51	160.0
	10	52	187.0
	10	53	195.0
	10	54	169.0
	10	55	107.0
	10	56	83.0
	10	57	75.0
	10	58	166.0
	10	59	203.0
	10	60	143.0
	10	61	60.0
	10	62	33.0
	10	63	91.0
	10	64	160.0
	10	65	157.0
	10	66	152.0
	10	67	173.0
	10	68	193.0
	10	69	93.0
	10	70	106.0
	10	71	98.0
	10	72	125.0
	10	73	219.0
	10	74	244.0
	10	75	196.0
	10	76	177.0
	10	77	226.0
	10	78	139.0
	10	79	83.0
	10	80	42.0
	10	81	43.0
	10	82	82.0
	10	83	119.0
	10	84	160.0
	10	85	212.0
	10	86	146.0
	10	87	140.0
	10	88	131.0
	10	89	130.0
	10	90	73.0
	10	91	133.0
	10	92	155.0
	10	93	158.0
	10	94	133.0
	10	95	122.0
	10	96	133.0
	10	97	128.0
	10	98	184.0
	10	99	191.0
	11	0	94.0
	11	1	70.0
	11	2	119.0
	11	3	191.0
	11	4	152.0
	11	5	150.0
	11	6	189.0
	11	7	182.0
	11	8	130.0
	11	9	82.0
	11	10	10.0
	11	11	0.0
	11	12	33.0
	11	13	83.0
	11	14	181.0
	11	15	119.0
	11	16	158.0
	11	17	139.0
	11	18	131.0
	11	19	107.0
	11	20	110.0
	11	21	150.0
	11	22	105.0
	11	23	113.0
	11	24	169.0
	11	25	164.0
	11	26	155.0
	11	27	220.0
	11	28	210.0
	11	29	157.0
	11	30	112.0
	11	31	154.0
	11	32	136.0
	11	33	195.0
	11	34	128.0
	11	35	117.0
	11	36	107.0
	11	37	192.0
	11	38	191.0
	11	39	155.0
	11	40	156.0
	11	41	206.0
	11	42	175.0
	11	43	150.0
	11	44	193.0
	11	45	223.0
	11	46	187.0
	11	47	115.0
	11	48	149.0
	11	49	104.0
	11	50	123.0
	11	51	150.0
	11	52	177.0
	11	53	185.0
	11	54	159.0
	11	55	97.0
	11	56	73.0
	11	57	65.0
	11	58	156.0
	11	59	193.0
	11	60	133.0
	11	61	50.0
	11	62	23.0
	11	63	81.0
	11	64	150.0
	11	65	147.0
	11	66	142.0
	11	67	163.0
	11	68	183.0
	11	69	83.0
	11	70	96.0
	11	71	108.0
	11	72	118.0
	11	73	212.0
	11	74	234.0
	11	75	186.0
	11	76	167.0
	11	77	216.0
	11	78	129.0
	11	79	73.0
	11	80	32.0
	11	81	33.0
	11	82	72.0
	11	83	109.0
	11	84	150.0
	11	85	202.0
	11	86	140.0
	11	87	146.0
	11	88	121.0
	11	89	120.0
	11	90	63.0
	11	91	123.0
	11	92	145.0
	11	93	148.0
	11	94	123.0
	11	95	112.0
	11	96	123.0
	11	97	121.0
	11	98	174.0
	11	99	181.0
	12	0	127.0
	12	1	103.0
	12	2	152.0
	12	3	224.0
	12	4	185.0
	12	5	183.0
	12	6	222.0
	12	7	215.0
	12	8	163.0
	12	9	115.0
	12	10	43.0
	12	11	33.0
	12	12	0.0
	12	13	50.0
	12	14	148.0
	12	15	152.0
	12	16	191.0
	12	17	172.0
	12	18	164.0
	12	19	103.0
	12	20	100.0
	12	21	179.0
	12	22	138.0
	12	23	146.0
	12	24	202.0
	12	25	197.0
	12	26	188.0
	12	27	240.0
	12	28	243.0
	12	29	171.0
	12	30	145.0
	12	31	187.0
	12	32	169.0
	12	33	219.0
	12	34	161.0
	12	35	150.0
	12	36	140.0
	12	37	225.0
	12	38	211.0
	12	39	175.0
	12	40	176.0
	12	41	228.0
	12	42	208.0
	12	43	183.0
	12	44	226.0
	12	45	256.0
	12	46	220.0
	12	47	148.0
	12	48	182.0
	12	49	137.0
	12	50	156.0
	12	51	183.0
	12	52	210.0
	12	53	152.0
	12	54	192.0
	12	55	130.0
	12	56	106.0
	12	57	98.0
	12	58	189.0
	12	59	226.0
	12	60	166.0
	12	61	83.0
	12	62	56.0
	12	63	114.0
	12	64	183.0
	12	65	161.0
	12	66	156.0
	12	67	130.0
	12	68	216.0
	12	69	116.0
	12	70	129.0
	12	71	141.0
	12	72	138.0
	12	73	232.0
	12	74	263.0
	12	75	215.0
	12	76	196.0
	12	77	249.0
	12	78	162.0
	12	79	106.0
	12	80	65.0
	12	81	66.0
	12	82	105.0
	12	83	142.0
	12	84	183.0
	12	85	235.0
	12	86	173.0
	12	87	179.0
	12	88	154.0
	12	89	153.0
	12	90	96.0
	12	91	156.0
	12	92	178.0
	12	93	181.0
	12	94	156.0
	12	95	145.0
	12	96	156.0
	12	97	135.0
	12	98	141.0
	12	99	148.0
	13	0	128.0
	13	1	104.0
	13	2	153.0
	13	3	193.0
	13	4	186.0
	13	5	184.0
	13	6	204.0
	13	7	197.0
	13	8	213.0
	13	9	165.0
	13	10	93.0
	13	11	83.0
	13	12	50.0
	13	13	0.0
	13	14	98.0
	13	15	155.0
	13	16	194.0
	13	17	175.0
	13	18	130.0
	13	19	53.0
	13	20	50.0
	13	21	129.0
	13	22	141.0
	13	23	149.0
	13	24	203.0
	13	25	184.0
	13	26	189.0
	13	27	190.0
	13	28	198.0
	13	29	121.0
	13	30	186.0
	13	31	194.0
	13	32	192.0
	13	33	169.0
	13	34	155.0
	13	35	144.0
	13	36	143.0
	13	37	223.0
	13	38	161.0
	13	39	125.0
	13	40	126.0
	13	41	178.0
	13	42	209.0
	13	43	184.0
	13	44	227.0
	13	45	257.0
	13	46	221.0
	13	47	149.0
	13	48	164.0
	13	49	119.0
	13	50	178.0
	13	51	151.0
	13	52	178.0
	13	53	102.0
	13	54	151.0
	13	55	127.0
	13	56	103.0
	13	57	95.0
	13	58	186.0
	13	59	229.0
	13	60	211.0
	13	61	133.0
	13	62	106.0
	13	63	147.0
	13	64	161.0
	13	65	111.0
	13	66	106.0
	13	67	80.0
	13	68	174.0
	13	69	113.0
	13	70	132.0
	13	71	115.0
	13	72	88.0
	13	73	182.0
	13	74	213.0
	13	75	165.0
	13	76	146.0
	13	77	229.0
	13	78	162.0
	13	79	156.0
	13	80	115.0
	13	81	116.0
	13	82	106.0
	13	83	143.0
	13	84	205.0
	13	85	240.0
	13	86	171.0
	13	87	165.0
	13	88	155.0
	13	89	154.0
	13	90	97.0
	13	91	157.0
	13	92	179.0
	13	93	182.0
	13	94	157.0
	13	95	146.0
	13	96	139.0
	13	97	85.0
	13	98	91.0
	13	99	98.0
	14	0	147.0
	14	1	157.0
	14	2	206.0
	14	3	276.0
	14	4	230.0
	14	5	238.0
	14	6	220.0
	14	7	213.0
	14	8	265.0
	14	9	263.0
	14	10	191.0
	14	11	181.0
	14	12	148.0
	14	13	98.0
	14	14	0.0
	14	15	96.0
	14	16	135.0
	14	17	144.0
	14	18	124.0
	14	19	151.0
	14	20	148.0
	14	21	155.0
	14	22	110.0
	14	23	118.0
	14	24	202.0
	14	25	224.0
	14	26	233.0
	14	27	275.0
	14	28	287.0
	14	29	210.0
	14	30	275.0
	14	31	238.0
	14	32	244.0
	14	33	188.0
	14	34	121.0
	14	35	110.0
	14	36	108.0
	14	37	193.0
	14	38	246.0
	14	39	210.0
	14	40	211.0
	14	41	263.0
	14	42	214.0
	14	43	189.0
	14	44	232.0
	14	45	263.0
	14	46	222.0
	14	47	202.0
	14	48	195.0
	14	49	150.0
	14	50	176.0
	14	51	203.0
	14	52	186.0
	14	53	200.0
	14	54	167.0
	14	55	188.0
	14	56	164.0
	14	57	156.0
	14	58	247.0
	14	59	198.0
	14	60	177.0
	14	61	219.0
	14	62	192.0
	14	63	134.0
	14	64	155.0
	14	65	200.0
	14	66	195.0
	14	67	178.0
	14	68	226.0
	14	69	138.0
	14	70	119.0
	14	71	146.0
	14	72	173.0
	14	73	267.0
	14	74	239.0
	14	75	191.0
	14	76	172.0
	14	77	255.0
	14	78	184.0
	14	79	240.0
	14	80	213.0
	14	81	214.0
	14	82	159.0
	14	83	148.0
	14	84	203.0
	14	85	200.0
	14	86	117.0
	14	87	123.0
	14	88	162.0
	14	89	163.0
	14	90	158.0
	14	91	218.0
	14	92	240.0
	14	93	226.0
	14	94	201.0
	14	95	190.0
	14	96	201.0
	14	97	176.0
	14	98	189.0
	14	99	196.0
	15	0	51.0
	15	1	61.0
	15	2	110.0
	15	3	180.0
	15	4	134.0
	15	5	142.0
	15	6	124.0
	15	7	117.0
	15	8	169.0
	15	9	201.0
	15	10	129.0
	15	11	119.0
	15	12	152.0
	15	13	155.0
	15	14	96.0
	15	15	0.0
	15	16	39.0
	15	17	48.0
	15	18	28.0
	15	19	102.0
	15	20	105.0
	15	21	59.0
	15	22	14.0
	15	23	22.0
	15	24	106.0
	15	25	128.0
	15	26	137.0
	15	27	179.0
	15	28	191.0
	15	29	114.0
	15	30	179.0
	15	31	142.0
	15	32	148.0
	15	33	92.0
	15	34	25.0
	15	35	14.0
	15	36	12.0
	15	37	97.0
	15	38	150.0
	15	39	114.0
	15	40	115.0
	15	41	167.0
	15	42	118.0
	15	43	93.0
	15	44	136.0
	15	45	167.0
	15	46	126.0
	15	47	106.0
	15	48	99.0
	15	49	54.0
	15	50	80.0
	15	51	107.0
	15	52	90.0
	15	53	120.0
	15	54	71.0
	15	55	92.0
	15	56	68.0
	15	57	60.0
	15	58	151.0
	15	59	102.0
	15	60	81.0
	15	61	123.0
	15	62	96.0
	15	63	38.0
	15	64	59.0
	15	65	104.0
	15	66	99.0
	15	67	125.0
	15	68	130.0
	15	69	42.0
	15	70	23.0
	15	71	50.0
	15	72	77.0
	15	73	171.0
	15	74	143.0
	15	75	95.0
	15	76	76.0
	15	77	159.0
	15	78	88.0
	15	79	144.0
	15	80	131.0
	15	81	130.0
	15	82	63.0
	15	83	52.0
	15	84	107.0
	15	85	104.0
	15	86	21.0
	15	87	27.0
	15	88	66.0
	15	89	67.0
	15	90	62.0
	15	91	122.0
	15	92	144.0
	15	93	130.0
	15	94	105.0
	15	95	94.0
	15	96	105.0
	15	97	80.0
	15	98	131.0
	15	99	138.0
	16	0	90.0
	16	1	100.0
	16	2	149.0
	16	3	219.0
	16	4	173.0
	16	5	181.0
	16	6	163.0
	16	7	156.0
	16	8	208.0
	16	9	240.0
	16	10	168.0
	16	11	158.0
	16	12	191.0
	16	13	194.0
	16	14	135.0
	16	15	39.0
	16	16	0.0
	16	17	87.0
	16	18	67.0
	16	19	141.0
	16	20	144.0
	16	21	98.0
	16	22	53.0
	16	23	61.0
	16	24	145.0
	16	25	167.0
	16	26	176.0
	16	27	218.0
	16	28	230.0
	16	29	153.0
	16	30	218.0
	16	31	181.0
	16	32	187.0
	16	33	131.0
	16	34	64.0
	16	35	53.0
	16	36	51.0
	16	37	136.0
	16	38	189.0
	16	39	153.0
	16	40	154.0
	16	41	206.0
	16	42	157.0
	16	43	132.0
	16	44	175.0
	16	45	206.0
	16	46	165.0
	16	47	145.0
	16	48	138.0
	16	49	93.0
	16	50	119.0
	16	51	146.0
	16	52	129.0
	16	53	159.0
	16	54	110.0
	16	55	131.0
	16	56	107.0
	16	57	99.0
	16	58	190.0
	16	59	141.0
	16	60	120.0
	16	61	162.0
	16	62	135.0
	16	63	77.0
	16	64	98.0
	16	65	143.0
	16	66	138.0
	16	67	164.0
	16	68	169.0
	16	69	81.0
	16	70	62.0
	16	71	89.0
	16	72	116.0
	16	73	210.0
	16	74	182.0
	16	75	134.0
	16	76	115.0
	16	77	198.0
	16	78	127.0
	16	79	183.0
	16	80	170.0
	16	81	169.0
	16	82	102.0
	16	83	91.0
	16	84	146.0
	16	85	143.0
	16	86	60.0
	16	87	66.0
	16	88	105.0
	16	89	106.0
	16	90	101.0
	16	91	161.0
	16	92	183.0
	16	93	169.0
	16	94	144.0
	16	95	133.0
	16	96	144.0
	16	97	119.0
	16	98	170.0
	16	99	177.0
	17	0	75.0
	17	1	89.0
	17	2	138.0
	17	3	190.0
	17	4	158.0
	17	5	146.0
	17	6	121.0
	17	7	128.0
	17	8	180.0
	17	9	193.0
	17	10	149.0
	17	11	139.0
	17	12	172.0
	17	13	175.0
	17	14	144.0
	17	15	48.0
	17	16	87.0
	17	17	0.0
	17	18	71.0
	17	19	122.0
	17	20	125.0
	17	21	79.0
	17	22	34.0
	17	23	26.0
	17	24	110.0
	17	25	132.0
	17	26	141.0
	17	27	131.0
	17	28	214.0
	17	29	138.0
	17	30	203.0
	17	31	157.0
	17	32	139.0
	17	33	135.0
	17	34	68.0
	17	35	57.0
	17	36	36.0
	17	37	121.0
	17	38	160.0
	17	39	124.0
	17	40	123.0
	17	41	175.0
	17	42	142.0
	17	43	117.0
	17	44	160.0
	17	45	119.0
	17	46	78.0
	17	47	134.0
	17	48	123.0
	17	49	78.0
	17	50	100.0
	17	51	98.0
	17	52	71.0
	17	53	140.0
	17	54	91.0
	17	55	112.0
	17	56	88.0
	17	57	80.0
	17	58	135.0
	17	59	54.0
	17	60	124.0
	17	61	143.0
	17	62	116.0
	17	63	58.0
	17	64	79.0
	17	65	128.0
	17	66	123.0
	17	67	149.0
	17	68	162.0
	17	69	62.0
	17	70	43.0
	17	71	74.0
	17	72	101.0
	17	73	195.0
	17	74	163.0
	17	75	115.0
	17	76	96.0
	17	77	179.0
	17	78	136.0
	17	79	192.0
	17	80	159.0
	17	81	158.0
	17	82	91.0
	17	83	76.0
	17	84	127.0
	17	85	85.0
	17	86	69.0
	17	87	75.0
	17	88	114.0
	17	89	115.0
	17	90	82.0
	17	91	142.0
	17	92	151.0
	17	93	154.0
	17	94	129.0
	17	95	118.0
	17	96	127.0
	17	97	104.0
	17	98	151.0
	17	99	158.0
	18	0	74.0
	18	1	61.0
	18	2	110.0
	18	3	182.0
	18	4	143.0
	18	5	155.0
	18	6	147.0
	18	7	140.0
	18	8	192.0
	18	9	213.0
	18	10	141.0
	18	11	131.0
	18	12	164.0
	18	13	130.0
	18	14	124.0
	18	15	28.0
	18	16	67.0
	18	17	71.0
	18	18	0.0
	18	19	77.0
	18	20	80.0
	18	21	82.0
	18	22	37.0
	18	23	45.0
	18	24	129.0
	18	25	151.0
	18	26	160.0
	18	27	202.0
	18	28	201.0
	18	29	137.0
	18	30	202.0
	18	31	151.0
	18	32	169.0
	18	33	92.0
	18	34	25.0
	18	35	14.0
	18	36	35.0
	18	37	120.0
	18	38	173.0
	18	39	137.0
	18	40	138.0
	18	41	190.0
	18	42	141.0
	18	43	116.0
	18	44	159.0
	18	45	190.0
	18	46	149.0
	18	47	106.0
	18	48	122.0
	18	49	77.0
	18	50	103.0
	18	51	130.0
	18	52	113.0
	18	53	143.0
	18	54	94.0
	18	55	102.0
	18	56	78.0
	18	57	70.0
	18	58	161.0
	18	59	125.0
	18	60	81.0
	18	61	146.0
	18	62	119.0
	18	63	61.0
	18	64	79.0
	18	65	127.0
	18	66	122.0
	18	67	148.0
	18	68	158.0
	18	69	65.0
	18	70	46.0
	18	71	73.0
	18	72	100.0
	18	73	194.0
	18	74	166.0
	18	75	118.0
	18	76	99.0
	18	77	182.0
	18	78	116.0
	18	79	172.0
	18	80	131.0
	18	81	130.0
	18	82	63.0
	18	83	75.0
	18	84	130.0
	18	85	132.0
	18	86	49.0
	18	87	55.0
	18	88	94.0
	18	89	95.0
	18	90	68.0
	18	91	128.0
	18	92	150.0
	18	93	139.0
	18	94	114.0
	18	95	103.0
	18	96	114.0
	18	97	103.0
	18	98	154.0
	18	99	161.0
	19	0	75.0
	19	1	51.0
	19	2	100.0
	19	3	140.0
	19	4	133.0
	19	5	131.0
	19	6	175.0
	19	7	168.0
	19	8	220.0
	19	9	189.0
	19	10	117.0
	19	11	107.0
	19	12	103.0
	19	13	53.0
	19	14	151.0
	19	15	102.0
	19	16	141.0
	19	17	122.0
	19	18	77.0
	19	19	0.0
	19	20	3.0
	19	21	82.0
	19	22	88.0
	19	23	96.0
	19	24	150.0
	19	25	145.0
	19	26	136.0
	19	27	137.0
	19	28	173.0
	19	29	138.0
	19	30	203.0
	19	31	141.0
	19	32	139.0
	19	33	169.0
	19	34	102.0
	19	35	91.0
	19	36	90.0
	19	37	170.0
	19	38	108.0
	19	39	72.0
	19	40	73.0
	19	41	125.0
	19	42	156.0
	19	43	131.0
	19	44	174.0
	19	45	204.0
	19	46	168.0
	19	47	96.0
	19	48	111.0
	19	49	66.0
	19	50	125.0
	19	51	98.0
	19	52	125.0
	19	53	112.0
	19	54	122.0
	19	55	74.0
	19	56	50.0
	19	57	42.0
	19	58	133.0
	19	59	176.0
	19	60	158.0
	19	61	157.0
	19	62	130.0
	19	63	94.0
	19	64	133.0
	19	65	128.0
	19	66	123.0
	19	67	133.0
	19	68	160.0
	19	69	60.0
	19	70	79.0
	19	71	62.0
	19	72	35.0
	19	73	129.0
	19	74	166.0
	19	75	118.0
	19	76	99.0
	19	77	182.0
	19	78	109.0
	19	79	162.0
	19	80	121.0
	19	81	120.0
	19	82	53.0
	19	83	90.0
	19	84	152.0
	19	85	201.0
	19	86	118.0
	19	87	112.0
	19	88	102.0
	19	89	101.0
	19	90	44.0
	19	91	104.0
	19	92	126.0
	19	93	129.0
	19	94	104.0
	19	95	93.0
	19	96	86.0
	19	97	32.0
	19	98	101.0
	19	99	108.0
	20	0	78.0
	20	1	54.0
	20	2	103.0
	20	3	143.0
	20	4	136.0
	20	5	134.0
	20	6	178.0
	20	7	171.0
	20	8	223.0
	20	9	192.0
	20	10	120.0
	20	11	110.0
	20	12	100.0
	20	13	50.0
	20	14	148.0
	20	15	105.0
	20	16	144.0
	20	17	125.0
	20	18	80.0
	20	19	3.0
	20	20	0.0
	20	21	79.0
	20	22	91.0
	20	23	99.0
	20	24	153.0
	20	25	148.0
	20	26	139.0
	20	27	140.0
	20	28	176.0
	20	29	141.0
	20	30	206.0
	20	31	144.0
	20	32	142.0
	20	33	172.0
	20	34	105.0
	20	35	94.0
	20	36	93.0
	20	37	173.0
	20	38	111.0
	20	39	75.0
	20	40	76.0
	20	41	128.0
	20	42	159.0
	20	43	134.0
	20	44	177.0
	20	45	207.0
	20	46	171.0
	20	47	99.0
	20	48	114.0
	20	49	69.0
	20	50	128.0
	20	51	101.0
	20	52	128.0
	20	53	115.0
	20	54	125.0
	20	55	77.0
	20	56	53.0
	20	57	45.0
	20	58	136.0
	20	59	179.0
	20	60	161.0
	20	61	160.0
	20	62	133.0
	20	63	97.0
	20	64	136.0
	20	65	131.0
	20	66	126.0
	20	67	130.0
	20	68	163.0
	20	69	63.0
	20	70	82.0
	20	71	65.0
	20	72	38.0
	20	73	132.0
	20	74	163.0
	20	75	115.0
	20	76	96.0
	20	77	179.0
	20	78	112.0
	20	79	165.0
	20	80	124.0
	20	81	123.0
	20	82	56.0
	20	83	93.0
	20	84	155.0
	20	85	204.0
	20	86	121.0
	20	87	115.0
	20	88	105.0
	20	89	104.0
	20	90	47.0
	20	91	107.0
	20	92	129.0
	20	93	132.0
	20	94	107.0
	20	95	96.0
	20	96	89.0
	20	97	35.0
	20	98	104.0
	20	99	111.0
	21	0	86.0
	21	1	97.0
	21	2	146.0
	21	3	215.0
	21	4	169.0
	21	5	173.0
	21	6	155.0
	21	7	148.0
	21	8	200.0
	21	9	232.0
	21	10	160.0
	21	11	150.0
	21	12	179.0
	21	13	129.0
	21	14	155.0
	21	15	59.0
	21	16	98.0
	21	17	79.0
	21	18	82.0
	21	19	82.0
	21	20	79.0
	21	21	0.0
	21	22	45.0
	21	23	53.0
	21	24	137.0
	21	25	159.0
	21	26	168.0
	21	27	210.0
	21	28	225.0
	21	29	149.0
	21	30	214.0
	21	31	177.0
	21	32	179.0
	21	33	146.0
	21	34	79.0
	21	35	68.0
	21	36	47.0
	21	37	132.0
	21	38	185.0
	21	39	149.0
	21	40	150.0
	21	41	202.0
	21	42	153.0
	21	43	128.0
	21	44	156.0
	21	45	198.0
	21	46	157.0
	21	47	138.0
	21	48	134.0
	21	49	89.0
	21	50	111.0
	21	51	138.0
	21	52	121.0
	21	53	151.0
	21	54	102.0
	21	55	123.0
	21	56	99.0
	21	57	91.0
	21	58	182.0
	21	59	133.0
	21	60	135.0
	21	61	154.0
	21	62	127.0
	21	63	69.0
	21	64	90.0
	21	65	139.0
	21	66	134.0
	21	67	160.0
	21	68	173.0
	21	69	73.0
	21	70	54.0
	21	71	85.0
	21	72	112.0
	21	73	148.0
	21	74	84.0
	21	75	36.0
	21	76	17.0
	21	77	100.0
	21	78	147.0
	21	79	203.0
	21	80	163.0
	21	81	162.0
	21	82	95.0
	21	83	87.0
	21	84	138.0
	21	85	163.0
	21	86	80.0
	21	87	86.0
	21	88	125.0
	21	89	126.0
	21	90	93.0
	21	91	153.0
	21	92	175.0
	21	93	165.0
	21	94	140.0
	21	95	129.0
	21	96	138.0
	21	97	114.0
	21	98	162.0
	21	99	169.0
	22	0	41.0
	22	1	55.0
	22	2	104.0
	22	3	170.0
	22	4	124.0
	22	5	128.0
	22	6	110.0
	22	7	103.0
	22	8	155.0
	22	9	187.0
	22	10	115.0
	22	11	105.0
	22	12	138.0
	22	13	141.0
	22	14	110.0
	22	15	14.0
	22	16	53.0
	22	17	34.0
	22	18	37.0
	22	19	88.0
	22	20	91.0
	22	21	45.0
	22	22	0.0
	22	23	8.0
	22	24	92.0
	22	25	114.0
	22	26	123.0
	22	27	165.0
	22	28	180.0
	22	29	104.0
	22	30	169.0
	22	31	132.0
	22	32	134.0
	22	33	101.0
	22	34	34.0
	22	35	23.0
	22	36	2.0
	22	37	87.0
	22	38	140.0
	22	39	104.0
	22	40	105.0
	22	41	157.0
	22	42	108.0
	22	43	83.0
	22	44	126.0
	22	45	153.0
	22	46	112.0
	22	47	100.0
	22	48	89.0
	22	49	44.0
	22	50	66.0
	22	51	93.0
	22	52	76.0
	22	53	106.0
	22	54	57.0
	22	55	78.0
	22	56	54.0
	22	57	46.0
	22	58	137.0
	22	59	88.0
	22	60	90.0
	22	61	109.0
	22	62	82.0
	22	63	24.0
	22	64	45.0
	22	65	94.0
	22	66	89.0
	22	67	115.0
	22	68	128.0
	22	69	28.0
	22	70	9.0
	22	71	40.0
	22	72	67.0
	22	73	161.0
	22	74	129.0
	22	75	81.0
	22	76	62.0
	22	77	145.0
	22	78	102.0
	22	79	158.0
	22	80	125.0
	22	81	124.0
	22	82	57.0
	22	83	42.0
	22	84	93.0
	22	85	118.0
	22	86	35.0
	22	87	41.0
	22	88	80.0
	22	89	81.0
	22	90	48.0
	22	91	108.0
	22	92	130.0
	22	93	120.0
	22	94	95.0
	22	95	84.0
	22	96	93.0
	22	97	70.0
	22	98	117.0
	22	99	124.0
	23	0	49.0
	23	1	63.0
	23	2	112.0
	23	3	178.0
	23	4	132.0
	23	5	120.0
	23	6	118.0
	23	7	111.0
	23	8	163.0
	23	9	190.0
	23	10	123.0
	23	11	113.0
	23	12	146.0
	23	13	149.0
	23	14	118.0
	23	15	22.0
	23	16	61.0
	23	17	26.0
	23	18	45.0
	23	19	96.0
	23	20	99.0
	23	21	53.0
	23	22	8.0
	23	23	0.0
	23	24	84.0
	23	25	106.0
	23	26	115.0
	23	27	157.0
	23	28	188.0
	23	29	112.0
	23	30	177.0
	23	31	140.0
	23	32	136.0
	23	33	109.0
	23	34	42.0
	23	35	31.0
	23	36	10.0
	23	37	95.0
	23	38	148.0
	23	39	112.0
	23	40	113.0
	23	41	165.0
	23	42	116.0
	23	43	91.0
	23	44	134.0
	23	45	145.0
	23	46	104.0
	23	47	108.0
	23	48	97.0
	23	49	52.0
	23	50	74.0
	23	51	95.0
	23	52	68.0
	23	53	114.0
	23	54	65.0
	23	55	86.0
	23	56	62.0
	23	57	54.0
	23	58	145.0
	23	59	80.0
	23	60	98.0
	23	61	117.0
	23	62	90.0
	23	63	32.0
	23	64	53.0
	23	65	102.0
	23	66	97.0
	23	67	123.0
	23	68	136.0
	23	69	36.0
	23	70	17.0
	23	71	48.0
	23	72	75.0
	23	73	169.0
	23	74	137.0
	23	75	89.0
	23	76	70.0
	23	77	153.0
	23	78	110.0
	23	79	166.0
	23	80	133.0
	23	81	132.0
	23	82	65.0
	23	83	50.0
	23	84	101.0
	23	85	111.0
	23	86	43.0
	23	87	49.0
	23	88	88.0
	23	89	89.0
	23	90	56.0
	23	91	116.0
	23	92	125.0
	23	93	128.0
	23	94	103.0
	23	95	92.0
	23	96	101.0
	23	97	78.0
	23	98	125.0
	23	99	132.0
	24	0	123.0
	24	1	99.0
	24	2	50.0
	24	3	104.0
	24	4	58.0
	24	5	36.0
	24	6	122.0
	24	7	129.0
	24	8	181.0
	24	9	202.0
	24	10	179.0
	24	11	169.0
	24	12	202.0
	24	13	203.0
	24	14	202.0
	24	15	106.0
	24	16	145.0
	24	17	110.0
	24	18	129.0
	24	19	150.0
	24	20	153.0
	24	21	137.0
	24	22	92.0
	24	23	84.0
	24	24	0.0
	24	25	22.0
	24	26	31.0
	24	27	102.0
	24	28	196.0
	24	29	186.0
	24	30	201.0
	24	31	130.0
	24	32	148.0
	24	33	193.0
	24	34	126.0
	24	35	115.0
	24	36	94.0
	24	37	179.0
	24	38	203.0
	24	39	167.0
	24	40	166.0
	24	41	119.0
	24	42	102.0
	24	43	77.0
	24	44	120.0
	24	45	181.0
	24	46	188.0
	24	47	144.0
	24	48	181.0
	24	49	136.0
	24	50	138.0
	24	51	165.0
	24	52	152.0
	24	53	104.0
	24	54	145.0
	24	55	80.0
	24	56	104.0
	24	57	108.0
	24	58	199.0
	24	59	164.0
	24	60	182.0
	24	61	201.0
	24	62	174.0
	24	63	116.0
	24	64	137.0
	24	65	176.0
	24	66	171.0
	24	67	197.0
	24	68	220.0
	24	69	120.0
	24	70	101.0
	24	71	132.0
	24	72	159.0
	24	73	148.0
	24	74	212.0
	24	75	173.0
	24	76	154.0
	24	77	176.0
	24	78	194.0
	24	79	210.0
	24	80	169.0
	24	81	168.0
	24	82	101.0
	24	83	118.0
	24	84	165.0
	24	85	158.0
	24	86	127.0
	24	87	133.0
	24	88	164.0
	24	89	163.0
	24	90	106.0
	24	91	63.0
	24	92	41.0
	24	93	134.0
	24	94	109.0
	24	95	98.0
	24	96	109.0
	24	97	162.0
	24	98	115.0
	24	99	122.0
	25	0	132.0
	25	1	108.0
	25	2	72.0
	25	3	82.0
	25	4	36.0
	25	5	14.0
	25	6	100.0
	25	7	107.0
	25	8	159.0
	25	9	180.0
	25	10	174.0
	25	11	164.0
	25	12	197.0
	25	13	184.0
	25	14	224.0
	25	15	128.0
	25	16	167.0
	25	17	132.0
	25	18	151.0
	25	19	145.0
	25	20	148.0
	25	21	159.0
	25	22	114.0
	25	23	106.0
	25	24	22.0
	25	25	0.0
	25	26	9.0
	25	27	80.0
	25	28	174.0
	25	29	195.0
	25	30	179.0
	25	31	108.0
	25	32	126.0
	25	33	207.0
	25	34	148.0
	25	35	137.0
	25	36	116.0
	25	37	201.0
	25	38	181.0
	25	39	145.0
	25	40	144.0
	25	41	97.0
	25	42	80.0
	25	43	55.0
	25	44	98.0
	25	45	159.0
	25	46	200.0
	25	47	153.0
	25	48	166.0
	25	49	158.0
	25	50	116.0
	25	51	143.0
	25	52	158.0
	25	53	82.0
	25	54	123.0
	25	55	102.0
	25	56	111.0
	25	57	103.0
	25	58	194.0
	25	59	157.0
	25	60	204.0
	25	61	193.0
	25	62	187.0
	25	63	138.0
	25	64	159.0
	25	65	185.0
	25	66	180.0
	25	67	206.0
	25	68	221.0
	25	69	121.0
	25	70	123.0
	25	71	154.0
	25	72	144.0
	25	73	170.0
	25	74	234.0
	25	75	195.0
	25	76	176.0
	25	77	154.0
	25	78	216.0
	25	79	219.0
	25	80	178.0
	25	81	177.0
	25	82	110.0
	25	83	96.0
	25	84	143.0
	25	85	136.0
	25	86	149.0
	25	87	155.0
	25	88	159.0
	25	89	158.0
	25	90	101.0
	25	91	41.0
	25	92	19.0
	25	93	112.0
	25	94	87.0
	25	95	76.0
	25	96	87.0
	25	97	141.0
	25	98	93.0
	25	99	100.0
	26	0	123.0
	26	1	99.0
	26	2	81.0
	26	3	73.0
	26	4	27.0
	26	5	5.0
	26	6	91.0
	26	7	98.0
	26	8	150.0
	26	9	187.0
	26	10	165.0
	26	11	155.0
	26	12	188.0
	26	13	189.0
	26	14	233.0
	26	15	137.0
	26	16	176.0
	26	17	141.0
	26	18	160.0
	26	19	136.0
	26	20	139.0
	26	21	168.0
	26	22	123.0
	26	23	115.0
	26	24	31.0
	26	25	9.0
	26	26	0.0
	26	27	71.0
	26	28	165.0
	26	29	186.0
	26	30	186.0
	26	31	115.0
	26	32	133.0
	26	33	214.0
	26	34	157.0
	26	35	146.0
	26	36	125.0
	26	37	210.0
	26	38	172.0
	26	39	136.0
	26	40	135.0
	26	41	88.0
	26	42	89.0
	26	43	64.0
	26	44	107.0
	26	45	168.0
	26	46	209.0
	26	47	144.0
	26	48	175.0
	26	49	166.0
	26	50	107.0
	26	51	134.0
	26	52	154.0
	26	53	91.0
	26	54	114.0
	26	55	111.0
	26	56	102.0
	26	57	94.0
	26	58	185.0
	26	59	148.0
	26	60	202.0
	26	61	202.0
	26	62	178.0
	26	63	146.0
	26	64	168.0
	26	65	176.0
	26	66	171.0
	26	67	197.0
	26	68	212.0
	26	69	112.0
	26	70	131.0
	26	71	162.0
	26	72	135.0
	26	73	179.0
	26	74	243.0
	26	75	204.0
	26	76	185.0
	26	77	163.0
	26	78	209.0
	26	79	210.0
	26	80	169.0
	26	81	168.0
	26	82	101.0
	26	83	105.0
	26	84	134.0
	26	85	127.0
	26	86	158.0
	26	87	164.0
	26	88	150.0
	26	89	149.0
	26	90	92.0
	26	91	32.0
	26	92	10.0
	26	93	103.0
	26	94	78.0
	26	95	67.0
	26	96	78.0
	26	97	132.0
	26	98	102.0
	26	99	109.0
	27	0	194.0
	27	1	170.0
	27	2	152.0
	27	3	131.0
	27	4	98.0
	27	5	76.0
	27	6	162.0
	27	7	169.0
	27	8	221.0
	27	9	184.0
	27	10	227.0
	27	11	220.0
	27	12	240.0
	27	13	190.0
	27	14	275.0
	27	15	179.0
	27	16	218.0
	27	17	131.0
	27	18	202.0
	27	19	137.0
	27	20	140.0
	27	21	210.0
	27	22	165.0
	27	23	157.0
	27	24	102.0
	27	25	80.0
	27	26	71.0
	27	27	0.0
	27	28	99.0
	27	29	176.0
	27	30	214.0
	27	31	148.0
	27	32	130.0
	27	33	211.0
	27	34	199.0
	27	35	188.0
	27	36	167.0
	27	37	163.0
	27	38	101.0
	27	39	65.0
	27	40	64.0
	27	41	116.0
	27	42	160.0
	27	43	135.0
	27	44	178.0
	27	45	239.0
	27	46	209.0
	27	47	215.0
	27	48	178.0
	27	49	133.0
	27	50	116.0
	27	51	89.0
	27	52	116.0
	27	53	162.0
	27	54	185.0
	27	55	182.0
	27	56	173.0
	27	57	165.0
	27	58	158.0
	27	59	77.0
	27	60	177.0
	27	61	243.0
	27	62	216.0
	27	63	158.0
	27	64	210.0
	27	65	196.0
	27	66	191.0
	27	67	217.0
	27	68	282.0
	27	69	183.0
	27	70	173.0
	27	71	129.0
	27	72	102.0
	27	73	196.0
	27	74	260.0
	27	75	246.0
	27	76	227.0
	27	77	234.0
	27	78	182.0
	27	79	229.0
	27	80	188.0
	27	81	189.0
	27	82	172.0
	27	83	176.0
	27	84	143.0
	27	85	195.0
	27	86	185.0
	27	87	179.0
	27	88	218.0
	27	89	219.0
	27	90	163.0
	27	91	103.0
	27	92	81.0
	27	93	174.0
	27	94	149.0
	27	95	138.0
	27	96	149.0
	27	97	105.0
	27	98	173.0
	27	99	180.0
	28	0	140.0
	28	1	140.0
	28	2	189.0
	28	3	184.0
	28	4	138.0
	28	5	160.0
	28	6	176.0
	28	7	169.0
	28	8	220.0
	28	9	172.0
	28	10	220.0
	28	11	210.0
	28	12	243.0
	28	13	198.0
	28	14	287.0
	28	15	191.0
	28	16	230.0
	28	17	214.0
	28	18	201.0
	28	19	173.0
	28	20	176.0
	28	21	225.0
	28	22	180.0
	28	23	188.0
	28	24	196.0
	28	25	174.0
	28	26	165.0
	28	27	99.0
	28	28	0.0
	28	29	77.0
	28	30	142.0
	28	31	146.0
	28	32	164.0
	28	33	155.0
	28	34	198.0
	28	35	187.0
	28	36	179.0
	28	37	211.0
	28	38	200.0
	28	39	164.0
	28	40	163.0
	28	41	199.0
	28	42	206.0
	28	43	181.0
	28	44	224.0
	28	45	209.0
	28	46	250.0
	28	47	181.0
	28	48	220.0
	28	49	175.0
	28	50	202.0
	28	51	188.0
	28	52	163.0
	28	53	172.0
	28	54	123.0
	28	55	181.0
	28	56	157.0
	28	57	149.0
	28	58	240.0
	28	59	176.0
	28	60	233.0
	28	61	237.0
	28	62	218.0
	28	63	160.0
	28	64	147.0
	28	65	97.0
	28	66	92.0
	28	67	118.0
	28	68	212.0
	28	69	167.0
	28	70	175.0
	28	71	171.0
	28	72	144.0
	28	73	238.0
	28	74	302.0
	28	75	261.0
	28	76	242.0
	28	77	280.0
	28	78	218.0
	28	79	247.0
	28	80	206.0
	28	81	205.0
	28	82	138.0
	28	83	140.0
	28	84	209.0
	28	85	212.0
	28	86	212.0
	28	87	218.0
	28	88	205.0
	28	89	204.0
	28	90	147.0
	28	91	187.0
	28	92	165.0
	28	93	134.0
	28	94	109.0
	28	95	98.0
	28	96	87.0
	28	97	141.0
	28	98	183.0
	28	99	190.0
	29	0	63.0
	29	1	87.0
	29	2	136.0
	29	3	208.0
	29	4	169.0
	29	5	181.0
	29	6	202.0
	29	7	195.0
	29	8	143.0
	29	9	95.0
	29	10	167.0
	29	11	157.0
	29	12	171.0
	29	13	121.0
	29	14	210.0
	29	15	114.0
	29	16	153.0
	29	17	138.0
	29	18	137.0
	29	19	138.0
	29	20	141.0
	29	21	149.0
	29	22	104.0
	29	23	112.0
	29	24	186.0
	29	25	195.0
	29	26	186.0
	29	27	176.0
	29	28	77.0
	29	29	0.0
	29	30	65.0
	29	31	136.0
	29	32	149.0
	29	33	78.0
	29	34	134.0
	29	35	123.0
	29	36	102.0
	29	37	134.0
	29	38	196.0
	29	39	178.0
	29	40	177.0
	29	41	223.0
	29	42	182.0
	29	43	167.0
	29	44	210.0
	29	45	240.0
	29	46	204.0
	29	47	132.0
	29	48	189.0
	29	49	144.0
	29	50	125.0
	29	51	152.0
	29	52	179.0
	29	53	175.0
	29	54	161.0
	29	55	128.0
	29	56	104.0
	29	57	96.0
	29	58	187.0
	29	59	192.0
	29	60	190.0
	29	61	168.0
	29	62	141.0
	29	63	83.0
	29	64	70.0
	29	65	20.0
	29	66	15.0
	29	67	41.0
	29	68	135.0
	29	69	114.0
	29	70	98.0
	29	71	140.0
	29	72	167.0
	29	73	234.0
	29	74	233.0
	29	75	185.0
	29	76	166.0
	29	77	249.0
	29	78	202.0
	29	79	198.0
	29	80	157.0
	29	81	156.0
	29	82	89.0
	29	83	126.0
	29	84	152.0
	29	85	204.0
	29	86	135.0
	29	87	141.0
	29	88	152.0
	29	89	151.0
	29	90	94.0
	29	91	154.0
	29	92	176.0
	29	93	165.0
	29	94	140.0
	29	95	129.0
	29	96	140.0
	29	97	170.0
	29	98	164.0
	29	99	157.0
	30	0	128.0
	30	1	152.0
	30	2	201.0
	30	3	205.0
	30	4	159.0
	30	5	181.0
	30	6	137.0
	30	7	130.0
	30	8	78.0
	30	9	30.0
	30	10	102.0
	30	11	112.0
	30	12	145.0
	30	13	186.0
	30	14	275.0
	30	15	179.0
	30	16	218.0
	30	17	203.0
	30	18	202.0
	30	19	203.0
	30	20	206.0
	30	21	214.0
	30	22	169.0
	30	23	177.0
	30	24	201.0
	30	25	179.0
	30	26	186.0
	30	27	214.0
	30	28	142.0
	30	29	65.0
	30	30	0.0
	30	31	71.0
	30	32	84.0
	30	33	143.0
	30	34	199.0
	30	35	188.0
	30	36	167.0
	30	37	199.0
	30	38	187.0
	30	39	151.0
	30	40	150.0
	30	41	202.0
	30	42	149.0
	30	43	124.0
	30	44	167.0
	30	45	208.0
	30	46	249.0
	30	47	197.0
	30	48	241.0
	30	49	196.0
	30	50	152.0
	30	51	125.0
	30	52	152.0
	30	53	215.0
	30	54	166.0
	30	55	193.0
	30	56	169.0
	30	57	161.0
	30	58	252.0
	30	59	257.0
	30	60	232.0
	30	61	162.0
	30	62	135.0
	30	63	148.0
	30	64	135.0
	30	65	85.0
	30	66	80.0
	30	67	106.0
	30	68	200.0
	30	69	179.0
	30	70	163.0
	30	71	200.0
	30	72	187.0
	30	73	281.0
	30	74	298.0
	30	75	250.0
	30	76	231.0
	30	77	223.0
	30	78	241.0
	30	79	185.0
	30	80	144.0
	30	81	145.0
	30	82	154.0
	30	83	161.0
	30	84	179.0
	30	85	173.0
	30	86	200.0
	30	87	206.0
	30	88	217.0
	30	89	216.0
	30	90	159.0
	30	91	208.0
	30	92	186.0
	30	93	133.0
	30	94	108.0
	30	95	119.0
	30	96	130.0
	30	97	184.0
	30	98	226.0
	30	99	222.0
	31	0	114.0
	31	1	90.0
	31	2	139.0
	31	3	134.0
	31	4	88.0
	31	5	110.0
	31	6	148.0
	31	7	141.0
	31	8	120.0
	31	9	72.0
	31	10	144.0
	31	11	154.0
	31	12	187.0
	31	13	194.0
	31	14	238.0
	31	15	142.0
	31	16	181.0
	31	17	157.0
	31	18	151.0
	31	19	141.0
	31	20	144.0
	31	21	177.0
	31	22	132.0
	31	23	140.0
	31	24	130.0
	31	25	108.0
	31	26	115.0
	31	27	148.0
	31	28	146.0
	31	29	136.0
	31	30	71.0
	31	31	0.0
	31	32	18.0
	31	33	99.0
	31	34	148.0
	31	35	137.0
	31	36	130.0
	31	37	155.0
	31	38	121.0
	31	39	85.0
	31	40	84.0
	31	41	136.0
	31	42	78.0
	31	43	53.0
	31	44	96.0
	31	45	137.0
	31	46	178.0
	31	47	131.0
	31	48	192.0
	31	49	147.0
	31	50	86.0
	31	51	59.0
	31	52	86.0
	31	53	144.0
	31	54	95.0
	31	55	131.0
	31	56	107.0
	31	57	99.0
	31	58	190.0
	31	59	211.0
	31	60	161.0
	31	61	187.0
	31	62	177.0
	31	63	128.0
	31	64	177.0
	31	65	156.0
	31	66	151.0
	31	67	177.0
	31	68	217.0
	31	69	117.0
	31	70	136.0
	31	71	143.0
	31	72	116.0
	31	73	210.0
	31	74	261.0
	31	75	213.0
	31	76	194.0
	31	77	152.0
	31	78	190.0
	31	79	197.0
	31	80	156.0
	31	81	155.0
	31	82	88.0
	31	83	90.0
	31	84	113.0
	31	85	165.0
	31	86	163.0
	31	87	169.0
	31	88	155.0
	31	89	154.0
	31	90	97.0
	31	91	137.0
	31	92	115.0
	31	93	62.0
	31	94	37.0
	31	95	48.0
	31	96	59.0
	31	97	113.0
	31	98	155.0
	31	99	162.0
	32	0	132.0
	32	1	108.0
	32	2	157.0
	32	3	133.0
	32	4	106.0
	32	5	128.0
	32	6	161.0
	32	7	154.0
	32	8	102.0
	32	9	54.0
	32	10	126.0
	32	11	136.0
	32	12	169.0
	32	13	192.0
	32	14	244.0
	32	15	148.0
	32	16	187.0
	32	17	139.0
	32	18	169.0
	32	19	139.0
	32	20	142.0
	32	21	179.0
	32	22	134.0
	32	23	136.0
	32	24	148.0
	32	25	126.0
	32	26	133.0
	32	27	130.0
	32	28	164.0
	32	29	149.0
	32	30	84.0
	32	31	18.0
