data;

param n := 100;

param p := 5;

param m := 3;

param alpha := 10.129097938537598;

param r := 
	0	2
	1	2
	2	2
	3	2
	4	0
	5	1
	6	2
	7	1
	8	2
	9	2
	10	0
	11	2
	12	2
	13	1
	14	1
	15	2
	16	0
	17	1
	18	0
	19	2
	20	0
	21	1
	22	0
	23	2
	24	1
	25	0
	26	2
	27	2
	28	2
	29	0
	30	2
	31	2
	32	2
	33	1
	34	0
	35	2
	36	1
	37	1
	38	1
	39	0
	40	1
	41	0
	42	2
	43	0
	44	1
	45	0
	46	1
	47	2
	48	1
	49	0
	50	2
	51	0
	52	2
	53	2
	54	2
	55	2
	56	2
	57	0
	58	1
	59	1
	60	0
	61	2
	62	0
	63	1
	64	0
	65	2
	66	2
	67	1
	68	0
	69	2
	70	0
	71	1
	72	0
	73	1
	74	2
	75	0
	76	0
	77	1
	78	2
	79	1
	80	1
	81	1
	82	0
	83	1
	84	2
	85	1
	86	2
	87	1
	88	0
	89	0
	90	0
	91	1
	92	0
	93	0
	94	0
	95	2
	96	0
	97	1
	98	0
	99	0
;

param d := 
	0	2
	1	2
	2	2
	3	2
	4	1
	5	2
	6	2
	7	1
	8	2
	9	2
	10	1
	11	2
	12	2
	13	2
	14	2
	15	2
	16	1
	17	1
	18	1
	19	2
	20	0
	21	1
	22	2
	23	2
	24	1
	25	1
	26	2
	27	2
	28	2
	29	1
	30	2
	31	2
	32	2
	33	2
	34	0
	35	2
	36	1
	37	2
	38	1
	39	2
	40	1
	41	1
	42	2
	43	2
	44	1
	45	1
	46	1
	47	2
	48	1
	49	0
	50	2
	51	1
	52	2
	53	2
	54	2
	55	2
	56	2
	57	1
	58	2
	59	1
	60	1
	61	2
	62	2
	63	1
	64	2
	65	2
	66	2
	67	1
	68	0
	69	2
	70	1
	71	1
	72	0
	73	1
	74	2
	75	1
	76	1
	77	2
	78	2
	79	2
	80	2
	81	1
	82	2
	83	2
	84	2
	85	2
	86	2
	87	2
	88	2
	89	1
	90	0
	91	2
	92	1
	93	2
	94	0
	95	2
	96	1
	97	1
	98	1
	99	1
;

param c := 
	0	0	0.0
	0	1	40.718548
	0	2	40.311287
	0	3	69.29646
	0	4	46.043457
	0	5	26.627054
	0	6	78.39005
	0	7	79.881165
	0	8	53.037724
	0	9	47.41308
	0	10	88.0568
	0	11	43.32436
	0	12	51.1957
	0	13	26.305893
	0	14	81.63332
	0	15	79.9062
	0	16	36.496574
	0	17	43.185646
	0	18	58.00862
	0	19	99.985
	0	20	39.824615
	0	21	55.86591
	0	22	51.62364
	0	23	24.166092
	0	24	57.428215
	0	25	24.083189
	0	26	49.010204
	0	27	26.627054
	0	28	38.27532
	0	29	48.548943
	0	30	81.34495
	0	31	10.29563
	0	32	35.383614
	0	33	68.154236
	0	34	85.0
	0	35	51.009804
	0	36	94.57801
	0	37	44.777225
	0	38	56.938564
	0	39	44.64303
	0	40	30.016663
	0	41	88.0568
	0	42	89.98889
	0	43	67.11929
	0	44	29.068884
	0	45	57.14018
	0	46	11.401754
	0	47	16.0
	0	48	66.068146
	0	49	43.32436
	0	50	3.1622777
	0	51	60.166435
	0	52	71.568146
	0	53	24.33105
	0	54	65.78754
	0	55	66.287254
	0	56	49.57822
	0	57	62.625874
	0	58	66.211784
	0	59	50.08992
	0	60	54.781384
	0	61	43.931767
	0	62	77.89737
	0	63	42.047592
	0	64	6.4031243
	0	65	65.52099
	0	66	38.27532
	0	67	59.20304
	0	68	32.24903
	0	69	4.0
	0	70	103.227905
	0	71	58.18075
	0	72	68.94926
	0	73	96.25487
	0	74	86.127815
	0	75	60.299255
	0	76	85.70297
	0	77	57.77543
	0	78	87.965904
	0	79	71.11259
	0	80	40.311287
	0	81	54.037025
	0	82	43.13931
	0	83	76.902534
	0	84	94.15413
	0	85	31.780497
	0	86	52.03845
	0	87	55.542778
	0	88	89.6772
	0	89	25.495098
	0	90	17.029387
	0	91	68.44706
	0	92	64.66065
	0	93	89.89995
	0	94	53.460266
	0	95	40.36087
	0	96	53.935146
	0	97	62.03225
	0	98	61.294373
	0	99	45.891174
	1	0	40.718548
	1	1	0.0
	1	2	56.648037
	1	3	91.76056
	1	4	23.70654
	1	5	15.132746
	1	6	55.326305
	1	7	95.524864
	1	8	53.075417
	1	9	64.07808
	1	10	69.426216
	1	11	78.05767
	1	12	42.0119
	1	13	17.029387
	1	14	95.131485
	1	15	101.23734
	1	16	11.045361
	1	17	70.035706
	1	18	54.56189
	1	19	111.82576
	1	20	18.439089
	1	21	80.08121
	1	22	35.846897
	1	23	47.26521
	1	24	76.15773
	1	25	53.009434
	1	26	87.86353
	1	27	22.561028
	1	28	6.4031243
	1	29	78.51752
	1	30	103.6195
	1	31	42.755116
	1	32	15.811388
	1	33	52.924473
	1	34	71.168816
	1	35	49.517673
	1	36	108.46658
	1	37	26.627054
	1	38	32.984844
	1	39	80.1561
	1	40	11.18034
	1	41	69.426216
	1	42	71.38628
	1	43	59.908264
	1	44	67.68308
	1	45	31.575306
	1	46	34.525352
	1	47	27.018513
	1	48	59.64059
	1	49	78.05767
	1	50	43.863426
	1	51	70.724815
	1	52	60.827625
	1	53	64.513565
	1	54	74.20242
	1	55	38.0
	1	56	75.70998
	1	57	88.76936
	1	58	77.93587
	1	59	82.1523
	1	60	66.37017
	1	61	12.649111
	1	62	90.697296
	1	63	46.32494
	1	64	34.539833
	1	65	71.70077
	1	66	69.115845
	1	67	66.4003
	1	68	13.928389
	1	69	37.12142
	1	70	117.88978
	1	71	35.17101
	1	72	76.837494
	1	73	109.62208
	1	74	89.19641
	1	75	53.009434
	1	76	86.05231
	1	77	90.199776
	1	78	86.023254
	1	79	67.80118
	1	80	29.0
	1	81	25.179358
	1	82	68.44706
	1	83	79.24645
	1	84	101.13852
	1	85	68.73136
	1	86	91.00549
	1	87	88.14193
	1	88	86.53323
	1	89	18.0
	1	90	36.0
	1	91	55.03635
	1	92	84.693565
	1	93	99.35794
	1	94	46.8615
	1	95	16.40122
	1	96	45.0
	1	97	71.84706
	1	98	91.787796
	1	99	53.851646
	2	0	40.311287
	2	1	56.648037
	2	2	0.0
	2	3	35.1141
	2	4	42.0119
	2	5	43.908997
	2	6	58.60034
	2	7	41.01219
	2	8	21.260292
	2	9	7.81025
	2	10	61.846584
	2	11	33.970577
	2	12	29.966648
	2	13	53.413483
	2	14	42.0119
	2	15	44.72136
	2	16	60.53924
	2	17	17.888544
	2	18	27.018513
	2	19	60.216278
	2	20	41.4367
	2	21	24.083189
	2	22	36.687874
	2	23	16.155495
	2	24	19.723083
	2	25	19.0
	2	26	50.32892
	2	27	34.43835
	2	28	50.596443
	2	29	27.313
	2	30	47.010635
	2	31	30.083218
	2	32	41.484936
	2	33	43.931767
	2	34	55.226807
	2	35	22.022715
	2	36	55.31727
	2	37	38.052597
	2	38	46.572525
	2	39	36.796738
	2	40	47.41308
	2	41	61.846584
	2	42	63.411354
	2	43	36.05551
	2	44	37.336308
	2	45	48.270073
	2	46	32.202484
	2	47	48.9183
	2	48	34.669872
	2	49	33.970577
	2	50	40.16217
	2	51	19.924858
	2	52	42.201897
	2	53	41.773197
	2	54	25.70992
	2	55	55.97321
	2	56	21.377558
	2	57	33.06055
	2	58	25.942244
	2	59	32.649654
	2	60	14.56022
	2	61	49.648766
	2	62	38.013157
	2	63	14.866069
	2	64	39.115215
	2	65	26.076809
	2	66	22.627417
	2	67	20.0
	2	68	58.249462
	2	69	42.059483
	2	70	64.381676
	2	71	46.173584
	2	72	28.86174
	2	73	56.85068
	2	74	46.52956
	2	75	31.827662
	2	76	47.010635
	2	77	39.56008
	2	78	50.08992
	2	79	36.05551
	2	80	32.0
	2	81	50.24938
	2	82	15.231546
	2	83	38.013157
	2	84	53.851646
	2	85	33.54102
	2	86	53.075417
	2	87	38.078865
	2	88	52.23983
	2	89	40.311287
	2	90	26.24881
	2	91	42.426407
	2	92	28.178005
	2	93	49.648766
	2	94	28.01785
	2	95	43.56604
	2	96	30.528675
	2	97	21.84033
	2	98	38.832977
	2	99	10.630146
	3	0	69.29646
	3	1	91.76056
	3	2	35.1141
	3	3	0.0
	3	4	75.802376
	3	5	78.72102
	3	6	83.240616
	3	7	17.464249
	3	8	47.169907
	3	9	27.89265
	3	10	80.49844
	3	11	35.902645
	3	12	60.00833
	3	13	87.46428
	3	14	22.135944
	3	15	10.630146
	3	16	95.257545
	3	17	26.24881
	3	18	50.803543
	3	19	37.054016
	3	20	76.15773
	3	21	13.453624
	3	22	68.007355
	3	23	47.434166
	3	24	16.124516
	3	25	45.276924
	3	26	50.0
	3	27	69.46222
	3	28	85.70297
	3	29	24.351591
	3	30	12.206555
	3	31	59.464275
	3	32	76.537575
	3	33	68.154236
	3	34	71.19691
	3	35	50.039986
	3	36	30.149628
	3	37	71.70077
	3	38	78.0
	3	39	37.48333
	3	40	82.346825
	3	41	80.49844
	3	42	81.41253
	3	43	55.97321
	3	44	51.078373
	3	45	80.00625
	3	46	64.40497
	3	47	81.400246
	3	48	54.708317
	3	49	35.902645
	3	50	67.941154
	3	51	27.89265
	3	52	62.03225
	3	53	58.60034
	3	54	29.966648
	3	55	86.209045
	3	56	20.0
	3	57	10.0
	3	58	23.70654
	3	59	27.294687
	3	60	29.068884
	3	61	84.40379
	3	62	21.954498
	3	63	47.518417
	3	64	70.292244
	3	65	34.0147
	3	66	32.75668
	3	67	33.955853
	3	68	92.660675
	3	69	72.18033
	3	70	36.687874
	3	71	77.02597
	3	72	30.528675
	3	73	32.140316
	3	74	42.80187
	3	75	56.089214
	3	76	47.423622
	3	77	26.305893
	3	78	52.34501
	3	79	50.08992
	3	80	66.09841
	3	81	83.294655
	3	82	26.172504
	3	83	41.231056
	3	84	40.16217
	3	85	45.694637
	3	86	51.088158
	3	87	27.073973
	3	88	55.17246
	3	89	75.153175
	3	90	59.36329
	3	91	65.52099
	3	92	8.062258
	3	93	33.526108
	3	94	56.142673
	3	95	78.339005
	3	96	59.135437
	3	97	28.460499
	3	98	20.615528
	3	99	40.1995
	4	0	46.043457
	4	1	23.70654
	4	2	42.0119
	4	3	75.802376
	4	4	0.0
	4	5	23.345236
	4	6	34.36568
	4	7	76.321686
	4	8	31.764761
	4	9	48.166378
	4	10	47.095646
	4	11	71.168816
	4	12	19.209373
	4	13	34.0
	4	14	75.153175
	4	15	84.17244
	4	16	33.526108
	4	17	58.694122
	4	18	32.01562
	4	19	90.73588
	4	20	7.071068
	4	21	66.007576
	4	22	12.206555
	4	23	39.39543
	4	24	59.682495
	4	25	46.518814
	4	26	84.53402
	4	27	19.416489
	4	28	18.027756
	4	29	68.06615
	4	30	86.88498
	4	31	42.44997
	4	32	12.165525
	4	33	29.410883
	4	34	47.801674
	4	35	28.178005
	4	36	88.11924
	4	37	4.1231055
	4	38	11.401754
	4	39	73.736015
	4	40	23.0
	4	41	47.095646
	4	42	49.09175
	4	43	36.40055
	4	44	65.734314
	4	45	11.18034
	4	46	35.468296
	4	47	39.293766
	4	48	36.23534
	4	49	71.168816
	4	50	48.60041
	4	51	51.264023
	4	52	37.12142
	4	53	65.29931
	4	54	53.66563
	4	55	20.248457
	4	56	63.1981
	4	57	75.00667
	4	58	58.30952
	4	59	72.780495
	4	60	47.801674
	4	61	11.401754
	4	62	70.68239
	4	63	28.284271
	4	64	39.962482
	4	65	50.606323
	4	66	60.440052
	4	67	46.09772
	4	68	34.525352
	4	69	43.908997
	4	70	97.52948
	4	71	13.152946
	4	72	55.946404
	4	73	89.06739
	4	74	66.52819
	4	75	29.732138
	4	76	62.968246
	4	77	80.411446
	4	78	62.625874
	4	79	44.598206
	4	80	10.049875
	4	81	8.944272
	4	82	56.435802
	4	83	56.727417
	4	84	79.025314
	4	85	64.884514
	4	86	87.658424
	4	87	78.64477
	4	88	63.007935
	4	89	22.135944
	4	90	32.649654
	4	91	31.38471
	4	92	68.06615
	4	93	77.93587
	4	94	24.207438
	4	95	8.062258
	4	96	21.931713
	4	97	52.0
	4	98	80.50466
	4	99	35.69314
	5	0	26.627054
	5	1	15.132746
	5	2	43.908997
	5	3	78.72102
	5	4	23.345236
	5	5	0.0
	5	6	57.706154
	5	7	84.20214
	5	8	44.94441
	5	9	51.62364
	5	10	70.00714
	5	11	63.007935
	5	12	36.687874
	5	13	11.7046995
	5	14	84.38602
	5	15	88.588936
	5	16	16.643316
	5	17	55.7853
	5	18	47.853943
	5	19	101.8332
	5	20	16.27882
	5	21	66.48308
	5	22	33.13608
	5	23	32.75668
	5	24	63.631752
	5	25	38.118237
	5	26	72.780495
	5	27	9.899495
	5	28	11.661903
	5	29	63.953106
	5	30	90.78546
	5	31	27.658634
	5	32	11.18034
	5	33	51.24451
	5	34	69.58448
	5	35	41.677334
	5	36	97.8366
	5	37	24.0
	5	38	34.713108
	5	39	65.06919
	5	40	4.0
	5	41	70.00714
	5	42	72.00694
	5	43	55.027267
	5	44	52.63079
	5	45	34.20526
	5	46	19.416489
	5	47	16.155495
	5	48	54.42426
	5	49	63.007935
	5	50	29.681644
	5	51	60.1415
	5	52	57.48913
	5	53	49.76947
	5	54	64.381676
	5	55	42.72002
	5	56	61.68468
	5	57	74.94665
	5	58	67.26812
	5	59	67.36468
	5	60	55.31727
	5	61	17.804493
	5	62	80.05623
	5	63	36.124783
	5	64	20.248457
	5	65	62.482
	5	66	54.33231
	5	67	56.63921
	5	68	14.866069
	5	69	23.43075
	5	70	107.16809
	5	71	36.496574
	5	72	67.26812
	5	73	99.15644
	5	74	81.5414
	5	75	47.759815
	5	76	79.25907
	5	77	75.42546
	5	78	80.05623
	5	79	61.741398
	5	80	22.803509
	5	81	29.546574
	5	82	54.405884
	5	83	71.561165
	5	84	92.45539
	5	85	53.600372
	5	86	75.9276
	5	87	73.33485
	5	88	81.02469
	5	89	3.6055512
	5	90	21.095022
	5	91	52.611786
	5	92	72.06941
	5	93	89.87213
	5	94	40.853397
	5	95	15.811388
	5	96	39.849716
	5	97	61.522354
	5	98	77.27872
	5	99	43.13931
	6	0	78.39005
	6	1	55.326305
	6	2	58.60034
	6	3	83.240616
	6	4	34.36568
	6	5	57.706154
	6	6	0.0
	6	7	76.23647
	6	8	38.078865
	6	9	60.90156
	6	10	15.264338
	6	11	92.45539
	6	12	29.732138
	6	13	68.18358
	6	14	73.02739
	6	15	88.28363
	6	16	66.189125
	6	17	76.27582
	6	18	33.105892
	6	19	83.18654
	6	20	41.4367
	6	21	78.29432
	6	22	26.832815
	6	23	64.66065
	6	24	68.70953
	6	25	71.5891
	6	26	108.30051
	6	27	52.49762
	6	28	51.009804
	6	29	85.44004
	6	30	91.411156
	6	31	72.56032
	6	32	46.52956
	6	33	15.231546
	6	34	21.633308
	6	35	36.619667
	6	36	83.294655
	6	37	34.20526
	6	38	23.086792
	6	39	95.26804
	6	40	57.21888
	6	41	15.264338
	6	42	17.0
	6	43	27.45906
	6	44	92.19544
	6	45	24.0
	6	46	67.11929
	6	47	73.545906
	6	48	28.635643
	6	49	92.45539
	6	50	80.529495
	6	51	55.362442
	6	52	22.022715
	6	53	93.813644
	6	54	53.935146
	6	55	18.027756
	6	56	78.39005
	6	57	86.53901
	6	58	60.207973
	6	59	90.97253
	6	60	55.154327
	6	61	43.046486
	6	62	69.115845
	6	63	44.598206
	6	64	72.8011
	6	65	49.819675
	6	66	81.055534
	6	67	49.335587
	6	68	68.007355
	6	69	76.896034
	6	70	91.787796
	6	71	21.213203
	6	72	54.451813
	6	73	83.48653
	6	74	55.108982
	6	75	27.730848
	6	76	49.47727
	6	77	97.24711
	6	78	46.486557
	6	79	35.014282
	6	80	38.078865
	6	81	30.149628
	6	82	73.4983
	6	83	48.09366
	6	84	68.65858
	6	85	89.827614
	6	86	111.19802
	6	87	96.04166
	6	88	45.310043
	6	89	56.293873
	6	90	62.649822
	6	91	17.720045
	6	92	75.28612
	6	93	70.5762
	6	94	30.610456
	6	95	42.190044
	6	96	28.319605
	6	97	54.81788
	6	98	95.257545
	6	99	48.259712
	7	0	79.881165
	7	1	95.524864
	7	2	41.01219
	7	3	17.464249
	7	4	76.321686
	7	5	84.20214
	7	6	76.23647
	7	7	0.0
	7	8	44.922153
	7	9	33.24154
	7	10	70.60453
	7	11	52.153618
	7	12	58.24088
	7	13	94.26028
	7	14	5.0
	7	15	14.21267
	7	16	100.80179
	7	17	39.217342
	7	18	46.69047
	7	19	20.880613
	7	20	78.26238
	7	21	27.45906
	7	22	66.48308
	7	23	56.22277
	7	24	22.472204
	7	25	56.0803
	7	26	67.11929
	7	27	74.404305
	7	28	89.1852
	7	29	40.1995
	7	30	17.20465
	7	31	69.63476
	7	32	79.755875
	7	33	62.0
	7	34	60.728905
	7	35	48.38388
	7	36	14.764823
	7	37	72.235725
	7	38	75.9276
	7	39	54.037025
	7	40	87.41853
	7	41	70.60453
	7	42	71.168816
	7	43	49.010204
	7	44	65.96969
	7	45	78.10249
	7	46	73.0
	7	47	89.87213
	7	48	48.0
	7	49	52.153618
	7	50	79.07591
	7	51	25.079872
	7	52	54.230988
	7	53	73.082146
	7	54	23.345236
	7	55	82.73451
	7	56	33.955853
	7	57	27.294687
	7	58	18.027756
	7	59	44.0
	7	60	29.15476
	7	61	86.33076
	7	62	7.28011
	7	63	49.24429
	7	64	79.64923
	7	65	27.166155
	7	66	46.840153
	7	67	30.364452
	7	68	98.85848
	7	69	82.20097
	7	70	23.43075
	7	71	74.52516
	7	72	22.022715
	7	73	16.552946
	7	74	27.802877
	7	75	51.351727
	7	76	33.286633
	7	77	43.737854
	7	78	38.27532
	7	79	41.303753
	7	80	67.54258
	7	81	82.565125
	7	82	38.078865
	7	83	29.410883
	7	84	22.847319
	7	85	60.63827
	7	86	68.359344
	7	87	44.407207
	7	88	41.04875
	7	89	80.60397
	7	90	67.20863
	7	91	59.008472
	7	92	16.492422
	7	93	16.155495
	7	94	53.600372
	7	95	80.49844
	7	96	56.515484
	7	97	24.351591
	7	98	38.078865
	7	99	41.677334
	8	0	53.037724
	8	1	53.075417
	8	2	21.260292
	8	3	47.169907
	8	4	31.764761
	8	5	44.94441
	8	6	38.078865
	8	7	44.922153
	8	8	0.0
	8	9	22.825424
	8	10	40.60788
	8	11	55.154327
	8	12	13.341664
	8	13	56.435802
	8	14	43.462627
	8	15	54.147945
	8	16	60.440052
	8	17	38.418747
	8	18	5.8309517
	8	19	59.07622
	8	20	34.828148
	8	21	40.496914
	8	22	21.587032
	8	23	32.01562
	8	24	31.575306
	8	25	37.696156
	8	26	71.5891
	8	27	35.35534
	8	28	46.69047
	8	29	47.434166
	8	30	57.07889
	8	31	44.102154
	8	32	37.48333
	8	33	23.021729
	8	34	34.43835
	8	35	3.6055512
	8	36	56.35601
	8	37	27.784887
	8	38	31.257
	8	39	57.982758
	8	40	47.201694
	8	41	40.60788
	8	42	42.201897
	8	43	15.231546
	8	44	57.706154
	8	45	33.37664
	8	46	42.296574
	8	47	55.97321
	8	48	13.928389
	8	49	55.154327
	8	50	54.00926
	8	51	20.22375
	8	52	21.095022
	8	53	61.09828
	8	54	21.931713
	8	55	39.051247
	8	56	40.311287
	8	57	49.0408
	8	58	26.925823
	8	59	53.009434
	8	60	18.110771
	8	61	42.43819
	8	62	39.0
	8	63	11.0
	8	64	49.497475
	8	65	18.867962
	8	66	43.863426
	8	67	14.56022
	8	68	59.64059
	8	69	53.338543
	8	70	65.76473
	8	71	30.066593
	8	72	24.186773
	8	73	57.306194
	8	74	36.619667
	8	75	10.630146
	8	76	34.43835
	8	77	59.16925
	8	78	35.735138
	8	79	18.110771
	8	80	24.083189
	8	81	37.64306
	8	82	35.608986
	8	83	26.627054
	8	84	48.08326
	8	85	54.378304
	8	86	74.330345
	8	87	57.982758
	8	88	37.107952
	8	89	41.677334
	8	90	36.124783
	8	91	21.260292
	8	92	39.115215
	8	93	46.400433
	8	94	9.0
	8	95	37.01351
	8	96	12.0
	8	97	20.615528
	8	98	57.271286
	8	99	10.630146
	9	0	47.41308
	9	1	64.07808
	9	2	7.81025
	9	3	27.89265
	9	4	48.166378
	9	5	51.62364
	9	6	60.90156
	9	7	33.24154
	9	8	22.825424
	9	9	0.0
	9	10	62.241467
	9	11	33.83785
	9	12	33.955853
	9	13	61.220913
	9	14	34.4093
	9	15	37.161808
	9	16	68.26419
	9	17	16.40122
	9	18	28.01785
	9	19	52.69725
	9	20	48.270073
	9	21	18.248287
	9	22	41.4367
	9	23	23.323807
	9	24	12.083046
	9	25	24.738634
	9	26	50.77401
	9	27	42.059483
	9	28	57.939625
	9	29	24.839485
	9	30	39.56008
	9	31	37.12142
	9	32	48.703182
	9	33	45.79301
	9	34	54.67175
	9	35	24.698177
	9	36	47.63402
	9	37	44.102154
	9	38	51.47815
	9	39	36.619667
	9	40	55.072678
	9	41	62.241467
	9	42	63.63961
	9	43	36.069378
	9	44	40.60788
	9	45	53.338543
	9	46	39.824615
	9	47	56.63921
	9	48	34.655445
	9	49	33.83785
	9	50	47.010635
	9	51	14.0
	9	52	42.44997
	9	53	46.043457
	9	54	20.0
	9	55	60.41523
	9	56	17.492855
	9	57	27.166155
	9	58	18.973665
	9	59	30.479502
	9	60	9.219544
	9	61	56.515484
	9	62	30.528675
	9	63	20.0
	9	64	46.615448
	9	65	21.377558
	9	66	23.259407
	9	67	16.155495
	9	68	66.0303
	9	69	49.396355
	9	70	56.63921
	9	71	50.803543
	9	72	23.021729
	9	73	49.20366
	9	74	41.01219
	9	75	33.286633
	9	76	42.296574
	9	77	36.359318
	9	78	45.891174
	9	79	34.132095
	9	80	38.327538
	9	81	56.0
	9	82	13.601471
	9	83	33.37664
	9	84	47.127487
	9	85	36.138622
	9	86	53.25411
	9	87	35.22783
	9	88	48.270073
	9	89	48.02083
	9	90	33.970577
	9	91	43.829212
	9	92	20.615528
	9	93	42.544094
	9	94	31.016125
	9	95	50.447994
	9	96	33.83785
	9	97	16.0
	9	98	34.539833
	9	99	13.341664
	10	0	88.0568
	10	1	69.426216
	10	2	61.846584
	10	3	80.49844
	10	4	47.095646
	10	5	70.00714
	10	6	15.264338
	10	7	70.60453
	10	8	40.60788
	10	9	62.241467
	10	10	0.0
	10	11	95.587654
	10	12	37.0
	10	13	81.055534
	10	14	66.70832
	10	15	83.81527
	10	16	80.06248
	10	17	78.492035
	10	18	34.828148
	10	19	74.00676
	10	20	54.037025
	10	21	78.00641
	10	22	37.215588
	10	23	71.11962
	10	24	67.6757
	10	25	77.52419
	10	26	112.1606
	10	27	63.505905
	10	28	64.629715
	10	29	87.04597
	10	30	86.977005
	10	31	80.99383
	10	32	59.008472
	10	33	19.924858
	10	34	10.049875
	10	35	40.496914
	10	36	75.23962
	10	37	46.010868
	10	38	36.496574
	10	39	98.4124
	10	40	70.064255
	10	41	0.0
	10	42	2.0
	10	43	26.172504
	10	44	97.94386
	10	45	37.85499
	10	46	76.655075
	10	47	85.28775
	10	48	27.58623
	10	49	95.587654
	10	50	89.84431
	10	51	53.535034
	10	52	19.79899
	10	53	100.6479
	10	54	50.537113
	10	55	33.105892
	10	56	79.397736
	10	57	85.44004
	10	58	56.797886
	10	59	92.69843
	10	60	54.81788
	10	61	56.88585
	10	62	63.324562
	10	63	49.73932
	10	64	82.9759
	10	65	46.52956
	10	66	84.38602
	10	67	48.010414
	10	68	81.49847
	10	69	87.09765
	10	70	83.00603
	10	71	34.36568
	10	72	50.159744
	10	73	75.10659
	10	74	46.043457
	10	75	30.232433
	10	76	40.012497
	10	77	98.0816
	10	78	36.05551
	10	79	30.413813
	10	80	48.507732
	10	81	44.38468
	10	82	75.66373
	10	83	41.231056
	10	84	59.03389
	10	85	94.86833
	10	86	114.865135
	10	87	97.18539
	10	88	34.234486
	10	89	68.117546
	10	90	71.470276
	10	91	20.12461
	10	92	72.94518
	10	93	62.1289
	10	94	35.77709
	10	95	55.145264
	10	96	34.539833
	10	97	52.478565
	10	98	95.2103
	10	99	51.224995
	11	0	43.32436
	11	1	78.05767
	11	2	33.970577
	11	3	35.902645
	11	4	71.168816
	11	5	63.007935
	11	6	92.45539
	11	7	52.153618
	11	8	55.154327
	11	9	33.83785
	11	10	95.587654
	11	11	0.0
	11	12	63.245552
	11	13	67.74216
	11	14	56.008926
	11	15	45.54119
	11	16	77.41447
	11	17	17.492855
	11	18	60.827625
	11	19	72.691124
	11	20	68.154236
	11	21	25.019993
	11	22	68.96376
	11	23	32.01562
	11	24	33.955853
	11	25	25.317978
	11	26	17.0
	11	27	56.568542
	11	28	73.33485
	11	29	12.0
	11	30	45.694637
	11	31	36.345562
	11	32	66.09841
	11	33	77.89737
	11	34	88.40814
	11	35	55.97321
	11	36	65.9242
	11	37	67.77905
	11	38	78.26238
	11	39	2.828427
	11	40	67.00746
	11	41	95.587654
	11	42	97.082436
	11	43	69.52697
	11	44	16.970562
	11	45	79.624115
	11	46	44.102154
	11	47	58.694122
	11	48	68.117546
	11	49	0.0
	11	50	40.853397
	11	51	46.09772
	11	52	75.82216
	11	53	24.758837
	11	54	51.62364
	11	55	88.11924
	11	56	19.416489
	11	57	26.24881
	11	58	47.801674
	11	59	8.944272
	11	60	42.544094
	11	61	75.50497
	11	62	54.08327
	11	63	48.010414
	11	64	47.07441
	11	65	54.129475
	11	66	11.401754
	11	67	49.73932
	11	68	73.68175
	11	69	47.127487
	11	70	72.53275
	11	71	78.29432
	11	72	54.08327
	11	73	67.89698
	11	74	71.30919
	11	75	65.76473
	11	76	74.0
	11	77	15.0
	11	78	78.18568
	11	79	67.95587
	11	80	61.46544
	11	81	80.05623
	11	82	20.248457
	11	83	65.551506
	11	84	73.171036
	11	85	12.206555
	11	86	19.416489
	11	87	12.806249
	11	88	80.77747
	11	89	60.074955
	11	90	42.107006
	11	91	76.38062
	11	92	36.0
	11	93	67.02985
	11	94	61.846584
	11	95	69.856995
	11	96	64.202805
	11	97	47.92703
	11	98	19.849434
	11	99	44.553337
	12	0	51.1957
	12	1	42.0119
	12	2	29.966648
	12	3	60.00833
	12	4	19.209373
	12	5	36.687874
	12	6	29.732138
	12	7	58.24088
	12	8	13.341664
	12	9	33.955853
	12	10	37.0
	12	11	63.245552
	12	12	0.0
	12	13	48.38388
	12	14	56.648037
	12	15	67.36468
	12	16	50.606323
	12	17	47.853943
	12	18	12.806249
	12	19	71.693794
	12	20	23.600847
	12	21	52.17279
	12	22	8.246211
	12	23	35.0
	12	24	44.102154
	12	25	41.868843
	12	26	78.74643
	12	27	28.284271
	12	28	35.805027
	12	29	57.271286
	12	30	70.256676
	12	31	44.011364
	12	32	27.294687
	12	33	17.088007
	12	34	34.058773
	12	35	10.049875
	12	36	69.354164
	12	37	15.556349
	12	38	18.027756
	12	39	66.0303
	12	40	38.078865
	12	41	37.0
	12	42	38.8973
	12	43	18.384777
	12	44	62.482
	12	45	20.09975
	12	46	39.812057
	12	47	50.24938
	12	48	17.888544
	12	49	63.245552
	12	50	52.886673
	12	51	33.54102
	12	52	21.095022
	12	53	64.3506
	12	54	35.1141
	12	55	26.476404
	12	56	50.92151
	12	57	61.0
	12	58	40.261642
	12	59	62.609905
	12	60	31.016125
	12	61	30.413813
	12	62	52.201534
	12	63	15.264338
	12	64	46.389652
	12	65	31.780497
	12	66	51.86521
	12	67	27.89265
	12	68	50.566788
	12	69	50.48762
	12	70	78.72102
	12	71	17.029387
	12	72	37.161808
	12	73	70.21396
	12	74	47.38143
	12	75	11.18034
	12	76	44.04543
	12	77	69.46222
	12	78	44.102154
	12	79	25.806976
	12	80	13.928389
	12	81	24.351591
	12	82	45.188496
	12	83	37.536648
	12	84	59.816387
	12	85	60.108234
	12	86	81.68843
	12	87	68.0294
	12	88	44.777225
	12	89	33.955853
	12	90	34.48188
	12	91	17.262676
	12	92	52.0
	12	93	58.830265
	12	94	5.0
	12	95	25.612497
	12	96	3.1622777
	12	97	33.955853
	12	98	68.30813
	12	99	20.615528
	13	0	26.305893
	13	1	17.029387
	13	2	53.413483
	13	3	87.46428
	13	4	34.0
	13	5	11.7046995
	13	6	68.18358
	13	7	94.26028
	13	8	56.435802
	13	9	61.220913
	13	10	81.055534
	13	11	67.74216
	13	12	48.38388
	13	13	0.0
	13	14	94.76286
	13	15	97.637085
	13	16	10.198039
	13	17	63.15853
	13	18	59.5063
	13	19	112.48556
	13	20	27.018513
	13	21	74.70609
	13	22	44.553337
	13	23	40.24922
	13	24	73.00685
	13	25	44.27189
	13	26	75.16648
	13	27	21.095022
	13	28	18.027756
	13	29	70.5195
	13	30	99.64437
	13	31	31.400637
	13	32	22.090721
	13	33	62.649822
	13	34	81.04937
	13	35	53.235325
	13	36	108.20813
	13	37	35.22783
	13	38	45.099888
	13	39	69.46222
	13	40	11.0
	13	41	81.055534
	13	42	83.0542
	13	43	66.730804
	13	44	55.03635
	13	45	44.28318
	13	46	24.04163
	13	47	10.770329
	13	48	66.12866
	13	49	67.74216
	13	50	29.427877
	13	51	70.76723
	13	52	69.12308
	13	53	50.635956
	13	54	75.28612
	13	55	52.17279
	13	56	69.354164
	13	57	82.764725
	13	58	77.7946
	13	59	73.24616
	13	60	65.76473
	13	61	25.96151
	13	62	90.50967
	13	63	47.201694
	13	64	21.0
	13	65	73.60027
	13	66	60.440052
	13	67	67.62396
	13	68	6.0
	13	69	22.36068
	13	70	117.456375
	13	71	47.042534
	13	72	78.24321
	13	73	109.60383
	13	74	92.96236
	13	75	59.464275
	13	76	90.824005
	13	77	81.25269
	13	78	91.706055
	13	79	73.409805
	13	80	34.48188
	13	81	38.832977
	13	82	62.169125
	13	83	83.00603
	13	84	103.6002
	13	85	57.07889
	13	86	78.23043
	13	87	79.07591
	13	88	92.70383
	13	89	14.764823
	13	90	28.178005
	13	91	64.132675
	13	92	81.27115
	13	93	100.76706
	13	94	52.554733
	13	95	26.019224
	13	96	51.546097
	13	97	72.249565
	13	98	83.81527
	13	99	53.90733
	14	0	81.63332
	14	1	95.131485
	14	2	42.0119
	14	3	22.135944
	14	4	75.153175
	14	5	84.38602
	14	6	73.02739
	14	7	5.0
	14	8	43.462627
	14	9	34.4093
	14	10	66.70832
	14	11	56.008926
	14	12	56.648037
	14	13	94.76286
	14	14	0.0
	14	15	19.104973
	14	16	100.89599
	14	17	42.201897
	14	18	44.64303
	14	19	18.35756
	14	20	77.52419
	14	21	31.06445
	14	22	64.84597
	14	23	57.68882
	14	24	24.698177
	14	25	58.137768
	14	26	71.34424
	14	27	74.518456
	14	28	88.752464
	14	29	44.011364
	14	30	22.022715
	14	31	71.34424
	14	32	79.32213
	14	33	59.135437
	14	34	56.753853
	14	35	47.010635
	14	36	13.453624
	14	37	71.11259
	14	38	74.04053
	14	39	58.00862
	14	40	87.458565
	14	41	66.70832
	14	42	67.18631
	14	43	46.09772
	14	44	69.2315
	14	45	76.243034
	14	46	74.20242
	14	47	90.90655
	14	48	45.17743
	14	49	56.008926
	14	50	81.00617
	14	51	24.41311
	14	52	51.009804
	14	53	76.15773
	14	54	21.540659
	14	55	80.411446
	14	56	37.336308
	14	57	31.780497
	14	58	17.20465
	14	59	48.09366
	14	60	29.068884
	14	61	85.47514
	14	62	4.472136
	14	63	48.82622
	14	64	81.02469
	14	65	25.0
	14	66	50.01
	14	67	29.068884
	14	68	99.15644
	14	69	83.761566
	14	70	22.803509
	14	71	72.53275
	14	72	19.646883
	14	73	14.866069
	14	74	23.021729
	14	75	49.0306
	14	76	28.653097
	14	77	48.270073
	14	78	33.61547
	14	79	38.013157
	14	80	66.730804
	14	81	80.99383
	14	82	40.804413
	14	83	25.495098
	14	84	18.027756
	14	85	63.953106
	14	86	72.691124
	14	87	48.83646
	14	88	36.359318
	14	89	80.80842
	14	90	68.24954
	14	91	56.0803
	14	92	20.024984
	14	93	11.401754
	14	94	51.86521
	14	95	79.755875
	14	96	54.708317
	14	97	23.323807
	14	98	42.72002
	14	99	41.400482
	15	0	79.9062
	15	1	101.23734
	15	2	44.72136
	15	3	10.630146
	15	4	84.17244
	15	5	88.588936
	15	6	88.28363
	15	7	14.21267
	15	8	54.147945
	15	9	37.161808
	15	10	83.81527
	15	11	45.54119
	15	12	67.36468
	15	13	97.637085
	15	14	19.104973
	15	15	0.0
	15	16	105.1903
	15	17	36.878178
	15	18	57.00877
	15	19	29.427877
	15	20	85.07056
	15	21	24.083189
	15	22	75.53807
	15	23	57.801384
	15	24	25.079872
	15	25	55.86591
	15	26	58.420887
	15	27	79.15807
	15	28	95.07891
	15	29	34.43835
	15	30	3.1622777
	15	31	70.035706
	15	32	85.79627
	15	33	73.552704
	15	34	74.094536
	15	35	57.31492
	15	36	22.36068
	15	37	80.04999
	15	38	85.37564
	15	39	46.840153
	15	40	92.13034
	15	41	83.81527
	15	42	84.50444
	15	43	60.827625
	15	44	61.269894
	15	45	87.46428
	15	46	74.8131
	15	47	91.83137
	15	48	59.682495
	15	49	45.54119
	15	50	78.56844
	15	51	34.0147
	15	52	66.4906
	15	53	68.88396
	15	54	34.36568
	15	55	93.0215
	15	56	30.610456
	15	57	19.313208
	15	58	28.160255
	15	59	36.687874
	15	60	36.496574
	15	61	93.30059
	15	62	21.095022
	15	63	56.044624
	15	64	80.80842
	15	65	38.470768
	15	66	43.266617
	15	67	40.0
	15	68	102.7278
	15	69	82.75868
	15	70	27.294687
	15	71	84.21401
	15	72	33.955853
	15	73	24.33105
	15	74	42.0119
	15	75	62.072536
	15	76	47.434166
	15	77	34.132095
	15	78	52.43091
	15	79	53.851646
	15	80	74.726166
	15	81	91.24144
	15	82	36.769554
	15	83	42.953465
	15	84	36.05551
	15	85	55.9017
	15	86	59.135437
	15	87	35.35534
	15	88	55.21775
	15	89	85.0
	15	90	69.63476
	15	91	70.71068
	15	92	16.552946
	15	93	29.410883
	15	94	63.126858
	15	95	87.28116
	15	96	66.1211
	15	97	34.0147
	15	98	28.071337
	15	99	48.507732
	16	0	36.496574
	16	1	11.045361
	16	2	60.53924
	16	3	95.257545
	16	4	33.526108
	16	5	16.643316
	16	6	66.189125
	16	7	100.80179
	16	8	60.440052
	16	9	68.26419
	16	10	80.06248
	16	11	77.41447
	16	12	50.606323
	16	13	10.198039
	16	14	100.89599
	16	15	105.1903
	16	16	0.0
	16	17	71.7844
	16	18	62.681736
	16	19	118.19052
	16	20	27.313
	16	21	82.85529
	16	22	45.310043
	16	23	48.703182
	16	24	80.26207
	16	25	53.366657
	16	26	85.28775
	16	27	26.400757
	16	28	15.524175
	16	29	79.555016
	16	30	107.35455
	16	31	41.109608
	16	32	23.323807
	16	33	62.936478
	16	34	81.32035
	16	35	57.00877
	16	36	114.33722
	16	37	35.846897
	16	38	43.56604
	16	39	79.22752
	16	40	13.453624
	16	41	80.06248
	16	42	82.036575
	16	43	68.88396
	16	44	65.12296
	16	45	42.296574
	16	46	33.37664
	16	47	20.880613
	16	48	68.47627
	16	49	77.41447
	16	50	39.623226
	16	51	76.57676
	16	52	70.38466
	16	53	60.827625
	16	54	80.622574
	16	55	49.010204
	16	56	77.83315
	16	57	91.18114
	16	58	83.737686
	16	59	82.565125
	16	60	71.8401
	16	61	23.194826
	16	62	96.540146
	16	63	52.34501
	16	64	31.06445
	16	65	78.51752
	16	66	69.63476
	16	67	72.835434
	16	68	4.472136
	16	69	32.55764
	16	70	123.69317
	16	71	45.705578
	16	72	83.4386
	16	73	115.62439
	16	74	97.00516
	16	75	61.77378
	16	76	94.302704
	16	77	90.60905
	16	78	94.66784
	16	79	76.321686
	16	80	36.891735
	16	81	36.05551
	16	82	70.5762
	16	83	87.005745
	16	84	108.37435
	16	85	67.00746
	16	86	88.362885
	16	87	88.45903
	16	88	95.38344
	16	89	20.248457
	16	90	36.687874
	16	91	64.84597
	16	92	88.68484
	16	93	106.06602
	16	94	55.226807
	16	95	25.632011
	16	96	53.712196
	16	97	77.89737
	16	98	92.89241
	16	99	59.548298
	17	0	43.185646
	17	1	70.035706
	17	2	17.888544
	17	3	26.24881
	17	4	58.694122
	17	5	55.7853
	17	6	76.27582
	17	7	39.217342
	17	8	38.418747
	17	9	16.40122
	17	10	78.492035
	17	11	17.492855
	17	12	47.853943
	17	13	63.15853
	17	14	42.201897
	17	15	36.878178
	17	16	71.7844
	17	17	0.0
	17	18	43.931767
	17	19	60.083275
	17	20	57.035076
	17	21	12.806249
	17	22	54.42426
	17	23	23.086792
	17	24	18.027756
	17	25	19.416489
	17	26	34.48188
	17	27	47.518417
	17	28	64.49806
	17	29	9.486833
	17	30	38.183765
	17	31	33.600594
	17	32	56.0803
	17	33	61.400326
	17	34	71.063354
	17	35	39.661064
	17	36	53.851646
	17	37	54.91812
	17	38	64.195015
	17	39	20.248457
	17	40	59.665737
	17	41	78.492035
	17	42	79.93122
	17	43	52.34501
	17	44	27.166155
	17	45	65.802734
	17	46	39.357338
	17	47	56.0803
	17	48	50.931328
	17	49	17.492855
	17	50	41.725292
	17	51	28.79236
	17	52	58.694122
	17	53	33.955853
	17	54	34.48188
	17	55	73.736015
	17	56	6.4031243
	17	57	19.723083
	17	58	31.257
	17	59	14.764823
	17	60	25.059929
	17	61	65.0
	17	62	39.45884
	17	63	32.695564
	17	64	44.65423
	17	65	36.769554
	17	66	8.0
	17	67	32.24903
	17	68	68.70953
	17	69	46.227695
	17	70	61.7171
	17	71	63.90618
	17	72	37.107952
	17	73	55.713554
	17	74	54.74486
	17	75	49.0408
	17	76	57.00877
	17	77	21.84033
	17	78	61.03278
	17	79	50.47772
	17	80	48.6621
	17	81	67.26812
	17	82	2.828427
	17	83	48.38388
	17	84	58.137768
	17	85	22.022715
	17	86	36.891735
	17	87	20.248457
	17	88	63.56886
	17	89	52.392746
	17	90	35.1141
	17	91	59.665737
	17	92	22.847319
	17	93	52.46904
	17	94	45.79301
	17	95	59.008472
	17	96	48.373547
	17	97	30.675724
	17	98	22.0
	17	99	28.01785
	18	0	58.00862
	18	1	54.56189
	18	2	27.018513
	18	3	50.803543
	18	4	32.01562
	18	5	47.853943
	18	6	33.105892
	18	7	46.69047
	18	8	5.8309517
	18	9	28.01785
	18	10	34.828148
	18	11	60.827625
	18	12	12.806249
	18	13	59.5063
	18	14	44.64303
	18	15	57.00877
	18	16	62.681736
	18	17	43.931767
	18	18	0.0
	18	19	59.05929
	18	20	36.124783
	18	21	45.188496
	18	22	20.59126
	18	23	37.64306
	18	24	35.735138
	18	25	43.462627
	18	26	77.33692
	18	27	38.626415
	18	28	48.270073
	18	29	52.801514
	18	30	60.033325
	18	31	49.365982
	18	32	39.40812
	18	33	17.888544
	18	34	28.635643
	18	35	7.0
	18	36	57.00877
	18	37	28.319605
	18	38	29.410883
	18	39	63.655323
	18	40	49.73932
	18	41	34.828148
	18	42	36.40055
	18	43	9.486833
	18	44	63.529522
	18	45	31.622776
	18	46	47.042534
	18	47	59.908264
	18	48	8.246211
	18	49	60.827625
	18	50	59.135437
	18	51	23.086792
	18	52	15.264338
	18	53	66.85058
	18	54	23.345236
	18	55	36.124783
	18	56	45.486263
	18	57	53.488316
	18	58	29.068884
	18	59	58.412327
	18	60	22.135944
	18	61	43.185646
	18	62	40.261642
	18	63	16.27882
	18	64	54.147945
	18	65	19.646883
	18	66	49.57822
	18	67	17.029387
	18	68	62.26556
	18	69	58.077534
	18	70	66.309875
	18	71	27.89265
	18	72	25.0
	18	73	57.77543
	18	74	34.655445
	18	75	5.3851647
	18	76	31.622776
	18	77	64.3506
	18	78	32.202484
	18	79	13.928389
	18	80	25.806976
	18	81	36.67424
	18	82	41.109608
	18	83	24.758837
	18	84	47.010635
	18	85	60.207973
	18	86	80.05623
	18	87	63.245552
	18	88	33.24154
	18	89	44.777225
	18	90	41.0
	18	91	15.811388
	18	92	42.755116
	18	93	46.141087
	18	94	7.81025
	18	95	38.209946
	18	96	10.29563
	18	97	23.0
	18	98	62.177166
	18	99	16.40122
	19	0	99.985
	19	1	111.82576
	19	2	60.216278
	19	3	37.054016
	19	4	90.73588
	19	5	101.8332
	19	6	83.18654
	19	7	20.880613
	19	8	59.07622
	19	9	52.69725
	19	10	74.00676
	19	11	72.691124
	19	12	71.693794
	19	13	112.48556
	19	14	18.35756
	19	15	29.427877
	19	16	118.19052
	19	17	60.083275
	19	18	59.05929
	19	19	0.0
	19	20	93.813644
	19	21	48.270073
	19	22	79.64923
	19	23	76.00658
	19	24	42.953465
	19	25	76.47875
	19	26	87.02299
	19	27	91.93476
	19	28	105.42296
	19	29	60.827625
	19	30	31.04835
	19	31	89.693924
	19	32	96.04687
	19	33	70.88018
	19	34	64.03124
	19	35	62.681736
	19	36	7.071068
	19	37	86.821655
	19	38	88.14193
	19	39	74.431175
	19	40	104.73777
	19	41	74.00676
	19	42	74.00676
	19	43	58.189346
	19	44	86.833176
	19	45	90.37699
	19	46	92.417534
	19	47	109.01835
	19	48	57.58472
	19	49	72.691124
	19	50	99.36297
	19	51	41.725292
	19	52	61.846584
	19	53	93.96276
	19	54	37.64306
	19	55	93.30059
	19	56	54.81788
	19	57	47.042534
	19	58	34.713108
	19	59	64.28063
	19	60	46.75468
	19	61	101.51354
	19	62	22.203604
	19	63	65.8559
	19	64	99.29753
	19	65	40.22437
	19	66	67.72001
	19	67	45.453274
	19	68	116.67476
	19	69	102.0833
	19	70	9.219544
	19	71	86.40602
	19	72	35.0
	19	73	5.0990195
	19	74	28.160255
	19	75	62.649822
	19	76	34.058773
	19	77	63.03174
	19	78	38.013157
	19	79	49.335587
	19	80	83.00603
	19	81	95.71311
	19	82	58.872746
	19	83	35.735138
	19	84	15.033297
	19	85	81.49233
	19	86	88.005684
	19	87	64.0
	19	88	40.112343
	19	89	98.29038
	19	90	86.40023
	19	91	67.72001
	19	92	37.363083
	19	93	13.0
	19	94	66.730804
	19	95	96.02083
	19	96	69.354164
	19	97	40.311287
	19	98	57.07889
	19	99	58.694122
	20	0	39.824615
	20	1	18.439089
	20	2	41.4367
	20	3	76.15773
	20	4	7.071068
	20	5	16.27882
	20	6	41.4367
	20	7	78.26238
	20	8	34.828148
	20	9	48.270073
	20	10	54.037025
	20	11	68.154236
	20	12	23.600847
	20	13	27.018513
	20	14	77.52419
	20	15	85.07056
	20	16	27.313
	20	17	57.035076
	20	18	36.124783
	20	19	93.813644
	20	20	0.0
	20	21	65.490456
	20	22	18.027756
	20	23	36.138622
	20	24	60.166435
	20	25	43.011627
	20	26	80.622574
	20	27	13.453624
	20	28	12.206555
	20	29	66.189125
	20	30	87.64131
	20	31	37.202152
	20	32	5.0990195
	20	33	35.902645
	20	34	54.34151
	20	35	31.241
	20	36	90.73588
	20	37	8.5440035
	20	38	18.439089
	20	39	70.60453
	20	40	16.03122
	20	41	54.037025
	20	42	56.0357
	20	43	41.677334
	20	44	61.294373
	20	45	18.027756
	20	46	29.732138
	20	47	32.280025
	20	48	41.340054
	20	49	68.154236
	20	50	42.520584
	20	51	53.235325
	20	52	43.081318
	20	53	60.216278
	20	54	56.302753
	20	55	26.832815
	20	56	62.03225
	20	57	74.431175
	20	58	60.41523
	20	59	70.5762
	20	60	49.24429
	20	61	8.246211
	20	62	73.061615
	20	63	29.15476
	20	64	33.600594
	20	65	53.600372
	20	66	57.870544
	20	67	48.548943
	20	68	27.89265
	20	69	37.44329
	20	70	100.16985
	20	71	20.22375
	20	72	58.821766
	20	73	91.809586
	20	74	70.76723
	20	75	34.669872
	20	76	67.62396
	20	77	78.40918
	20	78	67.6757
	20	79	49.40648
	20	80	10.816654
	20	81	14.21267
	20	82	55.0
	20	83	60.827625
	20	84	82.80701
	20	85	60.926186
	20	86	83.773506
	20	87	76.53104
	20	88	68.26419
	20	89	15.231546
	20	90	27.784887
	20	91	37.64306
	20	92	68.68042
	20	93	81.21576
	20	94	28.42534
	20	95	2.236068
	20	96	26.627054
	20	97	54.20332
	20	98	79.025314
	20	99	36.769554
	21	0	55.86591
	21	1	80.08121
	21	2	24.083189
	21	3	13.453624
	21	4	66.007576
	21	5	66.48308
	21	6	78.29432
	21	7	27.45906
	21	8	40.496914
	21	9	18.248287
	21	10	78.00641
	21	11	25.019993
	21	12	52.17279
	21	13	74.70609
	21	14	31.06445
	21	15	24.083189
	21	16	82.85529
	21	17	12.806249
	21	18	45.188496
	21	19	48.270073
	21	20	65.490456
	21	21	0.0
	21	22	59.682495
	21	23	34.48188
	21	24	10.630146
	21	25	31.890438
	21	26	41.0
	21	27	57.567352
	21	28	74.215904
	21	29	13.038404
	21	30	25.495098
	21	31	46.09772
	21	32	65.30697
	21	33	63.07139
	21	34	69.52697
	21	35	42.72002
	21	36	41.761227
	21	37	62.0
	21	38	69.72087
	21	39	27.166155
	21	40	70.2282
	21	41	78.00641
	21	42	79.20227
	21	43	52.153618
	21	44	38.600517
	21	45	71.568146
	21	46	51.312767
	21	47	68.24222
	21	48	50.77401
	21	49	25.019993
	21	50	54.48853
	21	51	24.758837
	21	52	58.5235
	21	53	45.88028
	21	54	29.206163
	21	55	78.64477
	21	56	6.708204
	21	57	9.0
	21	58	24.186773
	21	59	17.720045
	21	60	23.323807
	21	61	73.68175
	21	62	29.068884
	21	63	38.118237
	21	64	57.00877
	21	65	32.55764
	21	66	19.697716
	21	67	30.0
	21	68	80.05623
	21	69	58.796257
	21	70	49.24429
	21	71	69.050705
	21	72	31.06445
	21	73	43.68066
	21	74	47.169907
	21	75	50.566788
	21	76	50.537113
	21	77	20.615528
	21	78	55.072678
	21	79	48.166378
	21	80	56.0357
	21	81	74.06078
	21	82	12.806249
	21	83	42.72002
	21	84	48.166378
	21	85	33.24154
	21	86	42.72002
	21	87	20.248457
	21	88	57.801384
	21	89	62.968246
	21	90	46.52956
	21	91	60.827625
	21	92	11.045361
	21	93	42.0119
	21	94	49.0408
	21	95	67.601776
	21	96	51.92302
	21	97	26.172504
	21	98	17.20465
	21	99	31.575306
	22	0	51.62364
	22	1	35.846897
	22	2	36.687874
	22	3	68.007355
	22	4	12.206555
	22	5	33.13608
	22	6	26.832815
	22	7	66.48308
	22	8	21.587032
	22	9	41.4367
	22	10	37.215588
	22	11	68.96376
	22	12	8.246211
	22	13	44.553337
	22	14	64.84597
	22	15	75.53807
	22	16	45.310043
	22	17	54.42426
	22	18	20.59126
	22	19	79.64923
	22	20	18.027756
	22	21	59.682495
	22	22	0.0
	22	23	38.948685
	22	24	52.009613
	22	25	46.09772
	22	26	83.81527
	22	27	26.305893
	22	28	29.966648
	22	29	63.90618
	22	30	78.40918
	22	31	45.79301
	22	32	22.561028
	22	33	18.110771
	22	34	36.496574
	22	35	18.248287
	22	36	77.47257
	22	37	9.486833
	22	38	10.049875
	22	39	71.693794
	22	40	33.734257
	22	41	37.215588
	22	42	39.20459
	22	43	24.207438
	22	44	66.48308
	22	45	12.0
	22	46	40.311287
	22	47	48.09366
	22	48	24.083189
	22	49	68.96376
	22	50	53.712196
	22	51	41.773197
	22	52	25.079872
	22	53	67.47592
	22	54	43.32436
	22	55	19.313208
	22	56	57.974133
	22	57	68.593
	22	58	48.507732
	22	59	69.079666
	22	60	39.115215
	22	61	23.600847
	22	62	60.40695
	22	63	21.84033
	22	64	46.173584
	22	65	39.92493
	22	66	57.706154
	22	67	36.138622
	22	68	45.88028
	22	69	50.289165
	22	70	86.815895
	22	71	9.486833
	22	72	45.310043
	22	73	78.29432
	22	74	54.67175
	22	75	17.691807
	22	76	50.91169
	22	77	76.2168
	22	78	50.447994
	22	79	32.526913
	22	80	11.401754
	22	81	16.155495
	22	82	51.86521
	22	83	45.0
	22	84	67.424034
	22	85	64.66065
	22	86	86.83893
	22	87	74.672615
	22	88	50.803543
	22	89	31.0
	22	90	35.846897
	22	91	19.646883
	22	92	60.033325
	22	93	66.730804
	22	94	13.0
	22	95	19.697716
	22	96	10.29563
	22	97	42.201897
	22	98	75.43209
	22	99	28.160255
	23	0	24.166092
	23	1	47.26521
	23	2	16.155495
	23	3	47.434166
	23	4	39.39543
	23	5	32.75668
	23	6	64.66065
	23	7	56.22277
	23	8	32.01562
	23	9	23.323807
	23	10	71.11962
	23	11	32.01562
	23	12	35.0
	23	13	40.24922
	23	14	57.68882
	23	15	57.801384
	23	16	48.703182
	23	17	23.086792
	23	18	37.64306
	23	19	76.00658
	23	20	36.138622
	23	21	34.48188
	23	22	38.948685
	23	23	0.0
	23	24	33.970577
	23	25	7.2111025
	23	26	45.276924
	23	27	25.0
	23	28	42.0119
	23	29	31.257
	23	30	59.64059
	23	31	13.928389
	23	32	34.234486
	23	33	51.62364
	23	34	66.12866
	23	35	31.016125
	23	36	70.80254
	23	37	36.23534
	23	38	47.434166
	23	39	34.48188
	23	40	36.67424
	23	41	71.11962
	23	42	72.89719
	23	43	47.127487
	23	44	27.58623
	23	45	48.548943
	23	46	17.029387
	23	47	34.058773
	23	48	45.88028
	23	49	32.01562
	23	50	24.04163
	23	51	36.05551
	23	52	52.554733
	23	53	29.529646
	23	54	41.761227
	23	55	57.428215
	23	56	29.15476
	23	57	42.544094
	23	58	42.047592
	23	59	35.0
	23	60	30.675724
	23	61	43.56604
	23	62	53.851646
	23	63	21.540659
	23	64	23.43075
	23	65	41.773197
	23	66	22.022715
	23	67	35.510563
	23	68	45.694637
	23	69	26.076809
	23	70	79.64923
	23	71	47.801674
	23	72	44.922153
	23	73	72.42237
	23	74	62.369865
	23	75	41.231056
	23	76	62.39391
	23	77	43.011627
	23	78	65.06919
	23	79	49.365982
	23	80	30.016663
	23	81	48.332184
	23	82	21.931713
	23	83	53.460266
	23	84	70.00714
	23	85	25.806976
	23	86	48.373547
	23	87	41.0
	23	88	67.00746
	23	89	29.427877
	23	90	12.083046
	23	91	51.0
	23	92	41.773197
	23	93	65.74192
	23	94	35.35534
	23	95	37.85499
	23	96	36.891735
	23	97	37.94733
	23	98	44.553337
	23	99	23.021729
	24	0	57.428215
	24	1	76.15773
	24	2	19.723083
	24	3	16.124516
	24	4	59.682495
	24	5	63.631752
	24	6	68.70953
	24	7	22.472204
	24	8	31.575306
	24	9	12.083046
	24	10	67.6757
	24	11	33.955853
	24	12	44.102154
	24	13	73.00685
	24	14	24.698177
	24	15	25.079872
	24	16	80.26207
	24	17	18.027756
	24	18	35.735138
	24	19	42.953465
	24	20	60.166435
	24	21	10.630146
	24	22	52.009613
	24	23	33.970577
	24	24	0.0
	24	25	33.61547
	24	26	50.596443
	24	27	54.120235
	24	28	70.00714
	24	29	22.472204
	24	30	27.513634
	24	31	47.201694
	24	32	60.74537
	24	33	53.488316
	24	34	59.03389
	24	35	34.234486
	24	36	37.215588
	24	37	55.578773
	24	38	62.03225
	24	39	36.40055
	24	40	67.11929
	24	41	67.6757
	24	42	68.8186
	24	43	42.059483
	24	44	45.17743
	24	45	64.00781
	24	46	50.91169
	24	47	67.89698
	24	48	40.706264
	24	49	33.955853
