data;

param n := 50;

param p := 20;

param m := 5;

param alpha := 9.894468307495117;

param r := 
	0	2
	1	3
	2	0
	3	4
	4	2
	5	1
	6	2
	7	3
	8	4
	9	4
	10	1
	11	3
	12	1
	13	2
	14	0
	15	1
	16	2
	17	2
	18	3
	19	3
	20	3
	21	4
	22	3
	23	0
	24	1
	25	4
	26	0
	27	2
	28	3
	29	4
	30	1
	31	4
	32	3
	33	1
	34	0
	35	0
	36	0
	37	0
	38	1
	39	0
	40	2
	41	2
	42	4
	43	4
	44	2
	45	3
	46	2
	47	4
	48	4
	49	4
;

param d := 
	0	3
	1	3
	2	1
	3	4
	4	4
	5	1
	6	3
	7	3
	8	4
	9	4
	10	4
	11	4
	12	3
	13	4
	14	2
	15	4
	16	2
	17	4
	18	3
	19	3
	20	4
	21	4
	22	3
	23	4
	24	2
	25	4
	26	0
	27	3
	28	4
	29	4
	30	4
	31	4
	32	3
	33	1
	34	1
	35	2
	36	2
	37	0
	38	4
	39	3
	40	4
	41	3
	42	4
	43	4
	44	2
	45	3
	46	3
	47	4
	48	4
	49	4
;

param c := 
	0	0	0.0
	0	1	106.52699
	0	2	67.80118
	0	3	39.623226
	0	4	44.598206
	0	5	63.134777
	0	6	67.74216
	0	7	70.035706
	0	8	67.357254
	0	9	59.135437
	0	10	78.434685
	0	11	106.83164
	0	12	72.56032
	0	13	68.622154
	0	14	28.01785
	0	15	94.00532
	0	16	100.80675
	0	17	92.00543
	0	18	88.23265
	0	19	68.0
	0	20	46.173584
	0	21	106.30146
	0	22	81.5414
	0	23	86.88498
	0	24	111.86599
	0	25	72.835434
	0	26	85.09406
	0	27	2.236068
	0	28	92.91394
	0	29	52.0
	0	30	105.89146
	0	31	12.806249
	0	32	86.313385
	0	33	104.27847
	0	34	67.74216
	0	35	31.780497
	0	36	26.172504
	0	37	88.52683
	0	38	71.84706
	0	39	64.84597
	0	40	56.859474
	0	41	99.764725
	0	42	36.359318
	0	43	103.773796
	0	44	21.400934
	0	45	81.21576
	0	46	50.537113
	0	47	50.159744
	0	48	81.437096
	0	49	90.80198
	1	0	106.52699
	1	1	0.0
	1	2	38.8973
	1	3	67.424034
	1	4	66.4003
	1	5	45.80393
	1	6	59.908264
	1	7	36.891735
	1	8	50.32892
	1	9	64.132675
	1	10	56.32051
	1	11	7.81025
	1	12	59.841457
	1	13	38.27532
	1	14	90.33826
	1	15	68.06615
	1	16	51.86521
	1	17	67.74216
	1	18	19.723083
	1	19	50.635956
	1	20	72.11102
	1	21	2.828427
	1	22	50.48762
	1	23	50.08992
	1	24	7.071068
	1	25	34.88553
	1	26	39.051247
	1	27	104.48445
	1	28	16.763054
	1	29	74.323616
	1	30	20.518284
	1	31	93.723
	1	32	29.427877
	1	33	47.434166
	1	34	59.908264
	1	35	83.630135
	1	36	85.79627
	1	37	23.086792
	1	38	71.063354
	1	39	60.40695
	1	40	61.13101
	1	41	14.866069
	1	42	70.724815
	1	43	14.3178215
	1	44	85.146935
	1	45	25.455845
	1	46	58.258045
	1	47	60.0
	1	48	48.373547
	1	49	29.0
	2	0	67.80118
	2	1	38.8973
	2	2	0.0
	2	3	29.546574
	2	4	28.635643
	2	5	10.049875
	2	6	33.61547
	2	7	7.615773
	2	8	22.36068
	2	9	38.078865
	2	10	43.27817
	2	11	39.115215
	2	12	36.71512
	2	13	7.2111025
	2	14	54.571056
	2	15	56.568542
	2	16	50.08992
	2	17	55.17246
	2	18	20.59126
	2	19	29.068884
	2	20	40.112343
	2	21	38.948685
	2	22	40.496914
	2	23	38.600517
	2	24	44.687805
	2	25	11.401754
	2	26	28.635643
	2	27	65.802734
	2	28	25.495098
	2	29	41.04875
	2	30	43.011627
	2	31	55.0
	2	32	23.086792
	2	33	55.108982
	2	34	33.61547
	2	35	48.052055
	2	36	47.201694
	2	37	25.495098
	2	38	52.43091
	2	39	37.735924
	2	40	32.89377
	2	41	34.928497
	2	42	31.827662
	2	43	36.769554
	2	44	46.400433
	2	45	13.453624
	2	46	20.12461
	2	47	22.472204
	2	48	38.587563
	2	49	28.071337
	3	0	39.623226
	3	1	67.424034
	3	2	29.546574
	3	3	0.0
	3	4	20.518284
	3	5	28.071337
	3	6	44.28318
	3	7	30.610456
	3	8	37.85499
	3	9	28.160255
	3	10	45.01111
	3	11	68.47627
	3	12	49.24429
	3	13	29.206163
	3	14	26.019224
	3	15	72.615425
	3	16	72.691124
	3	17	70.77429
	3	18	50.08992
	3	19	31.400637
	3	20	19.849434
	3	21	67.00746
	3	22	46.270943
	3	23	59.03389
	3	24	72.47068
	3	25	33.24154
	3	26	53.0
	3	27	37.48333
	3	28	55.03635
	3	29	38.28838
	3	30	66.4003
	3	31	27.018513
	3	32	50.990196
	3	33	67.911705
	3	34	44.28318
	3	35	20.09975
	3	36	26.019224
	3	37	48.9183
	3	38	44.94441
	3	39	32.38827
	3	40	23.345236
	3	41	60.1415
	3	42	10.770329
	3	43	66.309875
	3	44	18.867962
	3	45	42.544094
	3	46	18.973665
	3	47	21.023796
	3	48	45.54119
	3	49	55.9017
	4	0	44.598206
	4	1	66.4003
	4	2	28.635643
	4	3	20.518284
	4	4	0.0
	4	5	20.615528
	4	6	25.495098
	4	7	34.20526
	4	8	22.803509
	4	9	47.010635
	4	10	61.13101
	4	11	65.06919
	4	12	30.594116
	4	13	32.984844
	4	14	43.011627
	4	15	53.851646
	4	16	57.14018
	4	17	51.92302
	4	18	46.8615
	4	19	46.09772
	4	20	40.311287
	4	21	66.85058
	4	22	60.827625
	4	23	43.104523
	4	24	72.67049
	4	25	38.078865
	4	26	40.496914
	4	27	43.011627
	4	28	50.931328
	4	29	18.027756
	4	30	71.51224
	4	31	32.75668
	4	32	42.43819
	4	33	80.00625
	4	34	25.495098
	4	35	38.483765
	4	36	20.0
	4	37	53.75872
	4	38	64.00781
	4	39	50.159744
	4	40	41.59327
	4	41	63.560993
	4	42	11.7046995
	4	43	60.959003
	4	44	25.079872
	4	45	41.340054
	4	46	8.5440035
	4	47	6.4031243
	4	48	59.5399
	4	49	46.647614
	5	0	63.134777
	5	1	45.80393
	5	2	10.049875
	5	3	28.071337
	5	4	20.615528
	5	5	0.0
	5	6	24.186773
	5	7	17.464249
	5	8	13.453624
	5	9	43.829212
	5	10	51.86521
	5	11	44.553337
	5	12	27.802877
	5	13	16.763054
	5	14	54.08327
	5	15	49.20366
	5	16	45.607018
	5	17	47.63402
	5	18	26.24881
	5	19	37.01351
	5	20	43.011627
	5	21	46.32494
	5	22	49.648766
	5	23	32.695564
	5	24	52.153618
	5	25	21.377558
	5	26	25.079872
	5	27	61.294373
	5	28	30.413813
	5	29	31.144823
	5	30	52.392746
	5	31	50.537113
	5	32	23.409399
	5	33	65.11528
	5	34	24.186773
	5	35	48.0
	5	36	40.311287
	5	37	35.22783
	5	38	59.464275
	5	39	44.598206
	5	40	38.27532
	5	41	43.965897
	5	42	26.832815
	5	43	40.804413
	5	44	42.047592
	5	45	21.023796
	5	46	12.806249
	5	47	14.21267
	5	48	47.853943
	5	49	28.160255
	6	0	67.74216
	6	1	59.908264
	6	2	33.61547
	6	3	44.28318
	6	4	25.495098
	6	5	24.186773
	6	6	0.0
	6	7	41.231056
	6	8	11.401754
	6	9	66.48308
	6	10	76.00658
	6	11	55.713554
	6	12	5.0990195
	6	13	40.718548
	6	14	68.41052
	6	15	28.460499
	6	16	33.24154
	6	17	26.57066
	6	18	41.303753
	6	19	61.03278
	6	20	62.968246
	6	21	61.39218
	6	22	73.82411
	6	23	19.697716
	6	24	66.94027
	6	25	44.94441
	6	26	23.021729
	6	27	66.48308
	6	28	43.174065
	6	29	18.027756
	6	30	72.0
	6	31	57.035076
	6	32	30.675724
	6	33	88.32327
	6	34	0.0
	6	35	63.56886
	6	36	41.59327
	6	37	56.568542
	6	38	82.80701
	6	39	68.0147
	6	40	60.827625
	6	41	63.007935
	6	42	37.107952
	6	43	49.658836
	6	44	50.08992
	6	45	40.112343
	6	46	25.553865
	6	47	23.259407
	6	48	72.00694
	6	49	32.649654
	7	0	70.035706
	7	1	36.891735
	7	2	7.615773
	7	3	30.610456
	7	4	34.20526
	7	5	17.464249
	7	6	41.231056
	7	7	0.0
	7	8	29.966648
	7	9	32.984844
	7	10	36.069378
	7	11	38.626415
	7	12	44.294468
	7	13	1.4142135
	7	14	53.851646
	7	15	63.702435
	7	16	56.0803
	7	17	62.369865
	7	18	21.213203
	7	19	22.472204
	7	20	37.215588
	7	21	36.40055
	7	22	33.01515
	7	23	45.343136
	7	24	41.868843
	7	25	4.0
	7	26	34.669872
	7	27	67.941154
	7	28	26.305893
	7	29	48.010414
	7	30	37.576588
	7	31	57.280014
	7	32	27.513634
	7	33	47.67599
	7	34	41.231056
	7	35	47.169907
	7	36	51.47815
	7	37	19.697716
	7	38	46.141087
	7	39	31.780497
	7	40	28.284271
	7	41	30.232433
	7	42	35.22783
	7	43	37.65634
	7	44	48.79549
	7	45	13.152946
	7	46	25.70992
	7	47	28.442924
	7	48	31.06445
	7	49	32.280025
	8	0	67.357254
	8	1	50.32892
	8	2	22.36068
	8	3	37.85499
	8	4	22.803509
	8	5	13.453624
	8	6	11.401754
	8	7	29.966648
	8	8	0.0
	8	9	57.00877
	8	10	65.21503
	8	11	47.010635
	8	12	14.422205
	8	13	29.529646
	8	14	63.387695
	8	15	36.05551
	8	16	35.057095
	8	17	34.4093
	8	18	31.04835
	8	19	50.447994
	8	20	55.03635
	8	21	51.546097
	8	22	62.76942
	8	23	21.213203
	8	24	57.245087
	8	25	33.61547
	8	26	17.888544
	8	27	65.802734
	8	28	33.61547
	8	29	24.186773
	8	30	61.073727
	8	31	55.542778
	8	32	22.203604
	8	33	76.922035
	8	34	11.401754
	8	35	57.870544
	8	36	42.047592
	8	37	45.276924
	8	38	72.862885
	8	39	58.0
	8	40	51.40039
	8	41	52.153618
	8	42	33.06055
	8	43	41.617306
	8	44	47.67599
	8	45	29.0
	8	46	19.104973
	8	47	18.027756
	8	48	60.90156
	8	49	25.455845
	9	0	59.135437
	9	1	64.132675
	9	2	38.078865
	9	3	28.160255
	9	4	47.010635
	9	5	43.829212
	9	6	66.48308
	9	7	32.984844
	9	8	57.00877
	9	9	0.0
	9	10	19.313208
	9	11	68.26419
	9	12	70.837845
	9	13	32.280025
	9	14	33.286633
	9	15	93.00538
	9	16	88.14193
	9	17	91.400215
	9	18	53.235325
	9	19	13.601471
	9	20	13.0
	9	21	62.58594
	9	22	23.021729
	9	23	76.15773
	9	24	66.760765
	9	25	32.24903
	9	26	66.70832
	9	27	56.920998
	9	28	58.137768
	9	29	65.0
	9	30	54.589375
	9	31	48.83646
	9	32	60.440052
	9	33	45.79301
	9	34	66.48308
	9	35	27.730848
	9	36	53.460266
	9	37	41.231056
	9	38	17.0
	9	39	5.8309517
	9	40	5.656854
	9	41	51.86521
	9	42	38.8973
	9	43	69.00725
	9	44	43.046486
	9	45	45.39824
	9	46	42.0119
	9	47	45.0
	9	48	23.43075
	9	49	65.25335
	10	0	78.434685
	10	1	56.32051
	10	2	43.27817
	10	3	45.01111
	10	4	61.13101
	10	5	51.86521
	10	6	76.00658
	10	7	36.069378
	10	8	65.21503
	10	9	19.313208
	10	10	0.0
	10	11	62.169125
	10	12	79.630394
	10	13	36.124783
	10	14	52.35456
	10	15	99.764725
	10	16	91.400215
	10	17	98.4124
	10	18	51.42956
	10	19	15.231546
	10	20	32.31099
	10	21	54.147945
	10	22	6.0827627
	10	23	81.34495
	10	24	57.00877
	10	25	33.30165
	10	26	70.292244
	10	27	76.2168
	10	28	55.542778
	10	29	78.434685
	10	30	41.773197
	10	31	67.911705
	10	32	61.854668
	10	33	27.018513
	10	34	76.00658
	10	35	47.010635
	10	36	71.0
	10	37	33.955853
	10	38	15.297058
	10	39	13.601471
	10	40	22.203604
	10	41	42.0119
	10	42	55.226807
	10	43	64.84597
	10	44	61.66036
	10	45	44.94441
	10	46	54.42426
	10	47	57.58472
	10	48	8.0
	10	49	66.037865
	11	0	106.83164
	11	1	7.81025
	11	2	39.115215
	11	3	68.47627
	11	4	65.06919
	11	5	44.553337
	11	6	55.713554
	11	7	38.626415
	11	8	47.010635
	11	9	68.26419
	11	10	62.169125
	11	11	0.0
	11	12	55.081757
	11	13	39.92493
	11	14	92.47703
	11	15	61.400326
	11	16	44.64303
	11	17	61.204575
	11	18	18.601076
	11	19	55.03635
	11	20	75.18643
	11	21	10.630146
	11	22	56.515484
	11	23	44.04543
	11	24	13.601471
	11	25	37.363083
	11	26	33.734257
	11	27	104.86182
	11	28	14.142136
	11	29	71.19691
	11	30	28.284271
	11	31	94.04786
	11	32	25.079872
	11	33	55.0
	11	34	55.713554
	11	35	85.79627
	11	36	84.8646
	11	37	28.284271
	11	38	76.53104
	11	39	65.00769
	11	40	64.77654
	11	41	21.954498
	11	42	70.60453
	11	43	7.071068
	11	44	85.44589
	11	45	25.942244
	11	46	57.31492
	11	47	58.694122
	11	48	54.34151
	11	49	23.537205
	12	0	72.56032
	12	1	59.841457
	12	2	36.71512
	12	3	49.24429
	12	4	30.594116
	12	5	27.802877
	12	6	5.0990195
	12	7	44.294468
	12	8	14.422205
	12	9	70.837845
	12	10	79.630394
	12	11	55.081757
	12	12	0.0
	12	13	43.908997
	12	14	73.4983
	12	15	23.409399
	12	16	28.79236
	12	17	21.540659
	12	18	42.0
	12	19	64.815125
	12	20	67.74216
	12	21	61.522354
	12	22	77.175125
	12	23	15.811388
	12	24	66.910385
	12	25	47.853943
	12	26	21.540659
	12	27	71.34424
	12	28	43.289722
	12	29	21.931713
	12	30	73.171036
	12	31	62.008064
	12	32	30.413813
	12	33	90.75792
	12	34	5.0990195
	12	35	68.622154
	12	36	46.389652
	12	37	58.463665
	12	38	86.977005
	12	39	72.138756
	12	40	65.192024
	12	41	64.12488
	12	42	42.201897
	12	43	48.703182
	12	44	55.145264
	12	45	41.773197
	12	46	30.413813
	12	47	28.231188
	12	48	75.29276
	12	49	31.622776
	13	0	68.622154
	13	1	38.27532
	13	2	7.2111025
	13	3	29.206163
	13	4	32.984844
	13	5	16.763054
	13	6	40.718548
	13	7	1.4142135
	13	8	29.529646
	13	9	32.280025
	13	10	36.124783
	13	11	39.92493
	13	12	43.908997
	13	13	0.0
	13	14	52.554733
	13	15	63.655323
	13	16	56.435802
	13	17	62.289646
	13	18	22.36068
	13	19	22.203604
	13	20	36.124783
	13	21	37.802116
	13	22	33.286633
	13	23	45.453274
	13	24	43.27817
	13	25	5.0990195
	13	26	34.98571
	13	27	66.52819
	13	28	27.45906
	13	29	47.042534
	13	30	38.910152
	13	31	55.86591
	13	32	28.160255
	13	33	48.507732
	13	34	40.718548
	13	35	45.88028
	13	36	50.119858
	13	37	21.023796
	13	38	45.79301
	13	39	31.304953
	13	40	27.45906
	13	41	31.622776
	13	42	33.83785
	13	43	38.832977
	13	44	47.38143
	13	45	14.3178215
	13	46	24.5153
	13	47	27.294687
	13	48	31.38471
	13	49	32.984844
	14	0	28.01785
	14	1	90.33826
	14	2	54.571056
	14	3	26.019224
	14	4	43.011627
	14	5	54.08327
	14	6	68.41052
	14	7	53.851646
	14	8	63.387695
	14	9	33.286633
	14	10	52.35456
	14	11	92.47703
	14	12	73.4983
	14	13	52.554733
	14	14	0.0
	14	15	96.84007
	14	16	98.4124
	14	17	94.92102
	14	18	74.63243
	14	19	44.553337
	14	20	20.615528
	14	21	89.470665
	14	22	56.302753
	14	23	84.59315
	14	24	94.51455
	14	25	55.461697
	14	26	79.00633
	14	27	26.0
	14	28	79.69943
	14	29	58.18075
	14	30	85.276024
	14	31	21.931713
	14	32	76.79192
	14	33	79.07591
	14	34	68.41052
	14	35	6.708204
	14	36	35.35534
	14	37	69.339745
	14	38	44.14748
	14	39	39.115215
	14	40	32.55764
	14	41	80.70936
	14	42	31.320919
	14	43	91.09336
	14	44	21.931713
	14	45	66.730804
	14	46	44.28318
	14	47	45.705578
	14	48	56.61272
	14	49	81.7435
	15	0	94.00532
	15	1	68.06615
	15	2	56.568542
	15	3	72.615425
	15	4	53.851646
	15	5	49.20366
	15	6	28.460499
	15	7	63.702435
	15	8	36.05551
	15	9	93.00538
	15	10	99.764725
	15	11	61.400326
	15	12	23.409399
	15	13	63.655323
	15	14	96.84007
	15	15	0.0
	15	16	18.681541
	15	17	2.0
	15	18	54.626
	15	19	85.58621
	15	20	90.824005
	15	21	70.40597
	15	22	96.540146
	15	23	19.235384
	15	24	74.8131
	15	25	66.70832
	15	26	31.304953
	15	27	93.00538
	15	28	53.75872
	15	29	42.0119
	15	30	85.3815
	15	31	84.29116
	15	32	41.62932
	15	33	106.94391
	15	34	28.460499
	15	35	92.02717
	15	36	68.0294
	15	37	73.82411
	15	38	108.57716
	15	39	93.723
	15	40	87.41853
	15	41	76.55064
	15	42	65.52099
	15	43	54.33231
	15	44	77.92946
	15	45	57.45433
	15	46	53.712196
	15	47	51.62364
	15	48	94.493385
	15	49	39.849716
	16	0	100.80675
	16	1	51.86521
	16	2	50.08992
	16	3	72.691124
	16	4	57.14018
	16	5	45.607018
	16	6	33.24154
	16	7	56.0803
	16	8	35.057095
	16	9	88.14193
	16	10	91.400215
	16	11	44.64303
	16	12	28.79236
	16	13	56.435802
	16	14	98.4124
	16	15	18.681541
	16	16	0.0
	16	17	19.313208
	16	18	41.868843
	16	19	78.54935
	16	20	88.60023
	16	21	54.42426
	16	22	87.32124
	16	23	14.035668
	16	24	58.24088
	16	25	58.249462
	16	26	21.470911
	16	27	99.46356
	16	28	39.661064
	16	29	50.695168
	16	30	70.66116
	16	31	89.6772
	16	32	29.732138
	16	33	94.40339
	16	34	33.24154
	16	35	92.779305
	16	36	74.73286
	16	37	61.7171
	16	38	102.21546
	16	39	87.70975
	16	40	82.85529
	16	41	62.26556
	16	42	68.0
	16	43	37.64306
	16	44	82.219215
	16	45	46.75468
	16	46	54.147945
	16	47	53.009434
	16	48	85.146935
	16	49	26.24881
	17	0	92.00543
	17	1	67.74216
	17	2	55.17246
	17	3	70.77429
	17	4	51.92302
	17	5	47.63402
	17	6	26.57066
	17	7	62.369865
	17	8	34.4093
	17	9	91.400215
	17	10	98.4124
	17	11	61.204575
	17	12	21.540659
	17	13	62.289646
	17	14	94.92102
	17	15	2.0
	17	16	19.313208
	17	17	0.0
	17	18	53.851646
	17	19	84.14868
	17	20	89.06739
	17	21	70.035706
	17	22	95.26804
	17	23	18.384777
	17	24	74.54529
	17	25	65.43699
	17	26	30.463093
	17	27	91.00549
	17	28	53.160137
	17	29	40.012497
	17	30	84.77028
	17	31	82.29824
	17	32	40.853397
	17	33	106.004715
	17	34	26.57066
	17	35	90.13878
	17	36	66.0303
	17	37	72.89719
	17	38	107.05606
	17	39	92.19544
	17	40	85.8021
	17	41	75.89466
	17	42	63.600315
	17	43	54.147945
	17	44	75.95393
	17	45	56.435802
	17	46	51.894123
	17	47	49.76947
	17	48	93.23626
	17	49	39.293766
	18	0	88.23265
	18	1	19.723083
	18	2	20.59126
	18	3	50.08992
	18	4	46.8615
	18	5	26.24881
	18	6	41.303753
	18	7	21.213203
	18	8	31.04835
	18	9	53.235325
	18	10	51.42956
	18	11	18.601076
	18	12	42.0
	18	13	22.36068
	18	14	74.63243
	18	15	54.626
	18	16	41.868843
	18	17	53.851646
	18	18	0.0
	18	19	41.0
	18	20	58.420887
	18	21	20.615528
	18	22	46.647614
	18	23	35.468296
	18	24	26.400757
	18	25	21.023796
	18	26	23.409399
	18	27	86.26703
	18	28	5.0990195
	18	29	54.781384
	18	30	31.400637
	18	31	75.45197
	18	32	13.0
	18	33	52.69725
	18	34	41.303753
	18	35	68.007355
	18	36	66.48308
	18	37	19.849434
	18	38	64.195015
	18	39	50.990196
	18	40	49.010204
	18	41	22.36068
	18	42	52.009613
	18	43	16.492422
	18	44	66.85058
	18	45	8.062258
	18	46	38.8973
	18	47	40.459858
	18	48	44.418465
	18	49	15.6205
	19	0	68.0
	19	1	50.635956
	19	2	29.068884
	19	3	31.400637
	19	4	46.09772
	19	5	37.01351
	19	6	61.03278
	19	7	22.472204
	19	8	50.447994
	19	9	13.601471
	19	10	15.231546
	19	11	55.03635
	19	12	64.815125
	19	13	22.203604
	19	14	44.553337
	19	15	85.58621
	19	16	78.54935
	19	17	84.14868
	19	18	41.0
	19	19	0.0
	19	20	24.083189
	19	21	49.0306
	19	22	15.0
	19	23	67.62396
	19	24	53.160137
	19	25	20.615528
	19	26	57.14018
	19	27	65.76473
	19	28	45.705578
	19	29	63.245552
	19	30	41.340054
	19	31	56.462376
	19	32	49.658836
	19	33	36.687874
	19	34	61.03278
	19	35	38.28838
	19	36	57.31492
	19	37	27.658634
	19	38	23.70654
	19	39	10.049875
	19	40	12.0415945
	19	41	38.27532
	19	42	41.01219
	19	43	56.22277
	19	44	49.335587
	19	45	33.526108
	19	46	39.217342
	19	47	42.379242
	19	48	14.142136
	19	49	54.230988
	20	0	46.173584
	20	1	72.11102
	20	2	40.112343
	20	3	19.849434
	20	4	40.311287
	20	5	43.011627
	20	6	62.968246
	20	7	37.215588
	20	8	55.03635
	20	9	13.0
	20	10	32.31099
	20	11	75.18643
	20	12	67.74216
	20	13	36.124783
	20	14	20.615528
	20	15	90.824005
	20	16	88.60023
	20	17	89.06739
	20	18	58.420887
	20	19	24.083189
	20	20	0.0
	20	21	70.93659
	20	22	35.846897
	20	23	75.61085
	20	24	75.643906
	20	25	37.85499
	20	26	67.68308
	20	27	43.965897
	20	28	63.505905
	20	29	58.137768
	20	30	65.21503
	20	31	36.221542
	20	32	63.1981
	20	33	58.66856
	20	34	62.968246
	20	35	14.764823
	20	36	42.72002
	20	37	50.08992
	20	38	27.166155
	20	39	18.788294
	20	40	12.0415945
	20	41	61.294373
	20	42	30.232433
	20	43	74.8131
	20	44	31.144823
	20	45	50.358715
	20	46	37.44329
	20	47	40.0
	20	48	36.05551
	20	49	68.18358
	21	0	106.30146
	21	1	2.828427
	21	2	38.948685
	21	3	67.00746
	21	4	66.85058
	21	5	46.32494
	21	6	61.39218
	21	7	36.40055
	21	8	51.546097
	21	9	62.58594
	21	10	54.147945
	21	11	10.630146
	21	12	61.522354
	21	13	37.802116
	21	14	89.470665
	21	15	70.40597
	21	16	54.42426
	21	17	70.035706
	21	18	20.615528
	21	19	49.0306
	21	20	70.93659
	21	21	0.0
	21	22	48.259712
	21	23	52.23983
	21	24	5.8309517
	21	25	34.132095
	21	26	41.0
	21	27	104.23531
	21	28	18.248287
	21	29	75.39231
	21	30	17.691807
	21	31	93.50936
	21	32	31.144823
	21	33	44.65423
	21	34	61.39218
	21	35	82.764725
	21	36	86.05231
	21	37	21.377558
	21	38	69.00725
	21	39	58.694122
	21	40	59.77458
	21	41	12.369317
	21	42	70.724815
	21	43	17.0
	21	44	84.95882
	21	45	25.612497
	21	46	58.60034
	21	47	60.464867
	21	48	46.173584
	21	49	31.06445
	22	0	81.5414
	22	1	50.48762
	22	2	40.496914
	22	3	46.270943
	22	4	60.827625
	22	5	49.648766
	22	6	73.82411
	22	7	33.01515
	22	8	62.76942
	22	9	23.021729
	22	10	6.0827627
	22	11	56.515484
	22	12	77.175125
	22	13	33.286633
	22	14	56.302753
	22	15	96.540146
	22	16	87.32124
	22	17	95.26804
	22	18	46.647614
	22	19	15.0
	22	20	35.846897
	22	21	48.259712
	22	22	0.0
	22	23	77.83315
	22	24	51.0
	22	25	29.832869
	22	26	66.48308
	22	27	79.30952
	22	28	50.537113
	22	29	77.62087
	22	30	35.69314
	22	31	70.5195
	22	32	57.628117
	22	33	22.825424
	22	34	73.82411
	22	35	50.606323
	22	36	72.249565
	22	37	28.460499
	22	38	21.377558
	22	39	17.20465
	22	40	24.698177
	22	41	36.05551
	22	42	56.008926
	22	43	59.464275
	22	44	63.788715
	22	45	40.60788
	22	46	53.600372
	22	47	56.753853
	22	48	2.236068
	22	49	61.611687
	23	0	86.88498
	23	1	50.08992
	23	2	38.600517
	23	3	59.03389
	23	4	43.104523
	23	5	32.695564
	23	6	19.697716
	23	7	45.343136
	23	8	21.213203
	23	9	76.15773
	23	10	81.34495
	23	11	44.04543
	23	12	15.811388
	23	13	45.453274
	23	14	84.59315
	23	15	19.235384
	23	16	14.035668
	23	17	18.384777
	23	18	35.468296
	23	19	67.62396
	23	20	75.61085
	23	21	52.23983
	23	22	77.83315
	23	23	0.0
	23	24	57.035076
	23	25	48.08326
	23	26	12.083046
	23	27	85.51023
	23	28	34.928497
	23	29	37.589893
	23	30	66.48308
	23	31	75.66373
	23	32	22.472204
	23	33	87.70975
	23	34	19.697716
	23	35	79.07591
	23	36	60.876926
	23	37	54.589375
	23	38	91.02197
	23	39	76.27582
	23	40	70.71068
	23	41	57.567352
	23	42	54.00926
	23	43	37.12142
	23	44	68.18358
	23	45	38.27532
	23	46	40.311287
	23	47	39.051247
	23	48	75.74299
	23	49	21.213203
	24	0	111.86599
	24	1	7.071068
	24	2	44.687805
	24	3	72.47068
	24	4	72.67049
	24	5	52.153618
	24	6	66.94027
	24	7	41.868843
	24	8	57.245087
	24	9	66.760765
	24	10	57.00877
	24	11	13.601471
	24	12	66.910385
	24	13	43.27817
	24	14	94.51455
	24	15	74.8131
	24	16	58.24088
	24	17	74.54529
	24	18	26.400757
	24	19	53.160137
	24	20	75.643906
	24	21	5.8309517
	24	22	51.0
	24	23	57.035076
	24	24	0.0
	24	25	39.40812
	24	26	46.09772
	24	27	109.786156
	24	28	23.769728
	24	29	81.154175
	24	30	17.464249
	24	31	99.08582
	24	32	36.496574
	24	33	44.72136
	24	34	66.94027
	24	35	87.81799
	24	36	91.83137
	24	37	25.632011
	24	38	72.11102
	24	39	62.58594
	24	40	64.25729
	24	41	15.132746
	24	42	76.41989
	24	43	20.615528
	24	44	90.55385
	24	45	31.400637
	24	46	64.40497
	24	47	66.287254
	24	48	49.010204
	24	49	36.013885
	25	0	72.835434
	25	1	34.88553
	25	2	11.401754
	25	3	33.24154
	25	4	38.078865
	25	5	21.377558
	25	6	44.94441
	25	7	4.0
	25	8	33.61547
	25	9	32.24903
	25	10	33.30165
	25	11	37.363083
	25	12	47.853943
	25	13	5.0990195
	25	14	55.461697
	25	15	66.70832
	25	16	58.249462
	25	17	65.43699
	25	18	21.023796
	25	19	20.615528
	25	20	37.85499
	25	21	34.132095
	25	22	29.832869
	25	23	48.08326
	25	24	39.40812
	25	25	0.0
	25	26	37.01351
	25	27	70.71068
	25	28	26.0
	25	29	52.009613
	25	30	34.0
	25	31	60.1415
	25	32	29.068884
	25	33	43.737854
	25	34	44.94441
	25	35	48.754486
	25	36	55.00909
	25	37	16.124516
	25	38	44.28318
	25	39	30.364452
	25	40	28.0
	25	41	27.018513
	25	42	38.587563
	25	43	37.12142
	25	44	51.739735
	25	45	13.152946
	25	46	29.614185
	25	47	32.38827
	25	48	27.802877
	25	49	33.61547
	26	0	85.09406
	26	1	39.051247
	26	2	28.635643
	26	3	53.0
	26	4	40.496914
	26	5	25.079872
	26	6	23.021729
	26	7	34.669872
	26	8	17.888544
	26	9	66.70832
	26	10	70.292244
	26	11	33.734257
	26	12	21.540659
	26	13	34.98571
	26	14	79.00633
	26	15	31.304953
	26	16	21.470911
	26	17	30.463093
	26	18	23.409399
	26	19	57.14018
	26	20	67.68308
	26	21	41.0
	26	22	66.48308
	26	23	12.083046
	26	24	46.09772
	26	25	37.01351
	26	26	0.0
	26	27	83.48653
	26	28	23.194826
	26	29	40.311287
	26	30	54.571056
	26	31	73.082146
	26	32	10.440307
	26	33	75.66373
	26	34	23.021729
	26	35	73.02739
	26	36	59.933296
	26	37	42.544094
	26	38	80.77747
	26	39	66.24198
	26	40	61.46544
	26	41	45.607018
	26	42	50.01
	26	43	27.202942
	26	44	65.0
	26	45	26.400757
	26	46	35.510563
	26	47	35.17101
	26	48	64.3506
	26	49	10.198039
	27	0	2.236068
	27	1	104.48445
	27	2	65.802734
	27	3	37.48333
	27	4	43.011627
	27	5	61.294373
	27	6	66.48308
	27	7	67.941154
	27	8	65.802734
	27	9	56.920998
	27	10	76.2168
	27	11	104.86182
	27	12	71.34424
	27	13	66.52819
	27	14	26.0
	27	15	93.00538
	27	16	99.46356
	27	17	91.00549
	27	18	86.26703
	27	19	65.76473
	27	20	43.965897
	27	21	104.23531
	27	22	79.30952
	27	23	85.51023
	27	24	109.786156
	27	25	70.71068
	27	26	83.48653
	27	27	0.0
	27	28	90.97253
	27	29	51.0392
	27	30	103.711136
	27	31	10.816654
	27	32	84.5281
	27	33	102.044106
	27	34	66.48308
	27	35	29.614185
	27	36	25.019993
	27	37	86.37129
	27	38	69.72087
	27	39	62.625874
	27	40	54.626
	27	41	97.62172
	27	42	34.48188
	27	43	101.87247
	27	44	19.416489
	27	45	79.20227
	27	46	48.754486
	27	47	48.466484
	27	48	79.20227
	27	49	89.050545
	28	0	92.91394
	28	1	16.763054
	28	2	25.495098
	28	3	55.03635
	28	4	50.931328
	28	5	30.413813
	28	6	43.174065
	28	7	26.305893
	28	8	33.61547
	28	9	58.137768
	28	10	55.542778
	28	11	14.142136
	28	12	43.289722
	28	13	27.45906
	28	14	79.69943
	28	15	53.75872
	28	16	39.661064
	28	17	53.160137
	28	18	5.0990195
	28	19	45.705578
	28	20	63.505905
	28	21	18.248287
	28	22	50.537113
	28	23	34.928497
	28	24	23.769728
	28	25	26.0
	28	26	23.194826
	28	27	90.97253
	28	28	0.0
	28	29	57.697487
	28	30	31.622776
	28	31	80.1561
	28	32	13.0
	28	33	54.81788
	28	34	43.174065
	28	35	73.082146
	28	36	70.724815
	28	37	22.803509
	28	38	68.68042
	28	39	55.7315
	28	40	54.0
	28	41	22.847319
	28	42	56.61272
	28	43	11.401754
	28	44	71.561165
	28	45	13.152946
	28	46	43.185646
	28	47	44.553337
	28	48	48.30114
	28	49	13.928389
	29	0	52.0
	29	1	74.323616
	29	2	41.04875
	29	3	38.28838
	29	4	18.027756
	29	5	31.144823
	29	6	18.027756
	29	7	48.010414
	29	8	24.186773
	29	9	65.0
	29	10	78.434685
	29	11	71.19691
	29	12	21.931713
	29	13	47.042534
	29	14	58.18075
	29	15	42.0119
	29	16	50.695168
	29	17	40.012497
	29	18	54.781384
	29	19	63.245552
	29	20	58.137768
	29	21	75.39231
	29	22	77.62087
	29	23	37.589893
	29	24	81.154175
	29	25	52.009613
	29	26	40.311287
	29	27	51.0392
	29	28	57.697487
	29	29	0.0
	29	30	83.360664
	29	31	42.755116
	29	32	46.32494
	29	33	95.42536
	29	34	18.027756
	29	35	54.644306
	29	36	26.172504
	29	37	66.37017
	29	38	81.9878
	29	39	67.977936
	29	40	59.5399
	29	41	74.73286
	29	42	28.319605
	29	43	65.734314
	29	44	37.336308
	29	45	51.41984
	29	46	24.04163
	29	47	20.880613
	29	48	76.15773
	29	49	49.20366
	30	0	105.89146
	30	1	20.518284
	30	2	43.011627
	30	3	66.4003
	30	4	71.51224
	30	5	52.392746
	30	6	72.0
	30	7	37.576588
	30	8	61.073727
	30	9	54.589375
	30	10	41.773197
	30	11	28.284271
	30	12	73.171036
	30	13	38.910152
	30	14	85.276024
	30	15	85.3815
	30	16	70.66116
	30	17	84.77028
	30	18	31.400637
	30	19	41.340054
	30	20	65.21503
	30	21	17.691807
	30	22	35.69314
	30	23	66.48308
	30	24	17.464249
	30	25	34.0
	30	26	54.571056
	30	27	103.711136
	30	28	31.622776
	30	29	83.360664
	30	30	0.0
	30	31	93.40771
	30	32	44.14748
	30	33	27.294687
	30	34	72.0
	30	35	78.74643
	30	36	89.005615
	30	37	17.888544
	30	38	57.070133
	30	39	49.658836
	30	40	53.25411
	30	41	9.055386
	30	42	72.56032
	30	43	34.20526
	30	44	85.2115
	30	45	32.140316
	30	46	62.968246
	30	47	65.459915
	30	48	33.955853
	30	49	45.54119
	31	0	12.806249
	31	1	93.723
	31	2	55.0
	31	3	27.018513
	31	4	32.75668
	31	5	50.537113
	31	6	57.035076
	31	7	57.280014
	31	8	55.542778
	31	9	48.83646
	31	10	67.911705
	31	11	94.04786
	31	12	62.008064
	31	13	55.86591
	31	14	21.931713
	31	15	84.29116
	31	16	89.6772
	31	17	82.29824
	31	18	75.45197
	31	19	56.462376
	31	20	36.221542
	31	21	93.50936
	31	22	70.5195
	31	23	75.66373
	31	24	99.08582
	31	25	60.1415
	31	26	73.082146
	31	27	10.816654
	31	28	80.1561
	31	29	42.755116
	31	30	93.40771
	31	31	0.0
	31	32	73.82411
	31	33	93.04838
	31	34	57.035076
	31	35	23.194826
	31	36	16.763054
	31	37	75.9276
	31	38	63.007935
	31	39	54.34151
	31	40	45.88028
	31	41	87.11487
	31	42	23.70654
	31	43	91.06591
	31	44	8.602325
	31	45	68.41052
	31	46	38.078865
	31	47	37.94733
	31	48	70.2282
	31	49	78.39005
	32	0	86.313385
	32	1	29.427877
	32	2	23.086792
	32	3	50.990196
	32	4	42.43819
	32	5	23.409399
	32	6	30.675724
	32	7	27.513634
	32	8	22.203604
	32	9	60.440052
	32	10	61.854668
	32	11	25.079872
	32	12	30.413813
	32	13	28.160255
	32	14	76.79192
	32	15	41.62932
	32	16	29.732138
	32	17	40.853397
	32	18	13.0
	32	19	49.658836
	32	20	63.1981
	32	21	31.144823
	32	22	57.628117
	32	23	22.472204
	32	24	36.496574
	32	25	29.068884
	32	26	10.440307
	32	27	84.5281
	32	28	13.0
	32	29	46.32494
	32	30	44.14748
	32	31	73.82411
	32	32	0.0
	32	33	65.51336
	32	34	30.675724
	32	35	70.45566
	32	36	62.425957
	32	37	32.449963
	32	38	73.34848
	32	39	59.236813
	32	40	55.542778
	32	41	35.17101
	32	42	50.159744
	32	43	19.416489
	32	44	65.39113
	32	45	17.029387
	32	46	35.77709
	32	47	36.359318
	32	48	55.443665
	32	49	5.0
	33	0	104.27847
	33	1	47.434166
	33	2	55.108982
	33	3	67.911705
	33	4	80.00625
	33	5	65.11528
	33	6	88.32327
	33	7	47.67599
	33	8	76.922035
	33	9	45.79301
	33	10	27.018513
	33	11	55.0
	33	12	90.75792
	33	13	48.507732
	33	14	79.07591
	33	15	106.94391
	33	16	94.40339
	33	17	106.004715
	33	18	52.69725
	33	19	36.687874
	33	20	58.66856
	33	21	44.65423
	33	22	22.825424
	33	23	87.70975
	33	24	44.72136
	33	25	43.737854
	33	26	75.66373
	33	27	102.044106
	33	28	54.81788
	33	29	95.42536
	33	30	27.294687
	33	31	93.04838
	33	32	65.51336
	33	33	0.0
	33	34	88.32327
	33	35	73.43024
	33	36	93.55747
	33	37	33.12099
	33	38	40.0
	33	39	39.962482
	33	40	47.423622
	33	41	33.30165
	33	42	76.941536
	33	43	60.207973
	33	44	86.023254
	33	45	49.658836
	33	46	72.02777
	33	47	75.059975
	33	48	22.847319
	33	49	68.24222
	34	0	67.74216
	34	1	59.908264
	34	2	33.61547
	34	3	44.28318
	34	4	25.495098
	34	5	24.186773
	34	6	0.0
	34	7	41.231056
	34	8	11.401754
	34	9	66.48308
	34	10	76.00658
	34	11	55.713554
	34	12	5.0990195
	34	13	40.718548
	34	14	68.41052
	34	15	28.460499
	34	16	33.24154
	34	17	26.57066
	34	18	41.303753
	34	19	61.03278
	34	20	62.968246
	34	21	61.39218
	34	22	73.82411
	34	23	19.697716
	34	24	66.94027
	34	25	44.94441
	34	26	23.021729
	34	27	66.48308
	34	28	43.174065
	34	29	18.027756
	34	30	72.0
	34	31	57.035076
	34	32	30.675724
	34	33	88.32327
	34	34	0.0
	34	35	63.56886
	34	36	41.59327
	34	37	56.568542
	34	38	82.80701
	34	39	68.0147
	34	40	60.827625
	34	41	63.007935
	34	42	37.107952
	34	43	49.658836
	34	44	50.08992
	34	45	40.112343
	34	46	25.553865
	34	47	23.259407
	34	48	72.00694
	34	49	32.649654
	35	0	31.780497
	35	1	83.630135
	35	2	48.052055
	35	3	20.09975
	35	4	38.483765
	35	5	48.0
	35	6	63.56886
	35	7	47.169907
	35	8	57.870544
	35	9	27.730848
	35	10	47.010635
	35	11	85.79627
	35	12	68.622154
	35	13	45.88028
	35	14	6.708204
	35	15	92.02717
	35	16	92.779305
	35	17	90.13878
	35	18	68.007355
	35	19	38.28838
	35	20	14.764823
	35	21	82.764725
	35	22	50.606323
	35	23	79.07591
	35	24	87.81799
	35	25	48.754486
	35	26	73.02739
	35	27	29.614185
	35	28	73.082146
	35	29	54.644306
	35	30	78.74643
	35	31	23.194826
	35	32	70.45566
	35	33	73.43024
	35	34	63.56886
	35	35	0.0
	35	36	33.83785
	35	37	62.681736
	35	38	40.1995
	35	39	33.54102
	35	40	26.400757
	35	41	74.06078
	35	42	26.832815
	35	43	84.48077
	35	44	20.59126
	35	45	60.083275
	35	46	38.832977
	35	47	40.5216
	35	48	50.77401
	35	49	75.42546
	36	0	26.172504
	36	1	85.79627
	36	2	47.201694
	36	3	26.019224
	36	4	20.0
	36	5	40.311287
	36	6	41.59327
	36	7	51.47815
	36	8	42.047592
	36	9	53.460266
	36	10	71.0
	36	11	84.8646
	36	12	46.389652
	36	13	50.119858
	36	14	35.35534
	36	15	68.0294
	36	16	74.73286
	36	17	66.0303
	36	18	66.48308
	36	19	57.31492
	36	20	42.72002
	36	21	86.05231
	36	22	72.249565
	36	23	60.876926
	36	24	91.83137
	36	25	55.00909
	36	26	59.933296
	36	27	25.019993
	36	28	70.724815
	36	29	26.172504
	36	30	89.005615
	36	31	16.763054
	36	32	62.425957
	36	33	93.55747
	36	34	41.59327
	36	35	33.83785
	36	36	0.0
	36	37	71.11962
	36	38	69.63476
	36	39	58.137768
	36	40	49.09175
	36	41	81.63332
	36	42	16.763054
	36	43	80.919716
	36	44	13.453624
	36	45	60.440052
	36	46	27.58623
	36	47	26.24881
	36	48	71.44928
	36	49	66.573265
	37	0	88.52683
	37	1	23.086792
	37	2	25.495098
	37	3	48.9183
	37	4	53.75872
	37	5	35.22783
	37	6	56.568542
	37	7	19.697716
	37	8	45.276924
	37	9	41.231056
	37	10	33.955853
	37	11	28.284271
	37	12	58.463665
	37	13	21.023796
	37	14	69.339745
	37	15	73.82411
	37	16	61.7171
	37	17	72.89719
	37	18	19.849434
	37	19	27.658634
	37	20	50.08992
	37	21	21.377558
	37	22	28.460499
	37	23	54.589375
	37	24	25.632011
	37	25	16.124516
	37	26	42.544094
	37	27	86.37129
	37	28	22.803509
	37	29	66.37017
	37	30	17.888544
	37	31	75.9276
	37	32	32.449963
	37	33	33.12099
	37	34	56.568542
	37	35	62.681736
	37	36	71.11962
	37	37	0.0
	37	38	48.259712
	37	39	37.336308
	37	40	38.626415
	37	41	11.401754
	37	42	54.708317
	37	43	31.016125
	37	44	67.62396
	37	45	16.763054
	37	46	45.221676
	37	47	47.801674
	37	48	26.24881
	37	49	35.468296
	38	0	71.84706
	38	1	71.063354
	38	2	52.43091
	38	3	44.94441
	38	4	64.00781
	38	5	59.464275
	38	6	82.80701
	38	7	46.141087
	38	8	72.862885
	38	9	17.0
	38	10	15.297058
	38	11	76.53104
	38	12	86.977005
	38	13	45.79301
	38	14	44.14748
	38	15	108.57716
	38	16	102.21546
	38	17	107.05606
	38	18	64.195015
	38	19	23.70654
	38	20	27.166155
	38	21	69.00725
	38	22	21.377558
	38	23	91.02197
	38	24	72.11102
	38	25	44.28318
	38	26	80.77747
	38	27	69.72087
	38	28	68.68042
	38	29	81.9878
	38	30	57.070133
	38	31	63.007935
	38	32	73.34848
	38	33	40.0
	38	34	82.80701
	38	35	40.1995
	38	36	69.63476
	38	37	48.259712
	38	38	0.0
	38	39	14.866069
	38	40	22.472204
	38	41	57.035076
	38	42	55.713554
	38	43	78.64477
	38	44	58.30952
	38	45	57.00877
	38	46	58.821766
	38	47	61.854668
	38	48	23.194826
	38	49	77.87811
	39	0	64.84597
	39	1	60.40695
	39	2	37.735924
	39	3	32.38827
	39	4	50.159744
	39	5	44.598206
	39	6	68.0147
	39	7	31.780497
	39	8	58.0
	39	9	5.8309517
	39	10	13.601471
	39	11	65.00769
	39	12	72.138756
	39	13	31.304953
	39	14	39.115215
	39	15	93.723
	39	16	87.70975
	39	17	92.19544
	39	18	50.990196
	39	19	10.049875
	39	20	18.788294
	39	21	58.694122
	39	22	17.20465
	39	23	76.27582
	39	24	62.58594
	39	25	30.364452
	39	26	66.24198
	39	27	62.625874
	39	28	55.7315
	39	29	67.977936
	39	30	49.658836
	39	31	54.34151
	39	32	59.236813
	39	33	39.962482
	39	34	68.0147
	39	35	33.54102
	39	36	58.137768
	39	37	37.336308
	39	38	14.866069
	39	39	0.0
	39	40	9.055386
	39	41	47.539455
	39	42	42.953465
	39	43	66.27216
	39	44	48.259712
	39	45	43.416588
	39	46	44.418465
	39	47	47.507893
	39	48	17.691807
	39	49	63.90618
	40	0	56.859474
	40	1	61.13101
	40	2	32.89377
	40	3	23.345236
	40	4	41.59327
	40	5	38.27532
	40	6	60.827625
	40	7	28.284271
	40	8	51.40039
	40	9	5.656854
	40	10	22.203604
	40	11	64.77654
	40	12	65.192024
	40	13	27.45906
	40	14	32.55764
	40	15	87.41853
	40	16	82.85529
	40	17	85.8021
	40	18	49.010204
	40	19	12.0415945
	40	20	12.0415945
	40	21	59.77458
	40	22	24.698177
	40	23	70.71068
	40	24	64.25729
	40	25	28.0
	40	26	61.46544
	40	27	54.626
	40	28	54.0
	40	29	59.5399
	40	30	53.25411
	40	31	45.88028
	40	32	55.542778
	40	33	47.423622
	40	34	60.827625
	40	35	26.400757
	40	36	49.09175
	40	37	38.626415
	40	38	22.472204
	40	39	9.055386
	40	40	0.0
	40	41	49.658836
	40	42	33.955853
	40	43	65.06919
	40	44	39.45884
	40	45	41.04875
	40	46	36.40055
	40	47	39.40812
	40	48	24.596748
	40	49	60.41523
	41	0	99.764725
	41	1	14.866069
	41	2	34.928497
	41	3	60.1415
	41	4	63.560993
	41	5	43.965897
	41	6	63.007935
	41	7	30.232433
	41	8	52.153618
	41	9	51.86521
	41	10	42.0119
	41	11	21.954498
	41	12	64.12488
	41	13	31.622776
	41	14	80.70936
	41	15	76.55064
	41	16	62.26556
	41	17	75.89466
	41	18	22.36068
	41	19	38.27532
	41	20	61.294373
	41	21	12.369317
	41	22	36.05551
	41	23	57.567352
	41	24	15.132746
	41	25	27.018513
	41	26	45.607018
	41	27	97.62172
	41	28	22.847319
	41	29	74.73286
	41	30	9.055386
	41	31	87.11487
	41	32	35.17101
	41	33	33.30165
	41	34	63.007935
	41	35	74.06078
	41	36	81.63332
	41	37	11.401754
	41	38	57.035076
	41	39	47.539455
	41	40	49.658836
	41	41	0.0
	41	42	65.459915
	41	43	26.907248
	41	44	78.74643
	41	45	23.345236
	41	46	55.03635
	41	47	57.384666
	41	48	34.0147
	41	49	36.769554
	42	0	36.359318
	42	1	70.724815
	42	2	31.827662
	42	3	10.770329
	42	4	11.7046995
	42	5	26.832815
	42	6	37.107952
	42	7	35.22783
	42	8	33.06055
	42	9	38.8973
	42	10	55.226807
	42	11	70.60453
	42	12	42.201897
	42	13	33.83785
	42	14	31.320919
	42	15	65.52099
	42	16	68.0
	42	17	63.600315
	42	18	52.009613
	42	19	41.01219
	42	20	30.232433
	42	21	70.724815
	42	22	56.008926
	42	23	54.00926
	42	24	76.41989
	42	25	38.587563
	42	26	50.01
	42	27	34.48188
	42	28	56.61272
	42	29	28.319605
	42	30	72.56032
	42	31	23.70654
	42	32	50.159744
	42	33	76.941536
	42	34	37.107952
	42	35	26.832815
	42	36	16.763054
	42	37	54.708317
	42	38	55.713554
	42	39	42.953465
	42	40	33.955853
	42	41	65.459915
	42	42	0.0
	42	43	67.41662
	42	44	15.231546
	42	45	45.276924
	42	46	14.56022
	42	47	15.033297
	42	48	55.081757
	42	49	54.781384
	43	0	103.773796
	43	1	14.3178215
	43	2	36.769554
	43	3	66.309875
	43	4	60.959003
	43	5	40.804413
	43	6	49.658836
	43	7	37.65634
	43	8	41.617306
	43	9	69.00725
	43	10	64.84597
	43	11	7.071068
	43	12	48.703182
	43	13	38.832977
	43	14	91.09336
	43	15	54.33231
	43	16	37.64306
	43	17	54.147945
	43	18	16.492422
	43	19	56.22277
	43	20	74.8131
	43	21	17.0
	43	22	59.464275
	43	23	37.12142
	43	24	20.615528
	43	25	37.12142
	43	26	27.202942
	43	27	101.87247
	43	28	11.401754
	43	29	65.734314
	43	30	34.20526
	43	31	91.06591
	43	32	19.416489
	43	33	60.207973
	43	34	49.658836
	43	35	84.48077
	43	36	80.919716
	43	37	31.016125
	43	38	78.64477
	43	39	66.27216
	43	40	65.06919
	43	41	26.907248
	43	42	67.41662
	43	43	0.0
	43	44	82.492424
	43	45	24.5153
	43	46	53.600372
	43	47	54.67175
	43	48	57.245087
	43	49	17.088007
	44	0	21.400934
	44	1	85.146935
	44	2	46.400433
	44	3	18.867962
	44	4	25.079872
	44	5	42.047592
	44	6	50.08992
	44	7	48.79549
	44	8	47.67599
	44	9	43.046486
	44	10	61.66036
	44	11	85.44589
	44	12	55.145264
	44	13	47.38143
	44	14	21.931713
	44	15	77.92946
	44	16	82.219215
	44	17	75.95393
	44	18	66.85058
	44	19	49.335587
	44	20	31.144823
	44	21	84.95882
	44	22	63.788715
	44	23	68.18358
	44	24	90.55385
	44	25	51.739735
	44	26	65.0
	44	27	19.416489
	44	28	71.561165
	44	29	37.336308
	44	30	85.2115
	44	31	8.602325
	44	32	65.39113
	44	33	86.023254
	44	34	50.08992
	44	35	20.59126
	44	36	13.453624
	44	37	67.62396
	44	38	58.30952
	44	39	48.259712
	44	40	39.45884
	44	41	78.74643
	44	42	15.231546
	44	43	82.492424
	44	44	0.0
	44	45	59.816387
	44	46	29.732138
	44	47	29.832869
	44	48	63.324562
	44	49	70.00714
	45	0	81.21576
	45	1	25.455845
	45	2	13.453624
	45	3	42.544094
	45	4	41.340054
	45	5	21.023796
	45	6	40.112343
	45	7	13.152946
	45	8	29.0
	45	9	45.39824
	45	10	44.94441
	45	11	25.942244
	45	12	41.773197
	45	13	14.3178215
	45	14	66.730804
	45	15	57.45433
	45	16	46.75468
	45	17	56.435802
	45	18	8.062258
	45	19	33.526108
	45	20	50.358715
	45	21	25.612497
	45	22	40.60788
	45	23	38.27532
	45	24	31.400637
	45	25	13.152946
	45	26	26.400757
	45	27	79.20227
	45	28	13.152946
	45	29	51.41984
	45	30	32.140316
	45	31	68.41052
	45	32	17.029387
	45	33	49.658836
	45	34	40.112343
	45	35	60.083275
	45	36	60.440052
	45	37	16.763054
	45	38	57.00877
	45	39	43.416588
	45	40	41.04875
	45	41	23.345236
	45	42	45.276924
	45	43	24.5153
	45	44	59.816387
	45	45	0.0
	45	46	33.01515
	45	47	34.98571
	45	48	38.418747
	45	49	21.095022
	46	0	50.537113
	46	1	58.258045
	46	2	20.12461
	46	3	18.973665
	46	4	8.5440035
	46	5	12.806249
	46	6	25.553865
	46	7	25.70992
	46	8	19.104973
	46	9	42.0119
	46	10	54.42426
	46	11	57.31492
	46	12	30.413813
	46	13	24.5153
	46	14	44.28318
	46	15	53.712196
	46	16	54.147945
	46	17	51.894123
	46	18	38.8973
	46	19	39.217342
	46	20	37.44329
	46	21	58.60034
	46	22	53.600372
	46	23	40.311287
	46	24	64.40497
	46	25	29.614185
	46	26	35.510563
	46	27	48.754486
	46	28	43.185646
	46	29	24.04163
	46	30	62.968246
	46	31	38.078865
	46	32	35.77709
	46	33	72.02777
	46	34	25.553865
	46	35	38.832977
	46	36	27.58623
	46	37	45.221676
	46	38	58.821766
	46	39	44.418465
	46	40	36.40055
	46	41	55.03635
	46	42	14.56022
	46	43	53.600372
	46	44	29.732138
	46	45	33.01515
	46	46	0.0
	46	47	3.1622777
	46	48	52.17279
	46	49	40.311287
	47	0	50.159744
	47	1	60.0
	47	2	22.472204
	47	3	21.023796
	47	4	6.4031243
	47	5	14.21267
	47	6	23.259407
	47	7	28.442924
	47	8	18.027756
	47	9	45.0
	47	10	57.58472
	47	11	58.694122
	47	12	28.231188
	47	13	27.294687
	47	14	45.705578
	47	15	51.62364
	47	16	53.009434
	47	17	49.76947
	47	18	40.459858
	47	19	42.379242
	47	20	40.0
	47	21	60.464867
	47	22	56.753853
	47	23	39.051247
	47	24	66.287254
	47	25	32.38827
	47	26	35.17101
	47	27	48.466484
	47	28	44.553337
	47	29	20.880613
	47	30	65.459915
	47	31	37.94733
	47	32	36.359318
	47	33	75.059975
	47	34	23.259407
	47	35	40.5216
	47	36	26.24881
	47	37	47.801674
	47	38	61.854668
	47	39	47.507893
	47	40	39.40812
	47	41	57.384666
	47	42	15.033297
	47	43	54.67175
	47	44	29.832869
	47	45	34.98571
	47	46	3.1622777
	47	47	0.0
	47	48	55.31727
	47	49	40.706264
	48	0	81.437096
	48	1	48.373547
	48	2	38.587563
	48	3	45.54119
	48	4	59.5399
	48	5	47.853943
	48	6	72.00694
	48	7	31.06445
	48	8	60.90156
	48	9	23.43075
	48	10	8.0
	48	11	54.34151
	48	12	75.29276
	48	13	31.38471
	48	14	56.61272
	48	15	94.493385
	48	16	85.146935
	48	17	93.23626
	48	18	44.418465
	48	19	14.142136
	48	20	36.05551
	48	21	46.173584
	48	22	2.236068
	48	23	75.74299
	48	24	49.010204
	48	25	27.802877
	48	26	64.3506
	48	27	79.20227
	48	28	48.30114
	48	29	76.15773
	48	30	33.955853
	48	31	70.2282
	48	32	55.443665
	48	33	22.847319
	48	34	72.00694
	48	35	50.77401
	48	36	71.44928
	48	37	26.24881
	48	38	23.194826
	48	39	17.691807
	48	40	24.596748
	48	41	34.0147
	48	42	55.081757
	48	43	57.245087
	48	44	63.324562
	48	45	38.418747
	48	46	52.17279
	48	47	55.31727
	48	48	0.0
	48	49	59.405388
	49	0	90.80198
	49	1	29.0
	49	2	28.071337
	49	3	55.9017
	49	4	46.647614
	49	5	28.160255
	49	6	32.649654
	49	7	32.280025
	49	8	25.455845
	49	9	65.25335
	49	10	66.037865
	49	11	23.537205
	49	12	31.622776
	49	13	32.984844
	49	14	81.7435
	49	15	39.849716
	49	16	26.24881
	49	17	39.293766
	49	18	15.6205
	49	19	54.230988
	49	20	68.18358
	49	21	31.06445
	49	22	61.611687
	49	23	21.213203
	49	24	36.013885
	49	25	33.61547
