data;

param n := 100;

param p := 10;

param alpha := 28.684324264526367;

param c := 
	0	0	0.0
	0	1	77.0
	0	2	139.0
	0	3	135.0
	0	4	157.0
	0	5	174.0
	0	6	193.0
	0	7	204.0
	0	8	206.0
	0	9	209.0
	0	10	224.0
	0	11	157.0
	0	12	132.0
	0	13	111.0
	0	14	125.0
	0	15	168.0
	0	16	179.0
	0	17	215.0
	0	18	253.0
	0	19	220.0
	0	20	152.0
	0	21	233.0
	0	22	182.0
	0	23	91.0
	0	24	114.0
	0	25	163.0
	0	26	224.0
	0	27	128.0
	0	28	153.0
	0	29	170.0
	0	30	188.0
	0	31	178.0
	0	32	169.0
	0	33	72.0
	0	34	71.0
	0	35	85.0
	0	36	103.0
	0	37	172.0
	0	38	128.0
	0	39	111.0
	0	40	167.0
	0	41	214.0
	0	42	181.0
	0	43	156.0
	0	44	138.0
	0	45	189.0
	0	46	189.0
	0	47	156.0
	0	48	203.0
	0	49	120.0
	0	50	49.0
	0	51	137.0
	0	52	196.0
	0	53	215.0
	0	54	218.0
	0	55	208.0
	0	56	183.0
	0	57	180.0
	0	58	106.0
	0	59	141.0
	0	60	227.0
	0	61	190.0
	0	62	172.0
	0	63	149.0
	0	64	101.0
	0	65	62.0
	0	66	105.0
	0	67	162.0
	0	68	170.0
	0	69	180.0
	0	70	238.0
	0	71	176.0
	0	72	127.0
	0	73	169.0
	0	74	253.0
	0	75	191.0
	0	76	196.0
	0	77	200.0
	0	78	217.0
	0	79	211.0
	0	80	142.0
	0	81	174.0
	0	82	223.0
	0	83	178.0
	0	84	96.0
	0	85	194.0
	0	86	287.0
	0	87	200.0
	0	88	159.0
	0	89	180.0
	0	90	154.0
	0	91	125.0
	0	92	144.0
	0	93	174.0
	0	94	191.0
	0	95	160.0
	0	96	160.0
	0	97	114.0
	0	98	105.0
	0	99	66.0
	1	0	77.0
	1	1	0.0
	1	2	62.0
	1	3	107.0
	1	4	129.0
	1	5	146.0
	1	6	161.0
	1	7	150.0
	1	8	146.0
	1	9	149.0
	1	10	165.0
	1	11	143.0
	1	12	177.0
	1	13	188.0
	1	14	202.0
	1	15	245.0
	1	16	240.0
	1	17	243.0
	1	18	188.0
	1	19	155.0
	1	20	75.0
	1	21	165.0
	1	22	134.0
	1	23	99.0
	1	24	119.0
	1	25	160.0
	1	26	174.0
	1	27	136.0
	1	28	161.0
	1	29	197.0
	1	30	160.0
	1	31	145.0
	1	32	105.0
	1	33	108.0
	1	34	107.0
	1	35	93.0
	1	36	75.0
	1	37	144.0
	1	38	168.0
	1	39	182.0
	1	40	126.0
	1	41	195.0
	1	42	117.0
	1	43	142.0
	1	44	61.0
	1	45	112.0
	1	46	136.0
	1	47	146.0
	1	48	193.0
	1	49	197.0
	1	50	126.0
	1	51	208.0
	1	52	168.0
	1	53	160.0
	1	54	170.0
	1	55	150.0
	1	56	155.0
	1	57	152.0
	1	58	157.0
	1	59	192.0
	1	60	215.0
	1	61	130.0
	1	62	112.0
	1	63	141.0
	1	64	178.0
	1	65	139.0
	1	66	182.0
	1	67	134.0
	1	68	126.0
	1	69	136.0
	1	70	178.0
	1	71	116.0
	1	72	67.0
	1	73	141.0
	1	74	200.0
	1	75	131.0
	1	76	136.0
	1	77	168.0
	1	78	185.0
	1	79	141.0
	1	80	193.0
	1	81	160.0
	1	82	164.0
	1	83	108.0
	1	84	98.0
	1	85	196.0
	1	86	263.0
	1	87	172.0
	1	88	99.0
	1	89	164.0
	1	90	164.0
	1	91	161.0
	1	92	180.0
	1	93	190.0
	1	94	154.0
	1	95	158.0
	1	96	195.0
	1	97	191.0
	1	98	182.0
	1	99	143.0
	2	0	139.0
	2	1	62.0
	2	2	0.0
	2	3	90.0
	2	4	112.0
	2	5	129.0
	2	6	117.0
	2	7	106.0
	2	8	102.0
	2	9	105.0
	2	10	121.0
	2	11	81.0
	2	12	116.0
	2	13	137.0
	2	14	151.0
	2	15	194.0
	2	16	205.0
	2	17	193.0
	2	18	164.0
	2	19	131.0
	2	20	137.0
	2	21	227.0
	2	22	179.0
	2	23	145.0
	2	24	122.0
	2	25	171.0
	2	26	233.0
	2	27	182.0
	2	28	207.0
	2	29	154.0
	2	30	143.0
	2	31	184.0
	2	32	167.0
	2	33	155.0
	2	34	154.0
	2	35	140.0
	2	36	122.0
	2	37	178.0
	2	38	106.0
	2	39	123.0
	2	40	179.0
	2	41	133.0
	2	42	55.0
	2	43	80.0
	2	44	123.0
	2	45	174.0
	2	46	168.0
	2	47	135.0
	2	48	182.0
	2	49	172.0
	2	50	188.0
	2	51	166.0
	2	52	106.0
	2	53	129.0
	2	54	119.0
	2	55	153.0
	2	56	138.0
	2	57	135.0
	2	58	160.0
	2	59	182.0
	2	60	183.0
	2	61	98.0
	2	62	116.0
	2	63	145.0
	2	64	182.0
	2	65	172.0
	2	66	131.0
	2	67	72.0
	2	68	64.0
	2	69	74.0
	2	70	132.0
	2	71	165.0
	2	72	129.0
	2	73	124.0
	2	74	166.0
	2	75	97.0
	2	76	92.0
	2	77	124.0
	2	78	141.0
	2	79	116.0
	2	80	137.0
	2	81	98.0
	2	82	182.0
	2	83	149.0
	2	84	151.0
	2	85	249.0
	2	86	321.0
	2	87	230.0
	2	88	161.0
	2	89	226.0
	2	90	211.0
	2	91	208.0
	2	92	198.0
	2	93	168.0
	2	94	92.0
	2	95	123.0
	2	96	160.0
	2	97	206.0
	2	98	209.0
	2	99	205.0
	3	0	135.0
	3	1	107.0
	3	2	90.0
	3	3	0.0
	3	4	22.0
	3	5	39.0
	3	6	58.0
	3	7	69.0
	3	8	73.0
	3	9	76.0
	3	10	92.0
	3	11	122.0
	3	12	101.0
	3	13	122.0
	3	14	136.0
	3	15	179.0
	3	16	190.0
	3	17	173.0
	3	18	118.0
	3	19	85.0
	3	20	140.0
	3	21	180.0
	3	22	130.0
	3	23	56.0
	3	24	79.0
	3	25	109.0
	3	26	171.0
	3	27	93.0
	3	28	118.0
	3	29	130.0
	3	30	53.0
	3	31	94.0
	3	32	110.0
	3	33	65.0
	3	34	64.0
	3	35	50.0
	3	36	32.0
	3	37	101.0
	3	38	153.0
	3	39	170.0
	3	40	131.0
	3	41	160.0
	3	42	145.0
	3	43	121.0
	3	44	137.0
	3	45	165.0
	3	46	141.0
	3	47	160.0
	3	48	183.0
	3	49	219.0
	3	50	184.0
	3	51	181.0
	3	52	153.0
	3	53	80.0
	3	54	90.0
	3	55	104.0
	3	56	48.0
	3	57	45.0
	3	58	117.0
	3	59	152.0
	3	60	135.0
	3	61	89.0
	3	62	107.0
	3	63	136.0
	3	64	184.0
	3	65	161.0
	3	66	178.0
	3	67	119.0
	3	68	111.0
	3	69	121.0
	3	70	179.0
	3	71	141.0
	3	72	92.0
	3	73	34.0
	3	74	118.0
	3	75	88.0
	3	76	83.0
	3	77	65.0
	3	78	82.0
	3	79	87.0
	3	80	153.0
	3	81	139.0
	3	82	176.0
	3	83	120.0
	3	84	61.0
	3	85	159.0
	3	86	252.0
	3	87	197.0
	3	88	124.0
	3	89	147.0
	3	90	121.0
	3	91	118.0
	3	92	137.0
	3	93	139.0
	3	94	117.0
	3	95	148.0
	3	96	185.0
	3	97	147.0
	3	98	138.0
	3	99	177.0
	4	0	157.0
	4	1	129.0
	4	2	112.0
	4	3	22.0
	4	4	0.0
	4	5	17.0
	4	6	36.0
	4	7	47.0
	4	8	51.0
	4	9	54.0
	4	10	70.0
	4	11	114.0
	4	12	79.0
	4	13	100.0
	4	14	114.0
	4	15	157.0
	4	16	168.0
	4	17	195.0
	4	18	140.0
	4	19	107.0
	4	20	131.0
	4	21	189.0
	4	22	108.0
	4	23	78.0
	4	24	101.0
	4	25	131.0
	4	26	193.0
	4	27	115.0
	4	28	140.0
	4	29	117.0
	4	30	75.0
	4	31	116.0
	4	32	132.0
	4	33	87.0
	4	34	86.0
	4	35	72.0
	4	36	54.0
	4	37	123.0
	4	38	131.0
	4	39	148.0
	4	40	153.0
	4	41	182.0
	4	42	140.0
	4	43	115.0
	4	44	145.0
	4	45	187.0
	4	46	163.0
	4	47	173.0
	4	48	161.0
	4	49	197.0
	4	50	206.0
	4	51	159.0
	4	52	131.0
	4	53	102.0
	4	54	112.0
	4	55	82.0
	4	56	26.0
	4	57	23.0
	4	58	122.0
	4	59	157.0
	4	60	113.0
	4	61	67.0
	4	62	85.0
	4	63	114.0
	4	64	162.0
	4	65	149.0
	4	66	156.0
	4	67	97.0
	4	68	89.0
	4	69	99.0
	4	70	157.0
	4	71	155.0
	4	72	106.0
	4	73	12.0
	4	74	96.0
	4	75	66.0
	4	76	61.0
	4	77	43.0
	4	78	60.0
	4	79	65.0
	4	80	153.0
	4	81	133.0
	4	82	154.0
	4	83	98.0
	4	84	83.0
	4	85	181.0
	4	86	274.0
	4	87	211.0
	4	88	138.0
	4	89	169.0
	4	90	143.0
	4	91	140.0
	4	92	159.0
	4	93	139.0
	4	94	139.0
	4	95	161.0
	4	96	171.0
	4	97	125.0
	4	98	116.0
	4	99	155.0
	5	0	174.0
	5	1	146.0
	5	2	129.0
	5	3	39.0
	5	4	17.0
	5	5	0.0
	5	6	19.0
	5	7	30.0
	5	8	34.0
	5	9	37.0
	5	10	53.0
	5	11	120.0
	5	12	96.0
	5	13	117.0
	5	14	131.0
	5	15	174.0
	5	16	168.0
	5	17	201.0
	5	18	157.0
	5	19	124.0
	5	20	114.0
	5	21	201.0
	5	22	125.0
	5	23	95.0
	5	24	118.0
	5	25	130.0
	5	26	192.0
	5	27	132.0
	5	28	157.0
	5	29	134.0
	5	30	92.0
	5	31	133.0
	5	32	144.0
	5	33	104.0
	5	34	103.0
	5	35	89.0
	5	36	71.0
	5	37	140.0
	5	38	114.0
	5	39	131.0
	5	40	165.0
	5	41	181.0
	5	42	146.0
	5	43	121.0
	5	44	128.0
	5	45	179.0
	5	46	175.0
	5	47	176.0
	5	48	178.0
	5	49	180.0
	5	50	223.0
	5	51	174.0
	5	52	114.0
	5	53	119.0
	5	54	129.0
	5	55	99.0
	5	56	43.0
	5	57	40.0
	5	58	139.0
	5	59	174.0
	5	60	96.0
	5	61	50.0
	5	62	68.0
	5	63	97.0
	5	64	145.0
	5	65	166.0
	5	66	139.0
	5	67	80.0
	5	68	72.0
	5	69	82.0
	5	70	140.0
	5	71	162.0
	5	72	113.0
	5	73	29.0
	5	74	113.0
	5	75	49.0
	5	76	44.0
	5	77	26.0
	5	78	43.0
	5	79	48.0
	5	80	136.0
	5	81	139.0
	5	82	137.0
	5	83	81.0
	5	84	100.0
	5	85	198.0
	5	86	291.0
	5	87	218.0
	5	88	145.0
	5	89	186.0
	5	90	160.0
	5	91	157.0
	5	92	152.0
	5	93	122.0
	5	94	156.0
	5	95	167.0
	5	96	188.0
	5	97	142.0
	5	98	133.0
	5	99	172.0
	6	0	193.0
	6	1	161.0
	6	2	117.0
	6	3	58.0
	6	4	36.0
	6	5	19.0
	6	6	0.0
	6	7	11.0
	6	8	15.0
	6	9	18.0
	6	10	34.0
	6	11	101.0
	6	12	115.0
	6	13	136.0
	6	14	150.0
	6	15	193.0
	6	16	187.0
	6	17	182.0
	6	18	153.0
	6	19	120.0
	6	20	95.0
	6	21	182.0
	6	22	130.0
	6	23	114.0
	6	24	137.0
	6	25	111.0
	6	26	173.0
	6	27	151.0
	6	28	176.0
	6	29	153.0
	6	30	111.0
	6	31	126.0
	6	32	125.0
	6	33	123.0
	6	34	122.0
	6	35	108.0
	6	36	90.0
	6	37	159.0
	6	38	95.0
	6	39	112.0
	6	40	146.0
	6	41	162.0
	6	42	127.0
	6	43	102.0
	6	44	109.0
	6	45	160.0
	6	46	156.0
	6	47	157.0
	6	48	183.0
	6	49	161.0
	6	50	232.0
	6	51	155.0
	6	52	95.0
	6	53	125.0
	6	54	135.0
	6	55	104.0
	6	56	62.0
	6	57	59.0
	6	58	153.0
	6	59	188.0
	6	60	115.0
	6	61	31.0
	6	62	49.0
	6	63	78.0
	6	64	126.0
	6	65	161.0
	6	66	120.0
	6	67	61.0
	6	68	53.0
	6	69	63.0
	6	70	121.0
	6	71	143.0
	6	72	94.0
	6	73	48.0
	6	74	99.0
	6	75	30.0
	6	76	25.0
	6	77	7.0
	6	78	24.0
	6	79	29.0
	6	80	117.0
	6	81	120.0
	6	82	118.0
	6	83	62.0
	6	84	119.0
	6	85	217.0
	6	86	290.0
	6	87	199.0
	6	88	126.0
	6	89	191.0
	6	90	179.0
	6	91	152.0
	6	92	133.0
	6	93	103.0
	6	94	162.0
	6	95	148.0
	6	96	185.0
	6	97	161.0
	6	98	152.0
	6	99	191.0
	7	0	204.0
	7	1	150.0
	7	2	106.0
	7	3	69.0
	7	4	47.0
	7	5	30.0
	7	6	11.0
	7	7	0.0
	7	8	4.0
	7	9	7.0
	7	10	23.0
	7	11	90.0
	7	12	125.0
	7	13	146.0
	7	14	150.0
	7	15	188.0
	7	16	177.0
	7	17	171.0
	7	18	142.0
	7	19	109.0
	7	20	84.0
	7	21	171.0
	7	22	119.0
	7	23	125.0
	7	24	133.0
	7	25	100.0
	7	26	162.0
	7	27	162.0
	7	28	187.0
	7	29	163.0
	7	30	122.0
	7	31	115.0
	7	32	114.0
	7	33	134.0
	7	34	133.0
	7	35	119.0
	7	36	101.0
	7	37	156.0
	7	38	84.0
	7	39	101.0
	7	40	135.0
	7	41	151.0
	7	42	116.0
	7	43	91.0
	7	44	98.0
	7	45	149.0
	7	46	145.0
	7	47	146.0
	7	48	172.0
	7	49	150.0
	7	50	221.0
	7	51	144.0
	7	52	84.0
	7	53	114.0
	7	54	124.0
	7	55	93.0
	7	56	73.0
	7	57	70.0
	7	58	142.0
	7	59	177.0
	7	60	105.0
	7	61	20.0
	7	62	38.0
	7	63	67.0
	7	64	115.0
	7	65	150.0
	7	66	109.0
	7	67	50.0
	7	68	42.0
	7	69	52.0
	7	70	110.0
	7	71	132.0
	7	72	83.0
	7	73	59.0
	7	74	88.0
	7	75	19.0
	7	76	14.0
	7	77	18.0
	7	78	35.0
	7	79	18.0
	7	80	106.0
	7	81	109.0
	7	82	107.0
	7	83	51.0
	7	84	114.0
	7	85	212.0
	7	86	279.0
	7	87	188.0
	7	88	115.0
	7	89	180.0
	7	90	190.0
	7	91	163.0
	7	92	144.0
	7	93	114.0
	7	94	151.0
	7	95	137.0
	7	96	174.0
	7	97	172.0
	7	98	163.0
	7	99	202.0
	8	0	206.0
	8	1	146.0
	8	2	102.0
	8	3	73.0
	8	4	51.0
	8	5	34.0
	8	6	15.0
	8	7	4.0
	8	8	0.0
	8	9	3.0
	8	10	19.0
	8	11	86.0
	8	12	121.0
	8	13	142.0
	8	14	146.0
	8	15	184.0
	8	16	173.0
	8	17	167.0
	8	18	138.0
	8	19	105.0
	8	20	80.0
	8	21	167.0
	8	22	115.0
	8	23	127.0
	8	24	129.0
	8	25	96.0
	8	26	158.0
	8	27	164.0
	8	28	189.0
	8	29	159.0
	8	30	126.0
	8	31	111.0
	8	32	110.0
	8	33	136.0
	8	34	135.0
	8	35	121.0
	8	36	105.0
	8	37	152.0
	8	38	80.0
	8	39	97.0
	8	40	131.0
	8	41	147.0
	8	42	112.0
	8	43	87.0
	8	44	94.0
	8	45	145.0
	8	46	141.0
	8	47	142.0
	8	48	168.0
	8	49	146.0
	8	50	217.0
	8	51	140.0
	8	52	80.0
	8	53	110.0
	8	54	120.0
	8	55	89.0
	8	56	77.0
	8	57	74.0
	8	58	138.0
	8	59	173.0
	8	60	101.0
	8	61	16.0
	8	62	34.0
	8	63	63.0
	8	64	111.0
	8	65	146.0
	8	66	105.0
	8	67	46.0
	8	68	38.0
	8	69	48.0
	8	70	106.0
	8	71	128.0
	8	72	79.0
	8	73	63.0
	8	74	84.0
	8	75	15.0
	8	76	10.0
	8	77	22.0
	8	78	39.0
	8	79	14.0
	8	80	102.0
	8	81	105.0
	8	82	103.0
	8	83	47.0
	8	84	110.0
	8	85	208.0
	8	86	275.0
	8	87	184.0
	8	88	111.0
	8	89	176.0
	8	90	194.0
	8	91	167.0
	8	92	148.0
	8	93	118.0
	8	94	147.0
	8	95	133.0
	8	96	170.0
	8	97	176.0
	8	98	167.0
	8	99	206.0
	9	0	209.0
	9	1	149.0
	9	2	105.0
	9	3	76.0
	9	4	54.0
	9	5	37.0
	9	6	18.0
	9	7	7.0
	9	8	3.0
	9	9	0.0
	9	10	16.0
	9	11	83.0
	9	12	118.0
	9	13	139.0
	9	14	143.0
	9	15	186.0
	9	16	176.0
	9	17	170.0
	9	18	141.0
	9	19	108.0
	9	20	77.0
	9	21	164.0
	9	22	112.0
	9	23	130.0
	9	24	126.0
	9	25	93.0
	9	26	155.0
	9	27	167.0
	9	28	192.0
	9	29	156.0
	9	30	129.0
	9	31	108.0
	9	32	107.0
	9	33	139.0
	9	34	138.0
	9	35	124.0
	9	36	108.0
	9	37	155.0
	9	38	83.0
	9	39	100.0
	9	40	128.0
	9	41	144.0
	9	42	109.0
	9	43	84.0
	9	44	91.0
	9	45	142.0
	9	46	138.0
	9	47	142.0
	9	48	165.0
	9	49	149.0
	9	50	220.0
	9	51	143.0
	9	52	83.0
	9	53	113.0
	9	54	120.0
	9	55	86.0
	9	56	80.0
	9	57	77.0
	9	58	135.0
	9	59	170.0
	9	60	104.0
	9	61	19.0
	9	62	37.0
	9	63	66.0
	9	64	114.0
	9	65	149.0
	9	66	108.0
	9	67	49.0
	9	68	41.0
	9	69	51.0
	9	70	109.0
	9	71	131.0
	9	72	82.0
	9	73	66.0
	9	74	87.0
	9	75	18.0
	9	76	13.0
	9	77	25.0
	9	78	42.0
	9	79	11.0
	9	80	99.0
	9	81	102.0
	9	82	100.0
	9	83	44.0
	9	84	113.0
	9	85	211.0
	9	86	278.0
	9	87	187.0
	9	88	114.0
	9	89	179.0
	9	90	197.0
	9	91	170.0
	9	92	151.0
	9	93	121.0
	9	94	146.0
	9	95	130.0
	9	96	167.0
	9	97	179.0
	9	98	170.0
	9	99	209.0
	10	0	224.0
	10	1	165.0
	10	2	121.0
	10	3	92.0
	10	4	70.0
	10	5	53.0
	10	6	34.0
	10	7	23.0
	10	8	19.0
	10	9	16.0
	10	10	0.0
	10	11	67.0
	10	12	102.0
	10	13	123.0
	10	14	137.0
	10	15	180.0
	10	16	191.0
	10	17	186.0
	10	18	157.0
	10	19	124.0
	10	20	93.0
	10	21	180.0
	10	22	128.0
	10	23	133.0
	10	24	110.0
	10	25	109.0
	10	26	171.0
	10	27	170.0
	10	28	195.0
	10	29	140.0
	10	30	145.0
	10	31	124.0
	10	32	123.0
	10	33	154.0
	10	34	153.0
	10	35	139.0
	10	36	124.0
	10	37	171.0
	10	38	99.0
	10	39	116.0
	10	40	144.0
	10	41	160.0
	10	42	93.0
	10	43	68.0
	10	44	107.0
	10	45	158.0
	10	46	154.0
	10	47	126.0
	10	48	173.0
	10	49	165.0
	10	50	236.0
	10	51	159.0
	10	52	99.0
	10	53	129.0
	10	54	136.0
	10	55	102.0
	10	56	96.0
	10	57	93.0
	10	58	148.0
	10	59	183.0
	10	60	120.0
	10	61	35.0
	10	62	53.0
	10	63	82.0
	10	64	130.0
	10	65	165.0
	10	66	124.0
	10	67	65.0
	10	68	57.0
	10	69	67.0
	10	70	125.0
	10	71	147.0
	10	72	98.0
	10	73	82.0
	10	74	103.0
	10	75	34.0
	10	76	29.0
	10	77	41.0
	10	78	58.0
	10	79	27.0
	10	80	115.0
	10	81	86.0
	10	82	116.0
	10	83	60.0
	10	84	129.0
	10	85	227.0
	10	86	294.0
	10	87	203.0
	10	88	130.0
	10	89	195.0
	10	90	213.0
	10	91	186.0
	10	92	167.0
	10	93	137.0
	10	94	130.0
	10	95	114.0
	10	96	151.0
	10	97	195.0
	10	98	186.0
	10	99	225.0
	11	0	157.0
	11	1	143.0
	11	2	81.0
	11	3	122.0
	11	4	114.0
	11	5	120.0
	11	6	101.0
	11	7	90.0
	11	8	86.0
	11	9	83.0
	11	10	67.0
	11	11	0.0
	11	12	35.0
	11	13	56.0
	11	14	70.0
	11	15	113.0
	11	16	124.0
	11	17	193.0
	11	18	138.0
	11	19	105.0
	11	20	114.0
	11	21	163.0
	11	22	150.0
	11	23	66.0
	11	24	43.0
	11	25	92.0
	11	26	154.0
	11	27	103.0
	11	28	128.0
	11	29	73.0
	11	30	148.0
	11	31	107.0
	11	32	123.0
	11	33	87.0
	11	34	86.0
	11	35	72.0
	11	36	90.0
	11	37	159.0
	11	38	112.0
	11	39	95.0
	11	40	118.0
	11	41	104.0
	11	42	26.0
	11	43	1.0
	11	44	100.0
	11	45	116.0
	11	46	92.0
	11	47	59.0
	11	48	106.0
	11	49	193.0
	11	50	206.0
	11	51	174.0
	11	52	166.0
	11	53	100.0
	11	54	90.0
	11	55	124.0
	11	56	88.0
	11	57	91.0
	11	58	81.0
	11	59	116.0
	11	60	187.0
	11	61	102.0
	11	62	120.0
	11	63	149.0
	11	64	106.0
	11	65	105.0
	11	66	148.0
	11	67	132.0
	11	68	124.0
	11	69	134.0
	11	70	151.0
	11	71	89.0
	11	72	114.0
	11	73	102.0
	11	74	170.0
	11	75	101.0
	11	76	96.0
	11	77	108.0
	11	78	125.0
	11	79	94.0
	11	80	58.0
	11	81	19.0
	11	82	103.0
	11	83	127.0
	11	84	83.0
	11	85	181.0
	11	86	274.0
	11	87	201.0
	11	88	146.0
	11	89	200.0
	11	90	179.0
	11	91	140.0
	11	92	152.0
	11	93	122.0
	11	94	63.0
	11	95	47.0
	11	96	84.0
	11	97	130.0
	11	98	139.0
	11	99	178.0
	12	0	132.0
	12	1	177.0
	12	2	116.0
	12	3	101.0
	12	4	79.0
	12	5	96.0
	12	6	115.0
	12	7	125.0
	12	8	121.0
	12	9	118.0
	12	10	102.0
	12	11	35.0
	12	12	0.0
	12	13	21.0
	12	14	35.0
	12	15	78.0
	12	16	89.0
	12	17	180.0
	12	18	173.0
	12	19	140.0
	12	20	149.0
	12	21	198.0
	12	22	135.0
	12	23	96.0
	12	24	78.0
	12	25	127.0
	12	26	189.0
	12	27	133.0
	12	28	130.0
	12	29	38.0
	12	30	115.0
	12	31	142.0
	12	32	158.0
	12	33	105.0
	12	34	104.0
	12	35	90.0
	12	36	108.0
	12	37	177.0
	12	38	136.0
	12	39	119.0
	12	40	153.0
	12	41	139.0
	12	42	61.0
	12	43	36.0
	12	44	135.0
	12	45	123.0
	12	46	127.0
	12	47	94.0
	12	48	141.0
	12	49	228.0
	12	50	181.0
	12	51	167.0
	12	52	201.0
	12	53	135.0
	12	54	125.0
	12	55	109.0
	12	56	53.0
	12	57	56.0
	12	58	114.0
	12	59	149.0
	12	60	161.0
	12	61	137.0
	12	62	155.0
	12	63	157.0
	12	64	109.0
	12	65	70.0
	12	66	113.0
	12	67	167.0
	12	68	159.0
	12	69	169.0
	12	70	186.0
	12	71	124.0
	12	72	110.0
	12	73	67.0
	12	74	151.0
	12	75	136.0
	12	76	131.0
	12	77	122.0
	12	78	139.0
	12	79	129.0
	12	80	79.0
	12	81	54.0
	12	82	138.0
	12	83	151.0
	12	84	79.0
	12	85	177.0
	12	86	270.0
	12	87	215.0
	12	88	142.0
	12	89	165.0
	12	90	191.0
	12	91	158.0
	12	92	177.0
	12	93	157.0
	12	94	98.0
	12	95	82.0
	12	96	119.0
	12	97	158.0
	12	98	149.0
	12	99	188.0
	13	0	111.0
	13	1	188.0
	13	2	137.0
	13	3	122.0
	13	4	100.0
	13	5	117.0
	13	6	136.0
	13	7	146.0
	13	8	142.0
	13	9	139.0
	13	10	123.0
	13	11	56.0
	13	12	21.0
	13	13	0.0
	13	14	14.0
	13	15	57.0
	13	16	68.0
	13	17	159.0
	13	18	194.0
	13	19	161.0
	13	20	170.0
	13	21	186.0
	13	22	156.0
	13	23	117.0
	13	24	99.0
	13	25	115.0
	13	26	177.0
	13	27	154.0
	13	28	151.0
	13	29	59.0
	13	30	136.0
	13	31	130.0
	13	32	165.0
	13	33	126.0
	13	34	125.0
	13	35	111.0
	13	36	129.0
	13	37	187.0
	13	38	115.0
	13	39	98.0
	13	40	154.0
	13	41	160.0
	13	42	82.0
	13	43	57.0
	13	44	156.0
	13	45	144.0
	13	46	134.0
	13	47	101.0
	13	48	148.0
	13	49	231.0
	13	50	160.0
	13	51	146.0
	13	52	183.0
	13	53	156.0
	13	54	146.0
	13	55	130.0
	13	56	74.0
	13	57	77.0
	13	58	93.0
	13	59	128.0
	13	60	140.0
	13	61	158.0
	13	62	165.0
	13	63	136.0
	13	64	88.0
	13	65	49.0
	13	66	92.0
	13	67	149.0
	13	68	157.0
	13	69	167.0
	13	70	193.0
	13	71	131.0
	13	72	131.0
	13	73	88.0
	13	74	172.0
	13	75	157.0
	13	76	152.0
	13	77	143.0
	13	78	160.0
	13	79	146.0
	13	80	58.0
	13	81	75.0
	13	82	159.0
	13	83	172.0
	13	84	100.0
	13	85	198.0
	13	86	291.0
	13	87	236.0
	13	88	163.0
	13	89	144.0
	13	90	170.0
	13	91	179.0
	13	92	175.0
	13	93	145.0
	13	94	119.0
	13	95	89.0
	13	96	126.0
	13	97	172.0
	13	98	170.0
	13	99	177.0
	14	0	125.0
	14	1	202.0
	14	2	151.0
	14	3	136.0
	14	4	114.0
	14	5	131.0
	14	6	150.0
	14	7	150.0
	14	8	146.0
	14	9	143.0
	14	10	137.0
	14	11	70.0
	14	12	35.0
	14	13	14.0
	14	14	0.0
	14	15	43.0
	14	16	54.0
	14	17	145.0
	14	18	200.0
	14	19	175.0
	14	20	184.0
	14	21	172.0
	14	22	170.0
	14	23	131.0
	14	24	113.0
	14	25	101.0
	14	26	163.0
	14	27	168.0
	14	28	165.0
	14	29	73.0
	14	30	150.0
	14	31	116.0
	14	32	156.0
	14	33	140.0
	14	34	139.0
	14	35	125.0
	14	36	143.0
	14	37	201.0
	14	38	129.0
	14	39	112.0
	14	40	168.0
	14	41	152.0
	14	42	96.0
	14	43	71.0
	14	44	170.0
	14	45	158.0
	14	46	148.0
	14	47	115.0
	14	48	162.0
	14	49	245.0
	14	50	174.0
	14	51	160.0
	14	52	197.0
	14	53	170.0
	14	54	160.0
	14	55	144.0
	14	56	88.0
	14	57	91.0
	14	58	80.0
	14	59	115.0
	14	60	126.0
	14	61	162.0
	14	62	179.0
	14	63	150.0
	14	64	102.0
	14	65	63.0
	14	66	106.0
	14	67	163.0
	14	68	171.0
	14	69	181.0
	14	70	207.0
	14	71	145.0
	14	72	145.0
	14	73	102.0
	14	74	186.0
	14	75	161.0
	14	76	156.0
	14	77	157.0
	14	78	174.0
	14	79	132.0
	14	80	44.0
	14	81	83.0
	14	82	167.0
	14	83	165.0
	14	84	114.0
	14	85	212.0
	14	86	305.0
	14	87	249.0
	14	88	177.0
	14	89	130.0
	14	90	156.0
	14	91	180.0
	14	92	161.0
	14	93	131.0
	14	94	133.0
	14	95	103.0
	14	96	140.0
	14	97	186.0
	14	98	184.0
	14	99	191.0
	15	0	168.0
	15	1	245.0
	15	2	194.0
	15	3	179.0
	15	4	157.0
	15	5	174.0
	15	6	193.0
	15	7	188.0
	15	8	184.0
	15	9	186.0
	15	10	180.0
	15	11	113.0
	15	12	78.0
	15	13	57.0
	15	14	43.0
	15	15	0.0
	15	16	11.0
	15	17	102.0
	15	18	157.0
	15	19	190.0
	15	20	227.0
	15	21	215.0
	15	22	213.0
	15	23	174.0
	15	24	156.0
	15	25	144.0
	15	26	206.0
	15	27	211.0
	15	28	208.0
	15	29	116.0
	15	30	193.0
	15	31	159.0
	15	32	199.0
	15	33	183.0
	15	34	182.0
	15	35	168.0
	15	36	186.0
	15	37	244.0
	15	38	172.0
	15	39	155.0
	15	40	211.0
	15	41	195.0
	15	42	139.0
	15	43	114.0
	15	44	213.0
	15	45	201.0
	15	46	191.0
	15	47	158.0
	15	48	205.0
	15	49	288.0
	15	50	217.0
	15	51	203.0
	15	52	240.0
	15	53	195.0
	15	54	203.0
	15	55	187.0
	15	56	131.0
	15	57	134.0
	15	58	123.0
	15	59	158.0
	15	60	83.0
	15	61	168.0
	15	62	186.0
	15	63	193.0
	15	64	145.0
	15	65	106.0
	15	66	149.0
	15	67	206.0
	15	68	202.0
	15	69	212.0
	15	70	250.0
	15	71	188.0
	15	72	184.0
	15	73	145.0
	15	74	229.0
	15	75	169.0
	15	76	174.0
	15	77	200.0
	15	78	217.0
	15	79	175.0
	15	80	87.0
	15	81	126.0
	15	82	210.0
	15	83	208.0
	15	84	157.0
	15	85	255.0
	15	86	316.0
	15	87	225.0
	15	88	152.0
	15	89	87.0
	15	90	113.0
	15	91	186.0
	15	92	204.0
	15	93	174.0
	15	94	176.0
	15	95	146.0
	15	96	183.0
	15	97	171.0
	15	98	162.0
	15	99	201.0
	16	0	179.0
	16	1	240.0
	16	2	205.0
	16	3	190.0
	16	4	168.0
	16	5	168.0
	16	6	187.0
	16	7	177.0
	16	8	173.0
	16	9	176.0
	16	10	191.0
	16	11	124.0
	16	12	89.0
	16	13	68.0
	16	14	54.0
	16	15	11.0
	16	16	0.0
	16	17	91.0
	16	18	146.0
	16	19	179.0
	16	20	238.0
	16	21	226.0
	16	22	224.0
	16	23	185.0
	16	24	167.0
	16	25	155.0
	16	26	217.0
	16	27	222.0
	16	28	219.0
	16	29	127.0
	16	30	204.0
	16	31	170.0
	16	32	210.0
	16	33	194.0
	16	34	193.0
	16	35	179.0
	16	36	191.0
	16	37	250.0
	16	38	178.0
	16	39	166.0
	16	40	222.0
	16	41	206.0
	16	42	150.0
	16	43	125.0
	16	44	224.0
	16	45	212.0
	16	46	202.0
	16	47	169.0
	16	48	216.0
	16	49	299.0
	16	50	228.0
	16	51	194.0
	16	52	233.0
	16	53	184.0
	16	54	194.0
	16	55	198.0
	16	56	142.0
	16	57	145.0
	16	58	134.0
	16	59	158.0
	16	60	72.0
	16	61	157.0
	16	62	175.0
	16	63	204.0
	16	64	156.0
	16	65	117.0
	16	66	160.0
	16	67	199.0
	16	68	191.0
	16	69	201.0
	16	70	259.0
	16	71	199.0
	16	72	173.0
	16	73	156.0
	16	74	227.0
	16	75	158.0
	16	76	163.0
	16	77	194.0
	16	78	211.0
	16	79	186.0
	16	80	98.0
	16	81	137.0
	16	82	221.0
	16	83	219.0
	16	84	168.0
	16	85	266.0
	16	86	305.0
	16	87	214.0
	16	88	141.0
	16	89	76.0
	16	90	102.0
	16	91	175.0
	16	92	194.0
	16	93	185.0
	16	94	187.0
	16	95	157.0
	16	96	194.0
	16	97	160.0
	16	98	151.0
	16	99	190.0
	17	0	215.0
	17	1	243.0
	17	2	193.0
	17	3	173.0
	17	4	195.0
	17	5	201.0
	17	6	182.0
	17	7	171.0
	17	8	167.0
	17	9	170.0
	17	10	186.0
	17	11	193.0
	17	12	180.0
	17	13	159.0
	17	14	145.0
	17	15	102.0
	17	16	91.0
	17	17	0.0
	17	18	55.0
	17	19	88.0
	17	20	168.0
	17	21	244.0
	17	22	163.0
	17	23	223.0
	17	24	234.0
	17	25	236.0
	17	26	253.0
	17	27	260.0
	17	28	285.0
	17	29	218.0
	17	30	226.0
	17	31	221.0
	17	32	181.0
	17	33	232.0
	17	34	231.0
	17	35	217.0
	17	36	199.0
	17	37	159.0
	17	38	87.0
	17	39	104.0
	17	40	160.0
	17	41	235.0
	17	42	167.0
	17	43	192.0
	17	44	182.0
	17	45	206.0
	17	46	182.0
	17	47	149.0
	17	48	196.0
	17	49	237.0
	17	50	264.0
	17	51	202.0
	17	52	155.0
	17	53	93.0
	17	54	103.0
	17	55	137.0
	17	56	193.0
	17	57	196.0
	17	58	197.0
	17	59	190.0
	17	60	163.0
	17	61	163.0
	17	62	181.0
	17	63	210.0
	17	64	192.0
	17	65	153.0
	17	66	180.0
	17	67	121.0
	17	68	129.0
	17	69	139.0
	17	70	197.0
	17	71	179.0
	17	72	181.0
	17	73	207.0
	17	74	231.0
	17	75	162.0
	17	76	157.0
	17	77	189.0
	17	78	206.0
	17	79	181.0
	17	80	189.0
	17	81	180.0
	17	82	182.0
	17	83	179.0
	17	84	212.0
	17	85	310.0
	17	86	313.0
	17	87	222.0
	17	88	149.0
	17	89	84.0
	17	90	110.0
	17	91	183.0
	17	92	202.0
	17	93	206.0
	17	94	130.0
	17	95	161.0
	17	96	198.0
	17	97	168.0
	17	98	159.0
	17	99	198.0
	18	0	253.0
	18	1	188.0
	18	2	164.0
	18	3	118.0
	18	4	140.0
	18	5	157.0
	18	6	153.0
	18	7	142.0
	18	8	138.0
	18	9	141.0
	18	10	157.0
	18	11	138.0
	18	12	173.0
	18	13	194.0
	18	14	200.0
	18	15	157.0
	18	16	146.0
	18	17	55.0
	18	18	0.0
	18	19	33.0
	18	20	113.0
	18	21	189.0
	18	22	108.0
	18	23	174.0
	18	24	179.0
	18	25	181.0
	18	26	198.0
	18	27	211.0
	18	28	236.0
	18	29	211.0
	18	30	171.0
	18	31	183.0
	18	32	143.0
	18	33	183.0
	18	34	182.0
	18	35	168.0
	18	36	150.0
	18	37	214.0
	18	38	142.0
	18	39	159.0
	18	40	164.0
	18	41	190.0
	18	42	112.0
	18	43	137.0
	18	44	127.0
	18	45	175.0
	18	46	151.0
	18	47	118.0
	18	48	161.0
	18	49	208.0
	18	50	270.0
	18	51	182.0
	18	52	134.0
	18	53	38.0
	18	54	48.0
	18	55	82.0
	18	56	138.0
	18	57	141.0
	18	58	170.0
	18	59	135.0
	18	60	218.0
	18	61	134.0
	18	62	152.0
	18	63	181.0
	18	64	165.0
	18	65	204.0
	18	66	167.0
	18	67	108.0
	18	68	100.0
	18	69	110.0
	18	70	168.0
	18	71	148.0
	18	72	197.0
	18	73	152.0
	18	74	202.0
	18	75	133.0
	18	76	128.0
	18	77	160.0
	18	78	177.0
	18	79	152.0
	18	80	194.0
	18	81	155.0
	18	82	180.0
	18	83	124.0
	18	84	179.0
	18	85	277.0
	18	86	368.0
	18	87	277.0
	18	88	204.0
	18	89	139.0
	18	90	165.0
	18	91	200.0
	18	92	181.0
	18	93	151.0
	18	94	75.0
	18	95	106.0
	18	96	143.0
	18	97	189.0
	18	98	198.0
	18	99	237.0
	19	0	220.0
	19	1	155.0
	19	2	131.0
	19	3	85.0
	19	4	107.0
	19	5	124.0
	19	6	120.0
	19	7	109.0
	19	8	105.0
	19	9	108.0
	19	10	124.0
	19	11	105.0
	19	12	140.0
	19	13	161.0
	19	14	175.0
	19	15	190.0
	19	16	179.0
	19	17	88.0
	19	18	33.0
	19	19	0.0
	19	20	80.0
	19	21	156.0
	19	22	75.0
	19	23	141.0
	19	24	146.0
	19	25	148.0
	19	26	165.0
	19	27	178.0
	19	28	203.0
	19	29	178.0
	19	30	138.0
	19	31	150.0
	19	32	110.0
	19	33	150.0
	19	34	149.0
	19	35	135.0
	19	36	117.0
	19	37	181.0
	19	38	109.0
	19	39	126.0
	19	40	131.0
	19	41	157.0
	19	42	79.0
	19	43	104.0
	19	44	94.0
	19	45	142.0
	19	46	118.0
	19	47	85.0
	19	48	128.0
	19	49	175.0
	19	50	237.0
	19	51	149.0
	19	52	101.0
	19	53	5.0
	19	54	15.0
	19	55	49.0
	19	56	105.0
	19	57	108.0
	19	58	137.0
	19	59	102.0
	19	60	186.0
	19	61	101.0
	19	62	119.0
	19	63	148.0
	19	64	132.0
	19	65	171.0
	19	66	134.0
	19	67	75.0
	19	68	67.0
	19	69	77.0
	19	70	135.0
	19	71	115.0
	19	72	164.0
	19	73	119.0
	19	74	169.0
	19	75	100.0
	19	76	95.0
	19	77	127.0
	19	78	144.0
	19	79	119.0
	19	80	161.0
	19	81	122.0
	19	82	147.0
	19	83	91.0
	19	84	146.0
	19	85	244.0
	19	86	337.0
	19	87	254.0
	19	88	196.0
	19	89	172.0
	19	90	198.0
	19	91	167.0
	19	92	148.0
	19	93	118.0
	19	94	42.0
	19	95	73.0
	19	96	110.0
	19	97	156.0
	19	98	165.0
	19	99	204.0
	20	0	152.0
	20	1	75.0
	20	2	137.0
	20	3	140.0
	20	4	131.0
	20	5	114.0
	20	6	95.0
	20	7	84.0
	20	8	80.0
	20	9	77.0
	20	10	93.0
	20	11	114.0
	20	12	149.0
	20	13	170.0
	20	14	184.0
	20	15	227.0
	20	16	238.0
	20	17	168.0
	20	18	113.0
	20	19	80.0
	20	20	0.0
	20	21	90.0
	20	22	87.0
	20	23	95.0
	20	24	72.0
	20	25	85.0
	20	26	99.0
	20	27	132.0
	20	28	157.0
	20	29	150.0
	20	30	87.0
	20	31	70.0
	20	32	30.0
	20	33	116.0
	20	34	115.0
	20	35	101.0
	20	36	119.0
	20	37	188.0
	20	38	124.0
	20	39	107.0
	20	40	51.0
	20	41	136.0
	20	42	138.0
	20	43	113.0
	20	44	14.0
	20	45	65.0
	20	46	61.0
	20	47	94.0
	20	48	139.0
	20	49	226.0
	20	50	201.0
	20	51	161.0
	20	52	160.0
	20	53	85.0
	20	54	95.0
	20	55	75.0
	20	56	131.0
	20	57	134.0
	20	58	110.0
	20	59	145.0
	20	60	181.0
	20	61	96.0
	20	62	114.0
	20	63	143.0
	20	64	165.0
	20	65	154.0
	20	66	185.0
	20	67	126.0
	20	68	118.0
	20	69	128.0
	20	70	186.0
	20	71	124.0
	20	72	127.0
	20	73	143.0
	20	74	164.0
	20	75	95.0
	20	76	90.0
	20	77	102.0
	20	78	113.0
	20	79	66.0
	20	80	142.0
	20	81	131.0
	20	82	89.0
	20	83	33.0
	20	84	96.0
	20	85	194.0
	20	86	287.0
	20	87	232.0
	20	88	159.0
	20	89	224.0
	20	90	208.0
	20	91	164.0
	20	92	145.0
	20	93	115.0
	20	94	122.0
	20	95	106.0
	20	96	143.0
	20	97	189.0
	20	98	198.0
	20	99	218.0
	21	0	233.0
	21	1	165.0
	21	2	227.0
	21	3	180.0
	21	4	189.0
	21	5	201.0
	21	6	182.0
	21	7	171.0
	21	8	167.0
	21	9	164.0
	21	10	180.0
	21	11	163.0
	21	12	198.0
	21	13	186.0
	21	14	172.0
	21	15	215.0
	21	16	226.0
	21	17	244.0
	21	18	189.0
	21	19	156.0
	21	20	90.0
	21	21	0.0
	21	22	81.0
	21	23	142.0
	21	24	120.0
	21	25	71.0
	21	26	9.0
	21	27	105.0
	21	28	130.0
	21	29	204.0
	21	30	127.0
	21	31	86.0
	21	32	120.0
	21	33	163.0
	21	34	162.0
	21	35	148.0
	21	36	166.0
	21	37	235.0
	21	38	214.0
	21	39	197.0
	21	40	141.0
	21	41	122.0
	21	42	187.0
	21	43	162.0
	21	44	104.0
	21	45	155.0
	21	46	151.0
	21	47	184.0
	21	48	186.0
	21	49	273.0
	21	50	241.0
	21	51	153.0
	21	52	213.0
	21	53	151.0
	21	54	141.0
	21	55	107.0
	21	56	163.0
	21	57	166.0
	21	58	138.0
	21	59	173.0
	21	60	259.0
	21	61	183.0
	21	62	201.0
	21	63	230.0
	21	64	221.0
	21	65	182.0
	21	66	207.0
	21	67	213.0
	21	68	205.0
	21	69	215.0
	21	70	273.0
	21	71	214.0
	21	72	190.0
	21	73	177.0
	21	74	251.0
	21	75	182.0
	21	76	177.0
	21	77	189.0
	21	78	180.0
	21	79	153.0
	21	80	128.0
	21	81	167.0
	21	82	175.0
	21	83	123.0
	21	84	159.0
	21	85	257.0
	21	86	310.0
	21	87	219.0
	21	88	222.0
	21	89	249.0
	21	90	223.0
	21	91	150.0
	21	92	131.0
	21	93	101.0
	21	94	168.0
	21	95	196.0
	21	96	233.0
	21	97	205.0
	21	98	196.0
	21	99	235.0
	22	0	182.0
	22	1	134.0
	22	2	179.0
	22	3	130.0
	22	4	108.0
	22	5	125.0
	22	6	130.0
	22	7	119.0
	22	8	115.0
	22	9	112.0
	22	10	128.0
	22	11	150.0
	22	12	135.0
	22	13	156.0
	22	14	170.0
	22	15	213.0
	22	16	224.0
	22	17	163.0
	22	18	108.0
	22	19	75.0
	22	20	87.0
	22	21	81.0
	22	22	0.0
	22	23	91.0
	22	24	114.0
	22	25	152.0
	22	26	90.0
	22	27	128.0
	22	28	153.0
	22	29	173.0
	22	30	174.0
	22	31	157.0
	22	32	117.0
	22	33	112.0
	22	34	111.0
	22	35	97.0
	22	36	115.0
	22	37	184.0
	22	38	184.0
	22	39	175.0
	22	40	138.0
	22	41	177.0
	22	42	124.0
	22	43	149.0
	22	44	73.0
	22	45	124.0
	22	46	148.0
	22	47	130.0
	22	48	105.0
	22	49	192.0
	22	50	162.0
	22	51	74.0
	22	52	134.0
	22	53	70.0
	22	54	60.0
	22	55	26.0
	22	56	82.0
	22	57	85.0
	22	58	152.0
	22	59	147.0
	22	60	216.0
	22	61	131.0
	22	62	149.0
	22	63	178.0
	22	64	177.0
	22	65	171.0
	22	66	128.0
	22	67	150.0
	22	68	142.0
	22	69	152.0
	22	70	210.0
	22	71	160.0
	22	72	139.0
	22	73	96.0
	22	74	180.0
	22	75	130.0
	22	76	125.0
	22	77	137.0
	22	78	148.0
	22	79	101.0
	22	80	188.0
	22	81	167.0
	22	82	124.0
	22	83	68.0
	22	84	108.0
	22	85	206.0
	22	86	299.0
	22	87	212.0
	22	88	171.0
	22	89	192.0
	22	90	166.0
	22	91	165.0
	22	92	184.0
	22	93	163.0
	22	94	87.0
	22	95	118.0
	22	96	155.0
	22	97	126.0
	22	98	117.0
	22	99	156.0
	23	0	91.0
	23	1	99.0
	23	2	145.0
	23	3	56.0
	23	4	78.0
	23	5	95.0
	23	6	114.0
	23	7	125.0
	23	8	127.0
	23	9	130.0
	23	10	133.0
	23	11	66.0
	23	12	96.0
	23	13	117.0
	23	14	131.0
	23	15	174.0
	23	16	185.0
	23	17	223.0
	23	18	174.0
	23	19	141.0
	23	20	95.0
	23	21	142.0
	23	22	91.0
	23	23	0.0
	23	24	23.0
	23	25	72.0
	23	26	133.0
	23	27	37.0
	23	28	62.0
	23	29	134.0
	23	30	109.0
	23	31	87.0
	23	32	118.0
	23	33	21.0
	23	34	20.0
	23	35	6.0
	23	36	24.0
	23	37	93.0
	23	38	165.0
	23	39	154.0
	23	40	139.0
	23	41	123.0
	23	42	90.0
	23	43	65.0
	23	44	81.0
	23	45	132.0
	23	46	149.0
	23	47	123.0
	23	48	170.0
	23	49	211.0
	23	50	140.0
	23	51	154.0
	23	52	187.0
	23	53	136.0
	23	54	146.0
	23	55	117.0
	23	56	104.0
	23	57	101.0
	23	58	61.0
	23	59	96.0
	23	60	182.0
	23	61	111.0
	23	62	93.0
	23	63	122.0
	23	64	144.0
	23	65	105.0
	23	66	148.0
	23	67	153.0
	23	68	145.0
	23	69	155.0
	23	70	159.0
	23	71	97.0
	23	72	48.0
	23	73	90.0
	23	74	174.0
	23	75	112.0
	23	76	117.0
	23	77	121.0
	23	78	138.0
	23	79	132.0
	23	80	97.0
	23	81	83.0
	23	82	155.0
	23	83	99.0
	23	84	17.0
	23	85	115.0
	23	86	208.0
	23	87	153.0
	23	88	80.0
	23	89	139.0
	23	90	113.0
	23	91	74.0
	23	92	93.0
	23	93	102.0
	23	94	127.0
	23	95	111.0
	23	96	148.0
	23	97	171.0
	23	98	162.0
	23	99	157.0
	24	0	114.0
	24	1	119.0
	24	2	122.0
	24	3	79.0
	24	4	101.0
	24	5	118.0
	24	6	137.0
	24	7	133.0
	24	8	129.0
	24	9	126.0
	24	10	110.0
	24	11	43.0
	24	12	78.0
	24	13	99.0
	24	14	113.0
	24	15	156.0
	24	16	167.0
	24	17	234.0
	24	18	179.0
	24	19	146.0
	24	20	72.0
	24	21	120.0
	24	22	114.0
	24	23	23.0
	24	24	0.0
	24	25	49.0
	24	26	111.0
	24	27	60.0
	24	28	85.0
	24	29	116.0
	24	30	105.0
	24	31	64.0
	24	32	102.0
	24	33	44.0
	24	34	43.0
	24	35	29.0
	24	36	47.0
	24	37	116.0
	24	38	148.0
	24	39	131.0
	24	40	123.0
	24	41	100.0
	24	42	67.0
	24	43	42.0
	24	44	58.0
	24	45	109.0
	24	46	133.0
	24	47	100.0
	24	48	147.0
	24	49	234.0
	24	50	163.0
	24	51	131.0
	24	52	191.0
	24	53	141.0
	24	54	131.0
	24	55	140.0
	24	56	127.0
	24	57	124.0
	24	58	38.0
	24	59	73.0
	24	60	159.0
	24	61	134.0
	24	62	116.0
	24	63	145.0
	24	64	121.0
	24	65	82.0
	24	66	125.0
	24	67	175.0
	24	68	167.0
	24	69	175.0
	24	70	182.0
	24	71	120.0
	24	72	71.0
	24	73	113.0
	24	74	197.0
	24	75	135.0
	24	76	139.0
	24	77	144.0
	24	78	158.0
	24	79	131.0
	24	80	74.0
	24	81	60.0
	24	82	144.0
	24	83	105.0
	24	84	40.0
	24	85	138.0
	24	86	231.0
	24	87	176.0
	24	88	103.0
	24	89	162.0
	24	90	136.0
	24	91	97.0
	24	92	109.0
	24	93	79.0
	24	94	104.0
	24	95	88.0
	24	96	125.0
	24	97	171.0
	24	98	174.0
	24	99	180.0
	25	0	163.0
	25	1	160.0
	25	2	171.0
	25	3	109.0
	25	4	131.0
	25	5	130.0
	25	6	111.0
	25	7	100.0
	25	8	96.0
	25	9	93.0
	25	10	109.0
	25	11	92.0
	25	12	127.0
	25	13	115.0
	25	14	101.0
	25	15	144.0
	25	16	155.0
	25	17	236.0
	25	18	181.0
	25	19	148.0
	25	20	85.0
	25	21	71.0
	25	22	152.0
	25	23	72.0
	25	24	49.0
	25	25	0.0
	25	26	62.0
	25	27	109.0
	25	28	134.0
	25	29	133.0
	25	30	56.0
	25	31	15.0
	25	32	55.0
	25	33	93.0
	25	34	92.0
	25	35	78.0
	25	36	96.0
	25	37	165.0
	25	38	149.0
	25	39	132.0
	25	40	76.0
	25	41	51.0
	25	42	116.0
	25	43	91.0
	25	44	99.0
	25	45	110.0
	25	46	86.0
	25	47	119.0
	25	48	164.0
	25	49	241.0
	25	50	170.0
	25	51	82.0
	25	52	142.0
	25	53	143.0
	25	54	133.0
	25	55	157.0
	25	56	157.0
	25	57	154.0
	25	58	67.0
	25	59	102.0
	25	60	188.0
	25	61	112.0
	25	62	130.0
	25	63	159.0
	25	64	150.0
	25	65	111.0
	25	66	136.0
	25	67	142.0
	25	68	134.0
	25	69	144.0
	25	70	202.0
	25	71	149.0
	25	72	120.0
	25	73	143.0
	25	74	180.0
	25	75	111.0
	25	76	106.0
	25	77	118.0
	25	78	109.0
	25	79	82.0
	25	80	57.0
	25	81	96.0
	25	82	104.0
	25	83	115.0
	25	84	89.0
	25	85	187.0
	25	86	239.0
	25	87	148.0
	25	88	152.0
	25	89	178.0
	25	90	152.0
	25	91	79.0
	25	92	60.0
	25	93	30.0
	25	94	106.0
	25	95	131.0
	25	96	168.0
	25	97	134.0
	25	98	125.0
	25	99	164.0
	26	0	224.0
	26	1	174.0
	26	2	233.0
	26	3	171.0
	26	4	193.0
	26	5	192.0
	26	6	173.0
	26	7	162.0
	26	8	158.0
	26	9	155.0
	26	10	171.0
	26	11	154.0
	26	12	189.0
	26	13	177.0
	26	14	163.0
	26	15	206.0
	26	16	217.0
	26	17	253.0
	26	18	198.0
	26	19	165.0
	26	20	99.0
	26	21	9.0
	26	22	90.0
	26	23	133.0
	26	24	111.0
	26	25	62.0
	26	26	0.0
	26	27	96.0
	26	28	121.0
	26	29	195.0
	26	30	118.0
	26	31	77.0
	26	32	117.0
	26	33	154.0
	26	34	153.0
	26	35	139.0
	26	36	157.0
	26	37	226.0
	26	38	211.0
	26	39	194.0
	26	40	138.0
	26	41	113.0
	26	42	178.0
	26	43	153.0
	26	44	113.0
	26	45	164.0
	26	46	148.0
	26	47	181.0
	26	48	195.0
	26	49	282.0
	26	50	232.0
	26	51	144.0
	26	52	204.0
	26	53	160.0
	26	54	150.0
	26	55	116.0
	26	56	172.0
	26	57	175.0
	26	58	129.0
	26	59	164.0
	26	60	250.0
	26	61	174.0
	26	62	192.0
	26	63	221.0
	26	64	212.0
	26	65	173.0
	26	66	198.0
	26	67	204.0
	26	68	196.0
	26	69	206.0
	26	70	264.0
	26	71	211.0
	26	72	181.0
	26	73	186.0
	26	74	242.0
	26	75	173.0
	26	76	168.0
	26	77	180.0
	26	78	171.0
	26	79	144.0
	26	80	119.0
	26	81	158.0
	26	82	166.0
	26	83	132.0
	26	84	150.0
	26	85	248.0
	26	86	301.0
	26	87	210.0
	26	88	213.0
	26	89	240.0
	26	90	214.0
	26	91	141.0
	26	92	122.0
	26	93	92.0
	26	94	168.0
	26	95	193.0
	26	96	230.0
	26	97	196.0
	26	98	187.0
	26	99	226.0
	27	0	128.0
	27	1	136.0
	27	2	182.0
	27	3	93.0
	27	4	115.0
	27	5	132.0
	27	6	151.0
	27	7	162.0
	27	8	164.0
	27	9	167.0
	27	10	170.0
	27	11	103.0
	27	12	133.0
	27	13	154.0
	27	14	168.0
	27	15	211.0
	27	16	222.0
	27	17	260.0
	27	18	211.0
	27	19	178.0
	27	20	132.0
	27	21	105.0
	27	22	128.0
	27	23	37.0
	27	24	60.0
	27	25	109.0
	27	26	96.0
	27	27	0.0
	27	28	25.0
	27	29	117.0
	27	30	146.0
	27	31	124.0
	27	32	155.0
	27	33	58.0
	27	34	57.0
	27	35	43.0
	27	36	61.0
	27	37	130.0
	27	38	202.0
	27	39	191.0
	27	40	176.0
	27	41	160.0
	27	42	127.0
	27	43	102.0
	27	44	118.0
	27	45	169.0
	27	46	186.0
	27	47	160.0
	27	48	207.0
	27	49	248.0
	27	50	177.0
	27	51	191.0
	27	52	224.0
	27	53	173.0
	27	54	183.0
	27	55	154.0
	27	56	141.0
	27	57	138.0
	27	58	98.0
	27	59	133.0
	27	60	219.0
	27	61	148.0
	27	62	130.0
	27	63	159.0
	27	64	181.0
	27	65	142.0
	27	66	185.0
	27	67	190.0
	27	68	182.0
	27	69	192.0
	27	70	196.0
	27	71	134.0
	27	72	85.0
	27	73	127.0
	27	74	211.0
	27	75	149.0
	27	76	154.0
	27	77	158.0
	27	78	175.0
	27	79	169.0
	27	80	134.0
	27	81	120.0
	27	82	192.0
	27	83	136.0
	27	84	54.0
	27	85	152.0
	27	86	245.0
	27	87	190.0
	27	88	117.0
	27	89	176.0
	27	90	150.0
	27	91	111.0
	27	92	130.0
	27	93	139.0
	27	94	164.0
	27	95	148.0
	27	96	185.0
	27	97	208.0
	27	98	199.0
	27	99	194.0
	28	0	153.0
	28	1	161.0
	28	2	207.0
	28	3	118.0
	28	4	140.0
	28	5	157.0
	28	6	176.0
	28	7	187.0
	28	8	189.0
	28	9	192.0
	28	10	195.0
	28	11	128.0
	28	12	130.0
	28	13	151.0
	28	14	165.0
	28	15	208.0
	28	16	219.0
	28	17	285.0
	28	18	236.0
	28	19	203.0
	28	20	157.0
	28	21	130.0
	28	22	153.0
	28	23	62.0
	28	24	85.0
	28	25	134.0
	28	26	121.0
	28	27	25.0
	28	28	0.0
	28	29	92.0
	28	30	169.0
	28	31	149.0
	28	32	180.0
	28	33	83.0
	28	34	82.0
	28	35	68.0
	28	36	86.0
	28	37	155.0
	28	38	227.0
	28	39	216.0
	28	40	201.0
	28	41	185.0
	28	42	152.0
	28	43	127.0
	28	44	143.0
	28	45	177.0
	28	46	201.0
	28	47	185.0
	28	48	232.0
	28	49	273.0
	28	50	202.0
	28	51	216.0
	28	52	249.0
	28	53	198.0
	28	54	208.0
	28	55	179.0
	28	56	166.0
	28	57	163.0
	28	58	123.0
	28	59	158.0
	28	60	244.0
	28	61	173.0
	28	62	155.0
	28	63	184.0
	28	64	206.0
	28	65	167.0
	28	66	210.0
	28	67	215.0
	28	68	207.0
	28	69	217.0
	28	70	221.0
	28	71	159.0
	28	72	110.0
	28	73	152.0
	28	74	236.0
	28	75	174.0
	28	76	179.0
	28	77	183.0
	28	78	200.0
	28	79	194.0
	28	80	159.0
	28	81	145.0
	28	82	217.0
	28	83	161.0
	28	84	79.0
	28	85	177.0
	28	86	270.0
	28	87	215.0
	28	88	142.0
	28	89	201.0
	28	90	175.0
	28	91	136.0
	28	92	155.0
	28	93	164.0
	28	94	189.0
	28	95	173.0
	28	96	210.0
	28	97	233.0
	28	98	224.0
	28	99	219.0
	29	0	170.0
	29	1	197.0
	29	2	154.0
	29	3	130.0
	29	4	117.0
	29	5	134.0
	29	6	153.0
	29	7	163.0
	29	8	159.0
	29	9	156.0
	29	10	140.0
	29	11	73.0
	29	12	38.0
	29	13	59.0
	29	14	73.0
	29	15	116.0
	29	16	127.0
	29	17	218.0
	29	18	211.0
	29	19	178.0
	29	20	150.0
	29	21	204.0
	29	22	173.0
	29	23	134.0
	29	24	116.0
	29	25	133.0
	29	26	195.0
	29	27	117.0
	29	28	92.0
	29	29	0.0
	29	30	77.0
	29	31	118.0
	29	32	134.0
	29	33	143.0
	29	34	142.0
	29	35	128.0
	29	36	146.0
	29	37	215.0
	29	38	174.0
	29	39	157.0
	29	40	135.0
	29	41	177.0
	29	42	99.0
	29	43	74.0
	29	44	136.0
	29	45	85.0
	29	46	109.0
	29	47	132.0
	29	48	179.0
	29	49	266.0
	29	50	219.0
	29	51	205.0
	29	52	239.0
	29	53	173.0
	29	54	163.0
	29	55	147.0
	29	56	91.0
	29	57	94.0
	29	58	152.0
	29	59	187.0
	29	60	199.0
	29	61	175.0
	29	62	193.0
	29	63	195.0
	29	64	147.0
	29	65	108.0
	29	66	151.0
	29	67	205.0
	29	68	197.0
	29	69	207.0
	29	70	224.0
	29	71	162.0
	29	72	148.0
	29	73	105.0
	29	74	189.0
	29	75	174.0
	29	76	169.0
	29	77	160.0
	29	78	177.0
	29	79	167.0
	29	80	117.0
	29	81	92.0
	29	82	176.0
	29	83	183.0
	29	84	117.0
	29	85	215.0
	29	86	308.0
	29	87	253.0
	29	88	180.0
	29	89	203.0
	29	90	229.0
	29	91	196.0
	29	92	193.0
	29	93	163.0
	29	94	136.0
	29	95	120.0
	29	96	157.0
	29	97	196.0
	29	98	187.0
	29	99	226.0
	30	0	188.0
	30	1	160.0
	30	2	143.0
	30	3	53.0
	30	4	75.0
	30	5	92.0
	30	6	111.0
	30	7	122.0
	30	8	126.0
	30	9	129.0
	30	10	145.0
	30	11	148.0
	30	12	115.0
	30	13	136.0
	30	14	150.0
	30	15	193.0
	30	16	204.0
	30	17	226.0
	30	18	171.0
	30	19	138.0
	30	20	87.0
	30	21	127.0
	30	22	174.0
	30	23	109.0
	30	24	105.0
	30	25	56.0
	30	26	118.0
	30	27	146.0
	30	28	169.0
	30	29	77.0
	30	30	0.0
	30	31	41.0
	30	32	57.0
	30	33	118.0
	30	34	117.0
	30	35	103.0
	30	36	85.0
	30	37	154.0
	30	38	151.0
	30	39	134.0
	30	40	78.0
	30	41	107.0
	30	42	172.0
	30	43	147.0
	30	44	101.0
	30	45	112.0
	30	46	88.0
	30	47	121.0
	30	48	166.0
	30	49	253.0
	30	50	226.0
	30	51	138.0
	30	52	198.0
	30	53	133.0
	30	54	143.0
	30	55	157.0
	30	56	101.0
	30	57	98.0
	30	58	123.0
	30	59	158.0
	30	60	188.0
	30	61	142.0
	30	62	160.0
	30	63	189.0
	30	64	192.0
	30	65	167.0
	30	66	192.0
	30	67	172.0
	30	68	164.0
	30	69	174.0
	30	70	213.0
	30	71	151.0
	30	72	145.0
	30	73	87.0
	30	74	171.0
	30	75	141.0
	30	76	136.0
	30	77	118.0
	30	78	135.0
	30	79	138.0
	30	80	113.0
	30	81	152.0
	30	82	160.0
	30	83	120.0
	30	84	114.0
	30	85	212.0
	30	86	295.0
	30	87	204.0
	30	88	177.0
	30	89	200.0
	30	90	174.0
	30	91	135.0
	30	92	116.0
	30	93	86.0
	30	94	162.0
	30	95	133.0
	30	96	170.0
	30	97	190.0
	30	98	181.0
	30	99	220.0
	31	0	178.0
	31	1	145.0
	31	2	184.0
	31	3	94.0
	31	4	116.0
	31	5	133.0
	31	6	126.0
	31	7	115.0
	31	8	111.0
	31	9	108.0
	31	10	124.0
	31	11	107.0
	31	12	142.0
	31	13	130.0
	31	14	116.0
	31	15	159.0
	31	16	170.0
	31	17	221.0
	31	18	183.0
	31	19	150.0
	31	20	70.0
	31	21	86.0
	31	22	157.0
	31	23	87.0
	31	24	64.0
	31	25	15.0
	31	26	77.0
	31	27	124.0
	31	28	149.0
	31	29	118.0
	31	30	41.0
	31	31	0.0
	31	32	40.0
	31	33	108.0
	31	34	107.0
	31	35	93.0
	31	36	111.0
	31	37	180.0
	31	38	134.0
	31	39	117.0
	31	40	61.0
	31	41	66.0
	31	42	131.0
	31	43	106.0
	31	44	84.0
	31	45	95.0
	31	46	71.0
	31	47	104.0
	31	48	149.0
	31	49	236.0
	31	50	185.0
	31	51	97.0
	31	52	157.0
	31	53	155.0
	31	54	148.0
	31	55	145.0
	31	56	142.0
	31	57	139.0
	31	58	82.0
	31	59	117.0
	31	60	203.0
	31	61	127.0
	31	62	145.0
	31	63	174.0
	31	64	165.0
	31	65	126.0
	31	66	151.0
	31	67	157.0
	31	68	149.0
	31	69	159.0
	31	70	196.0
	31	71	134.0
	31	72	135.0
	31	73	128.0
	31	74	195.0
	31	75	126.0
	31	76	121.0
	31	77	133.0
	31	78	124.0
	31	79	97.0
	31	80	72.0
	31	81	111.0
	31	82	119.0
	31	83	103.0
	31	84	104.0
	31	85	202.0
	31	86	254.0
	31	87	163.0
	31	88	167.0
	31	89	193.0
	31	90	167.0
	31	91	94.0
	31	92	75.0
	31	93	45.0
	31	94	121.0
	31	95	116.0
	31	96	153.0
	31	97	149.0
	31	98	140.0
	31	99	179.0
	32	0	169.0
	32	1	105.0
	32	2	167.0
	32	3	110.0
	32	4	132.0
	32	5	144.0
	32	6	125.0
	32	7	114.0
	32	8	110.0
	32	9	107.0
	32	10	123.0
	32	11	123.0
	32	12	158.0
	32	13	165.0
	32	14	156.0
	32	15	199.0
	32	16	210.0
	32	17	181.0
	32	18	143.0
	32	19	110.0
	32	20	30.0
	32	21	120.0
	32	22	117.0
	32	23	118.0
	32	24	102.0
	32	25	55.0
	32	26	117.0
