data;

param n := 50;

param p := 10;

param m := 2;

param alpha := 11.10104751586914;

param r := 
	0	1
	1	1
	2	0
	3	0
	4	1
	5	1
	6	0
	7	0
	8	0
	9	1
	10	1
	11	0
	12	0
	13	1
	14	0
	15	1
	16	1
	17	1
	18	1
	19	0
	20	1
	21	0
	22	1
	23	0
	24	0
	25	0
	26	1
	27	1
	28	1
	29	0
	30	1
	31	0
	32	0
	33	0
	34	0
	35	0
	36	0
	37	1
	38	1
	39	0
	40	0
	41	1
	42	1
	43	1
	44	1
	45	1
	46	1
	47	1
	48	1
	49	0
;

param d := 
	0	1
	1	1
	2	0
	3	0
	4	1
	5	1
	6	1
	7	1
	8	0
	9	1
	10	1
	11	0
	12	0
	13	1
	14	1
	15	1
	16	1
	17	1
	18	1
	19	1
	20	1
	21	1
	22	1
	23	0
	24	1
	25	0
	26	1
	27	1
	28	1
	29	0
	30	1
	31	1
	32	1
	33	1
	34	1
	35	1
	36	0
	37	1
	38	1
	39	1
	40	0
	41	1
	42	1
	43	1
	44	1
	45	1
	46	1
	47	1
	48	1
	49	0
;

param c := 
	0	0	0.0
	0	1	31.016125
	0	2	3.1622777
	0	3	89.1852
	0	4	69.46222
	0	5	61.846584
	0	6	79.12016
	0	7	41.4367
	0	8	58.60034
	0	9	10.770329
	0	10	57.48913
	0	11	45.17743
	0	12	63.007935
	0	13	51.41984
	0	14	64.00781
	0	15	85.0
	0	16	74.00676
	0	17	21.377558
	0	18	62.968246
	0	19	81.565926
	0	20	11.401754
	0	21	106.437775
	0	22	84.77028
	0	23	113.84639
	0	24	77.82673
	0	25	5.0
	0	26	38.63936
	0	27	45.35416
	0	28	70.178345
	0	29	101.390335
	0	30	75.272835
	0	31	18.027756
	0	32	75.39231
	0	33	22.36068
	0	34	56.089214
	0	35	89.09545
	0	36	3.0
	0	37	5.0
	0	38	112.80071
	0	39	72.56721
	0	40	73.05477
	0	41	62.0
	0	42	103.947105
	0	43	49.979996
	0	44	97.04638
	0	45	75.802376
	0	46	54.129475
	0	47	67.23094
	0	48	82.85529
	0	49	101.0198
	1	0	31.016125
	1	1	0.0
	1	2	32.06244
	1	3	59.933296
	1	4	71.7844
	1	5	33.12099
	1	6	49.658836
	1	7	12.206555
	1	8	37.576588
	1	9	21.587032
	1	10	27.730848
	1	11	40.261642
	1	12	50.358715
	1	13	52.554733
	1	14	70.66116
	1	15	57.801384
	1	16	78.92401
	1	17	33.600594
	1	18	33.24154
	1	19	60.53924
	1	20	23.409399
	1	21	79.40403
	1	22	55.461697
	1	23	93.813644
	1	24	68.18358
	1	25	28.442924
	1	26	9.219544
	1	27	47.423622
	1	28	54.120235
	1	29	73.061615
	1	30	70.256676
	1	31	14.866069
	1	32	47.434166
	1	33	15.556349
	1	34	26.0
	1	35	69.77106
	1	36	31.06445
	1	37	28.160255
	1	38	89.27486
	1	39	71.80529
	1	40	68.359344
	1	41	68.42514
	1	42	83.86298
	1	43	22.627417
	1	44	70.0
	1	45	45.607018
	1	46	25.059929
	1	47	42.638012
	1	48	75.026665
	1	49	77.23341
	2	0	3.1622777
	2	1	32.06244
	2	2	0.0
	2	3	89.28606
	2	4	66.61081
	2	5	63.600315
	2	6	79.30952
	2	7	42.953465
	2	8	57.68882
	2	9	13.038404
	2	10	57.870544
	2	11	43.046486
	2	12	61.220913
	2	13	48.76474
	2	14	61.0
	2	15	84.693565
	2	16	71.02816
	2	17	18.681541
	2	18	64.53681
	2	19	80.43009
	2	20	14.142136
	2	21	106.02358
	2	22	84.89994
	2	23	112.44999
	2	24	75.66373
	2	25	8.062258
	2	26	39.20459
	2	27	42.72002
	2	28	68.622154
	2	29	101.24229
	2	30	72.8011
	2	31	18.248287
	2	32	75.272835
	2	33	24.698177
	2	34	56.568542
	2	35	87.72685
	2	36	1.0
	2	37	4.1231055
	2	38	111.83023
	2	39	69.856995
	2	40	70.5762
	2	41	59.008472
	2	42	102.59142
	2	43	50.0
	2	44	96.66437
	2	45	77.27872
	2	46	55.7853
	2	47	66.64833
	2	48	80.529495
	2	49	100.12492
	3	0	89.1852
	3	1	59.933296
	3	2	89.28606
	3	3	0.0
	3	4	87.70975
	3	5	48.8774
	3	6	10.29563
	3	7	55.0
	3	8	38.832977
	3	9	81.154175
	3	10	32.202484
	3	11	65.30697
	3	12	53.66563
	3	13	76.537575
	3	14	93.62158
	3	15	12.0415945
	3	16	96.25487
	3	17	81.22192
	3	18	44.418465
	3	19	34.713108
	3	20	83.25864
	3	21	23.259407
	3	22	4.472136
	3	23	54.230988
	3	24	64.53681
	3	25	87.66413
	3	26	51.078373
	3	27	75.9276
	3	28	46.872166
	3	29	14.21267
	3	30	74.404305
	3	31	71.168816
	3	32	15.033297
	3	33	74.793045
	3	34	34.0
	3	35	42.190044
	3	36	88.32327
	3	37	85.16454
	3	38	41.303753
	3	39	82.68011
	3	40	74.06078
	3	41	91.92388
	3	42	47.296936
	3	43	39.293766
	3	44	16.124516
	3	45	39.293766
	3	46	49.67897
	3	47	27.89265
	3	48	71.44928
	3	49	32.140316
	4	0	69.46222
	4	1	71.7844
	4	2	66.61081
	4	3	87.70975
	4	4	0.0
	4	5	98.79271
	4	6	82.661964
	4	7	81.939
	4	8	51.739735
	4	9	73.02739
	4	10	73.756355
	4	11	31.780497
	4	12	34.132095
	4	13	19.416489
	4	14	10.29563
	4	15	76.48529
	4	16	8.602325
	4	17	48.166378
	4	18	96.519424
	4	19	56.32051
	4	20	76.00658
	4	21	89.498604
	4	22	85.23497
	4	23	72.99315
	4	24	28.0
	4	25	73.171036
	4	26	68.8767
	4	27	25.179358
	4	28	41.231056
	4	29	91.416626
	4	30	17.117243
	4	31	63.63961
	4	32	74.330345
	4	33	79.9062
	4	34	74.65253
	4	35	55.326305
	4	36	66.48308
	4	37	65.192024
	4	38	82.006096
	4	39	7.28011
	4	40	16.0
	4	41	10.630146
	4	42	66.1211
	4	43	65.0
	4	44	83.1685
	4	45	104.35037
	4	46	91.787796
	4	47	61.03278
	4	48	25.96151
	4	49	74.672615
	5	0	61.846584
	5	1	33.12099
	5	2	63.600315
	5	3	48.8774
	5	4	98.79271
	5	5	0.0
	5	6	40.311287
	5	7	21.023796
	5	8	51.662365
	5	9	51.1957
	5	10	28.284271
	5	11	67.424034
	5	12	69.89278
	5	13	80.80223
	5	14	99.80982
	5	15	53.75872
	5	16	106.78015
	5	17	66.573265
	5	18	4.472136
	5	19	68.0294
	5	20	51.62364
	5	21	72.06941
	5	22	45.17743
	5	23	98.0612
	5	24	87.36132
	5	25	58.0517
	5	26	31.112698
	5	27	76.6942
	5	28	69.426216
	5	29	62.968246
	5	30	92.84934
	5	31	47.853943
	5	32	44.14748
	5	33	40.311287
	5	34	26.476404
	5	35	78.05767
	5	36	62.641838
	5	37	60.083275
	5	38	88.25531
	5	39	97.06184
	5	40	91.389275
	5	41	97.6166
	5	42	89.106674
	5	43	34.539833
	5	44	63.97656
	5	45	15.524175
	5	46	8.062258
	5	47	49.0408
	5	48	94.92102
	5	49	77.201035
	6	0	79.12016
	6	1	49.658836
	6	2	79.30952
	6	3	10.29563
	6	4	82.661964
	6	5	40.311287
	6	6	0.0
	6	7	44.82187
	6	8	31.780497
	6	9	70.93659
	6	10	21.931713
	6	11	57.870544
	6	12	48.60041
	6	13	69.856995
	6	14	87.70975
	6	15	14.035668
	6	16	91.26335
	6	17	72.00694
	6	18	35.846897
	6	19	34.0147
	6	20	73.00685
	6	21	32.202484
	6	22	5.8309517
	6	23	59.135437
	6	24	61.7171
	6	25	77.491936
	6	26	40.853397
	6	27	68.622154
	6	28	43.13931
	6	29	24.083189
	6	30	70.724815
	6	31	61.13101
	6	32	8.485281
	6	33	64.49806
	6	34	23.70654
	6	35	43.011627
	6	36	78.339005
	6	37	75.18643
	6	38	48.08326
	6	39	78.24321
	6	40	70.0928
	6	41	85.883644
	6	42	51.0392
	6	43	29.427877
	6	44	23.70654
	6	45	33.01515
	6	46	40.22437
	6	47	21.633308
	6	48	69.02898
	6	49	37.48333
	7	0	41.4367
	7	1	12.206555
	7	2	42.953465
	7	3	55.0
	7	4	81.939
	7	5	21.023796
	7	6	44.82187
	7	7	0.0
	7	8	41.4367
	7	9	31.06445
	7	10	24.207438
	7	11	50.159744
	7	12	57.14018
	7	13	63.06346
	7	14	81.63332
	7	15	55.31727
	7	16	89.44272
	7	17	45.80393
	7	18	21.587032
	7	19	62.625874
	7	20	32.01562
	7	21	76.36753
	7	22	50.606323
	7	23	95.34149
	7	24	75.16648
	7	25	38.052597
	7	26	13.341664
	7	27	58.30952
	7	28	59.211487
	7	29	68.88396
	7	30	78.64477
	7	31	26.832815
	7	32	44.687805
	7	33	21.377558
	7	34	22.022715
	7	35	72.42237
	7	36	41.976185
	7	37	39.293766
	7	38	88.752464
	7	39	81.27115
	7	40	76.902534
	7	41	79.40403
	7	42	85.61542
	7	43	23.769728
	7	44	67.20863
	7	45	34.36568
	7	46	13.0
	7	47	43.462627
	7	48	82.38932
	7	49	76.8505
	8	0	58.60034
	8	1	37.576588
	8	2	57.68882
	8	3	38.832977
	8	4	51.739735
	8	5	51.662365
	8	6	31.780497
	8	7	41.4367
	8	8	0.0
	8	9	53.75872
	8	10	23.769728
	8	11	26.476404
	8	12	18.867962
	8	13	38.078865
	8	14	56.0803
	8	15	30.016663
	8	16	60.307545
	8	17	45.221676
	8	18	48.38388
	8	19	23.43075
	8	20	56.63921
	8	21	49.729267
	8	22	35.44009
	8	23	56.61272
	8	24	35.735138
	8	25	58.796257
	8	26	29.410883
	8	27	37.107952
	8	28	18.027756
	8	29	47.095646
	8	30	42.190044
	8	31	41.725292
	8	32	24.04163
	8	33	52.478565
	8	34	25.298222
	8	35	32.24903
	8	36	56.859474
	8	37	53.823788
	8	38	54.20332
	8	39	48.166378
	8	40	41.04875
	8	41	54.20332
	8	42	46.615448
	8	43	18.0
	8	44	40.792156
	8	45	53.851646
	8	46	46.389652
	8	47	11.045361
	8	48	43.32436
	8	49	42.43819
	9	0	10.770329
	9	1	21.587032
	9	2	13.038404
	9	3	81.154175
	9	4	73.02739
	9	5	51.1957
	9	6	70.93659
	9	7	31.06445
	9	8	53.75872
	9	9	0.0
	9	10	49.0408
	9	11	45.35416
	9	12	61.269894
	9	13	54.037025
	9	14	68.88396
	9	15	78.03204
	9	16	78.51752
	9	17	25.70992
	9	18	52.46904
	9	19	77.155685
	9	20	3.1622777
	9	21	99.64437
	9	22	76.6942
	9	23	110.11358
	9	24	77.491936
	9	25	7.0
	9	26	30.083218
	9	27	48.010414
	9	28	67.41662
	9	29	93.914856
	9	30	76.48529
	9	31	12.206555
	9	32	68.0
	9	33	11.661903
	9	34	47.434166
	9	35	85.42833
	9	36	12.206555
	9	37	10.630146
	9	38	107.62899
	9	39	75.16648
	9	40	74.330345
	9	41	66.75328
	9	42	100.12492
	9	43	42.544094
	9	44	90.21086
	9	45	65.37584
	9	46	43.56604
	9	47	61.220913
	9	48	83.240616
	9	49	95.67131
	10	0	57.48913
	10	1	27.730848
	10	2	57.870544
	10	3	32.202484
	10	4	73.756355
	10	5	28.284271
	10	6	21.931713
	10	7	24.207438
	10	8	23.769728
	10	9	49.0408
	10	10	0.0
	10	11	44.20407
	10	12	42.48529
	10	13	57.48913
	10	14	76.48529
	10	15	31.144823
	10	16	82.13403
	10	17	52.611786
	10	18	24.738634
	10	19	40.4475
	10	20	51.078373
	10	21	52.40229
	10	22	27.730848
	10	23	72.11102
	10	24	59.464275
	10	25	55.65968
	10	26	18.973665
	10	27	54.644306
	10	28	41.231056
	10	29	45.486263
	10	30	65.76473
	10	31	39.623226
	10	32	20.518284
	10	33	42.72002
	10	34	2.236068
	10	35	50.48762
	10	36	56.88585
	10	37	53.75872
	10	38	64.66065
	10	39	71.02816
	10	40	64.49806
	10	41	74.41102
	10	42	62.641838
	10	43	9.848858
	10	44	43.13931
	10	45	30.610456
	10	46	24.186773
	10	47	21.095022
	10	48	67.06713
	10	49	52.83938
	11	0	45.17743
	11	1	40.261642
	11	2	43.046486
	11	3	65.30697
	11	4	31.780497
	11	5	67.424034
	11	6	57.870544
	11	7	50.159744
	11	8	26.476404
	11	9	45.35416
	11	10	44.20407
	11	11	0.0
	11	12	19.416489
	11	13	13.453624
	11	14	32.55764
	11	15	56.142673
	11	16	39.446167
	11	17	25.495098
	11	18	65.43699
	11	19	43.011627
	11	20	48.507732
	11	21	74.431175
	11	22	61.846584
	11	23	71.84706
	11	24	32.649654
	11	25	47.539455
	11	26	37.12142
	11	27	10.770329
	11	28	28.178005
	11	29	73.02739
	11	30	31.257
	11	31	34.234486
	11	32	50.447994
	11	33	50.01
	11	34	44.687805
	11	35	47.88528
	11	36	42.544094
	11	37	40.24922
	11	38	74.46476
	11	39	31.575306
	11	40	29.15476
	11	41	30.413813
	11	42	62.433964
	11	43	34.713108
	11	44	66.068146
	11	45	74.27651
	11	46	60.207973
	11	47	37.48333
	11	48	37.94733
	11	49	63.89053
	12	0	63.007935
	12	1	50.358715
	12	2	61.220913
	12	3	53.66563
	12	4	34.132095
	12	5	69.89278
	12	6	48.60041
	12	7	57.14018
	12	8	18.867962
	12	9	61.269894
	12	10	42.48529
	12	11	19.416489
	12	12	0.0
	12	13	25.019993
	12	14	40.16217
	12	15	42.72002
	12	16	42.72002
	12	17	44.598206
	12	18	66.85058
	12	19	25.079872
	12	20	64.40497
	12	21	58.077534
	12	22	51.10773
	12	23	52.43091
	12	24	18.027756
	12	25	64.66065
	12	26	44.011364
	12	27	26.925823
	12	28	9.219544
	12	29	58.463665
	12	30	23.323807
	12	31	49.24429
	12	32	40.22437
	12	33	63.324562
	12	34	43.863426
	12	35	28.635643
	12	36	60.60528
	12	37	58.00862
	12	38	55.65968
	12	39	29.732138
	12	40	22.203604
	12	41	38.600517
	12	42	43.046486
	12	43	35.44009
	12	44	50.635956
	12	45	72.718636
	12	46	64.03124
	12	47	27.018513
	12	48	25.317978
	12	49	45.705578
	13	0	51.41984
	13	1	52.554733
	13	2	48.76474
	13	3	76.537575
	13	4	19.416489
	13	5	80.80223
	13	6	69.856995
	13	7	63.06346
	13	8	38.078865
	13	9	54.037025
	13	10	57.48913
	13	11	13.453624
	13	12	25.019993
	13	13	0.0
	13	14	19.104973
	13	15	66.4906
	13	16	26.400757
	13	17	30.083218
	13	18	78.873314
	13	19	50.08992
	13	20	57.07889
	13	21	83.02409
	13	22	73.38937
	13	23	74.73286
	13	24	30.610456
	13	25	54.74486
	13	26	50.24938
	13	27	6.0827627
	13	28	34.132095
	13	29	82.8734
	13	30	24.698177
	13	31	44.28318
	13	32	62.03225
	13	33	60.530983
	13	34	58.0517
	13	35	52.63079
	13	36	48.507732
	13	37	46.872166
	13	38	80.04999
	13	39	21.213203
	13	40	22.472204
	13	41	16.970562
	13	42	66.12866
	13	43	48.104053
	13	44	75.32596
	13	45	87.69264
	13	46	73.4983
	13	47	48.703182
	13	48	33.42155
	13	49	70.5762
	14	0	64.00781
	14	1	70.66116
	14	2	61.0
	14	3	93.62158
	14	4	10.29563
	14	5	99.80982
	14	6	87.70975
	14	7	81.63332
	14	8	56.0803
	14	9	68.88396
	14	10	76.48529
	14	11	32.55764
	14	12	40.16217
	14	13	19.104973
	14	14	0.0
	14	15	82.8734
	14	16	10.198039
	14	17	43.289722
	14	18	97.94897
	14	19	63.953106
	14	20	71.70077
	14	21	97.3242
	14	22	90.80198
	14	23	82.764725
	14	24	37.336308
	14	25	68.117546
	14	26	69.065186
	14	27	23.323807
	14	28	48.270073
	14	29	98.49365
	14	30	26.925823
	14	31	60.728905
	14	32	79.60528
	14	33	76.922035
	14	34	77.10383
	14	35	64.00781
	14	36	61.008198
	14	37	60.133186
	14	38	91.08787
	14	39	17.464249
	14	40	25.495098
	14	41	2.236068
	14	42	75.53807
	14	43	67.17886
	14	44	90.47099
	14	45	106.77547
	14	46	92.417534
	14	47	66.189125
	14	48	36.05551
	14	49	83.15047
	15	0	85.0
	15	1	57.801384
	15	2	84.693565
	15	3	12.0415945
	15	4	76.48529
	15	5	53.75872
	15	6	14.035668
	15	7	55.31727
	15	8	30.016663
	15	9	78.03204
	15	10	31.144823
	15	11	56.142673
	15	12	42.72002
	15	13	66.4906
	15	14	82.8734
	15	15	0.0
	15	16	84.97058
	15	17	74.52516
	15	18	49.335587
	15	19	22.671568
	15	20	80.454956
	15	21	21.633308
	15	22	11.7046995
	15	23	45.099888
	15	24	52.63079
	15	25	84.118965
	15	26	48.60041
	15	27	66.48308
	15	28	35.35534
	15	29	17.117243
	15	30	62.681736
	15	31	67.08204
	15	32	10.630146
	15	33	73.24616
	15	34	33.30165
	15	35	30.413813
	15	36	83.773506
	15	37	80.622574
	15	38	34.539833
	15	39	71.19691
	15	40	62.433964
	15	41	81.27115
	15	42	37.12142
	15	43	35.510563
	15	44	12.206555
	15	45	47.042534
	15	46	52.773098
	15	47	19.104973
	15	48	59.464275
	15	49	23.537205
	16	0	74.00676
	16	1	78.92401
	16	2	71.02816
	16	3	96.25487
	16	4	8.602325
	16	5	106.78015
	16	6	91.26335
	16	7	89.44272
	16	8	60.307545
	16	9	78.51752
	16	10	82.13403
	16	11	39.446167
	16	12	42.72002
	16	13	26.400757
	16	14	10.198039
	16	15	84.97058
	16	16	0.0
	16	17	53.08484
	16	18	104.62313
	16	19	64.513565
	16	20	81.394104
	16	21	97.52948
	16	22	93.813644
	16	23	79.30952
	16	24	35.35534
	16	25	78.025635
	16	26	76.537575
	16	27	31.622776
	16	28	49.658836
	16	29	99.724625
	16	30	24.186773
	16	31	69.856995
	16	32	82.92768
	16	33	86.12201
	16	34	82.9759
	16	35	62.968246
	16	36	71.00704
	16	37	70.028564
	16	38	89.20202
	16	39	14.3178215
	16	40	23.537205
	16	41	12.0415945
	16	42	73.00685
	16	43	73.24616
	16	44	91.416626
	16	45	112.698715
	16	46	99.64437
	16	47	69.63476
	16	48	32.06244
	16	49	82.37718
	17	0	21.377558
	17	1	33.600594
	17	2	18.681541
	17	3	81.22192
	17	4	48.166378
	17	5	66.573265
	17	6	72.00694
	17	7	45.80393
	17	8	45.221676
	17	9	25.70992
	17	10	52.611786
	17	11	25.495098
	17	12	44.598206
	17	13	30.083218
	17	14	43.289722
	17	15	74.52516
	17	16	53.08484
	17	17	0.0
	17	18	66.24198
	17	19	66.24198
	17	20	28.442924
	17	21	94.92102
	17	22	77.10383
	17	23	96.82975
	17	24	57.68882
	17	25	25.019993
	17	26	36.769554
	17	27	24.04163
	17	28	52.801514
	17	29	91.591484
	17	30	54.230988
	17	31	19.849434
	17	32	66.37017
	17	33	34.88553
	17	34	51.971146
	17	35	72.42237
	17	36	18.439089
	17	37	17.029387
	17	38	98.005104
	17	39	51.1957
	17	40	52.0
	17	41	41.19466
	17	42	87.20092
	17	43	43.185646
	17	44	85.86617
	17	45	77.87811
	17	46	58.5235
	17	47	55.542778
	17	48	62.177166
	17	49	86.764046
	18	0	62.968246
	18	1	33.24154
	18	2	64.53681
	18	3	44.418465
	18	4	96.519424
	18	5	4.472136
	18	6	35.846897
	18	7	21.587032
	18	8	48.38388
	18	9	52.46904
	18	10	24.738634
	18	11	65.43699
	18	12	66.85058
	18	13	78.873314
	18	14	97.94897
	18	15	49.335587
	18	16	104.62313
	18	17	66.24198
	18	18	0.0
	18	19	64.0
	18	20	53.15073
	18	21	67.601776
	18	22	40.706264
	18	23	93.74433
	18	24	84.118965
	18	25	59.413803
	18	26	30.0
	18	27	75.00667
	18	28	65.96969
	18	29	58.5235
	18	30	89.961105
	18	31	48.104053
	18	32	39.812057
	18	33	42.0119
	18	34	23.086792
	18	35	74.00676
	18	36	63.560993
	18	37	60.876926
	18	38	83.81527
	18	39	94.51455
	18	40	88.56636
	18	41	95.77578
	18	42	84.85281
	18	43	31.764761
	18	44	59.5063
	18	45	13.0
	18	46	9.0
	18	47	45.17743
	18	48	91.706055
	18	49	72.8011
	19	0	81.565926
	19	1	60.53924
	19	2	80.43009
	19	3	34.713108
	19	4	56.32051
	19	5	68.0294
	19	6	34.0147
	19	7	62.625874
	19	8	23.43075
	19	9	77.155685
	19	10	40.4475
	19	11	43.011627
	19	12	25.079872
	19	13	50.08992
	19	14	63.953106
	19	15	22.671568
	19	16	64.513565
	19	17	66.24198
	19	18	64.0
	19	19	0.0
	19	20	80.05623
	19	21	33.37664
	19	22	33.83785
	19	23	33.286633
	19	24	30.528675
	19	25	82.036575
	19	26	51.884487
	19	27	51.78803
	19	28	16.0
	19	29	35.341194
	19	30	41.14608
	19	31	65.06919
	19	32	26.24881
	19	33	75.716576
	19	34	42.579338
	19	35	10.049875
	19	36	79.64923
	19	37	76.6942
	19	38	31.764761
	19	39	50.32892
	19	40	41.231056
	19	41	62.649822
	19	42	23.323807
	19	43	39.0
	19	44	26.925823
	19	45	65.30697
	19	46	64.629715
	19	47	19.416489
	19	48	37.01351
	19	49	20.880613
	20	0	11.401754
	20	1	23.409399
	20	2	14.142136
	20	3	83.25864
	20	4	76.00658
	20	5	51.62364
	20	6	73.00685
	20	7	32.01562
	20	8	56.63921
	20	9	3.1622777
	20	10	51.078373
	20	11	48.507732
	20	12	64.40497
	20	13	57.07889
	20	14	71.70077
	20	15	80.454956
	20	16	81.394104
	20	17	28.442924
	20	18	53.15073
	20	19	80.05623
	20	20	0.0
	20	21	102.0833
	20	22	78.79086
	20	23	113.07078
	20	24	80.65358
	20	25	6.708204
	20	26	32.202484
	20	27	51.0392
	20	28	70.491135
	20	29	96.17692
	20	30	79.624115
	20	31	15.264338
	20	32	70.327805
	20	33	11.401754
	20	34	49.396355
	20	35	88.40814
	20	36	13.453624
	20	37	12.529964
	20	38	110.39022
	20	39	78.23043
	20	40	77.46612
	20	41	69.58448
	20	42	103.077644
	20	43	44.94441
	20	44	92.64988
	20	45	66.1211
	20	46	44.181442
	20	47	63.89053
	20	48	86.40023
	20	49	98.4124
	21	0	106.437775
	21	1	79.40403
	21	2	106.02358
	21	3	23.259407
	21	4	89.498604
	21	5	72.06941
	21	6	32.202484
	21	7	76.36753
	21	8	49.729267
	21	9	99.64437
	21	10	52.40229
	21	11	74.431175
	21	12	58.077534
	21	13	83.02409
	21	14	97.3242
	21	15	21.633308
	21	16	97.52948
	21	17	94.92102
	21	18	67.601776
	21	19	33.37664
	21	20	102.0833
	21	21	0.0
	21	22	26.925823
	21	23	36.249138
	21	24	62.625874
	21	25	105.67876
	21	26	70.21396
	21	27	84.095184
	21	28	49.25444
	21	29	10.049875
	21	30	73.68175
	21	31	88.588936
	21	32	32.01562
	21	33	94.81033
	21	34	54.48853
	21	35	35.341194
	21	36	105.11898
	21	37	101.98039
	21	38	20.615528
	21	39	83.240616
	21	40	74.04053
	21	41	96.02604
	21	42	32.649654
	21	43	57.14018
	21	44	9.433981
	21	45	62.297672
	21	46	72.42237
	21	47	39.56008
	21	48	68.0294
	21	49	17.029387
	22	0	84.77028
	22	1	55.461697
	22	2	84.89994
	22	3	4.472136
	22	4	85.23497
	22	5	45.17743
	22	6	5.8309517
	22	7	50.606323
	22	8	35.44009
	22	9	76.6942
	22	10	27.730848
	22	11	61.846584
	22	12	51.10773
	22	13	73.38937
	22	14	90.80198
	22	15	11.7046995
	22	16	93.813644
	22	17	77.10383
	22	18	40.706264
	22	19	33.83785
	22	20	78.79086
	22	21	26.925823
	22	22	0.0
	22	23	56.008926
	22	24	62.936478
	22	25	83.21658
	22	26	46.615448
	22	27	72.53275
	22	28	44.82187
	22	29	18.384777
	22	30	72.47068
	22	31	66.760765
	22	32	11.401754
	22	33	70.327805
	22	34	29.529646
	22	35	42.047592
	22	36	83.9345
	22	37	80.77747
	22	38	43.931767
	22	39	80.44874
	22	40	72.00694
	22	41	89.050545
	22	42	48.507732
	22	43	34.928497
	22	44	18.973665
	22	45	36.496574
	22	46	45.607018
	22	47	24.698177
	22	48	70.035706
	22	49	34.0147
	23	0	113.84639
	23	1	93.813644
	23	2	112.44999
	23	3	54.230988
	23	4	72.99315
	23	5	98.0612
	23	6	59.135437
	23	7	95.34149
	23	8	56.61272
	23	9	110.11358
	23	10	72.11102
	23	11	71.84706
	23	12	52.43091
	23	13	74.73286
	23	14	82.764725
	23	15	45.099888
	23	16	79.30952
	23	17	96.82975
	23	18	93.74433
	23	19	33.286633
	23	20	113.07078
	23	21	36.249138
	23	22	56.008926
	23	23	0.0
	23	24	45.607018
	23	25	114.69089
	23	26	85.08819
	23	27	78.29432
	23	28	44.04543
	23	29	45.221676
	23	30	55.9017
	23	31	97.94897
	23	32	53.935146
	23	33	109.0
	23	34	74.330345
	23	35	24.758837
	23	36	111.73182
	23	37	108.89445
	23	38	16.40122
	23	39	65.76473
	23	40	57.271286
	23	41	82.2253
	23	42	10.0
	23	43	72.00694
	23	44	38.63936
	23	45	92.13577
	23	46	95.880135
	23	47	51.894123
	23	48	47.26521
	23	49	22.090721
	24	0	77.82673
	24	1	68.18358
	24	2	75.66373
	24	3	64.53681
	24	4	28.0
	24	5	87.36132
	24	6	61.7171
	24	7	75.16648
	24	8	35.735138
	24	9	77.491936
	24	10	59.464275
	24	11	32.649654
	24	12	18.027756
	24	13	30.610456
	24	14	37.336308
	24	15	52.63079
	24	16	35.35534
	24	17	57.68882
	24	18	84.118965
	24	19	30.528675
	24	20	80.65358
	24	21	62.625874
	24	22	62.936478
	24	23	45.607018
	24	24	0.0
	24	25	80.11242
	24	26	62.03225
	24	27	35.35534
	24	28	18.867962
	24	29	65.76473
	24	30	11.18034
	24	31	65.802734
	24	32	53.263496
	24	33	80.60397
	24	34	61.03278
	24	35	27.658634
	24	36	75.17979
	24	37	72.89719
	24	38	54.00926
	24	39	21.095022
	24	40	12.0
	24	41	36.67424
	24	42	38.209946
	24	43	53.15073
	24	44	57.245087
	24	45	89.0
	24	46	81.78631
	24	47	41.340054
	24	48	7.615773
	24	49	47.07441
	25	0	5.0
	25	1	28.442924
	25	2	8.062258
	25	3	87.66413
	25	4	73.171036
	25	5	58.0517
	25	6	77.491936
	25	7	38.052597
	25	8	58.796257
	25	9	7.0
	25	10	55.65968
	25	11	47.539455
	25	12	64.66065
	25	13	54.74486
	25	14	68.117546
	25	15	84.118965
	25	16	78.025635
	25	17	25.019993
	25	18	59.413803
	25	19	82.036575
	25	20	6.708204
	25	21	105.67876
	25	22	83.21658
	25	23	114.69089
	25	24	80.11242
	25	25	0.0
	25	26	36.687874
	25	27	48.6621
	25	28	71.40028
	25	29	100.22475
	25	30	78.160095
	25	31	17.20465
	25	32	74.24958
	25	33	18.027756
	25	34	54.120235
	25	35	89.938866
	25	36	7.615773
	25	37	8.0
	25	38	112.929184
	25	39	75.95393
	25	40	75.96052
	25	41	66.068146
	25	42	104.73777
	25	43	48.754486
	25	44	96.25487
	25	45	72.33948
	25	46	50.48762
	25	47	66.85058
	25	48	85.44004
	25	49	101.04455
	26	0	38.63936
	26	1	9.219544
	26	2	39.20459
	26	3	51.078373
	26	4	68.8767
	26	5	31.112698
	26	6	40.853397
	26	7	13.341664
	26	8	29.410883
	26	9	30.083218
	26	10	18.973665
	26	11	37.12142
	26	12	44.011364
	26	13	50.24938
	26	14	69.065186
	26	15	48.60041
	26	16	76.537575
	26	17	36.769554
	26	18	30.0
	26	19	51.884487
	26	20	32.202484
	26	21	70.21396
	26	22	46.615448
	26	23	85.08819
	26	24	62.03225
	26	25	36.687874
	26	26	0.0
	26	27	45.80393
	26	28	46.69047
	26	29	64.00781
	26	30	65.30697
	26	31	21.023796
	26	32	38.27532
	26	33	24.758837
	26	34	17.464249
	26	35	61.326992
	26	36	38.209946
	26	37	35.128338
	26	38	80.1561
	26	39	68.007355
	26	40	63.560993
	26	41	66.85058
	26	42	75.17979
	26	43	13.453624
	26	44	60.80296
	26	45	41.14608
	26	46	23.43075
	26	47	33.600594
	26	48	69.18092
	26	49	68.117546
	27	0	45.35416
	27	1	47.423622
	27	2	42.72002
	27	3	75.9276
	27	4	25.179358
	27	5	76.6942
	27	6	68.622154
	27	7	58.30952
	27	8	37.107952
	27	9	48.010414
	27	10	54.644306
	27	11	10.770329
	27	12	26.925823
	27	13	6.0827627
	27	14	23.323807
	27	15	66.48308
	27	16	31.622776
	27	17	24.04163
	27	18	75.00667
	27	19	51.78803
	27	20	51.0392
	27	21	84.095184
	27	22	72.53275
	27	23	78.29432
	27	24	35.35534
	27	25	48.6621
	27	26	45.80393
	27	27	0.0
	27	28	36.138622
	27	29	83.21658
	27	30	30.413813
	27	31	38.470768
	27	32	61.13101
	27	33	54.74486
	27	34	55.0
	27	35	55.362442
	27	36	42.44997
	27	37	40.792156
	27	38	82.565125
	27	39	27.294687
	27	40	28.178005
	27	41	21.095022
	27	42	69.354164
	27	43	45.0
	27	44	76.00658
	27	45	84.38602
	27	46	69.2026
	27	47	48.052055
	27	48	38.832977
	27	49	72.56721
	28	0	70.178345
	28	1	54.120235
	28	2	68.622154
	28	3	46.872166
	28	4	41.231056
	28	5	69.426216
	28	6	43.13931
	28	7	59.211487
	28	8	18.027756
	28	9	67.41662
	28	10	41.231056
	28	11	28.178005
	28	12	9.219544
	28	13	34.132095
	28	14	48.270073
	28	15	35.35534
	28	16	49.658836
	28	17	52.801514
	28	18	65.96969
	28	19	16.0
	28	20	70.491135
	28	21	49.25444
	28	22	44.82187
	28	23	44.04543
	28	24	18.867962
	28	25	71.40028
	28	26	46.69047
	28	27	36.138622
	28	28	0.0
	28	29	50.289165
	28	30	27.658634
	28	31	55.226807
	28	32	34.655445
	28	33	68.154236
	28	34	42.953465
	28	35	19.723083
	28	36	67.941154
	28	37	65.192024
	28	38	46.486557
	28	39	35.846897
	28	40	27.202942
	28	41	46.872166
	28	42	34.4093
	28	43	36.013885
	28	44	42.201897
	28	45	70.26379
	28	46	64.381676
	28	47	22.472204
	28	48	26.41969
	28	49	36.496574
	29	0	101.390335
	29	1	73.061615
	29	2	101.24229
	29	3	14.21267
	29	4	91.416626
	29	5	62.968246
	29	6	24.083189
	29	7	68.88396
	29	8	47.095646
	29	9	93.914856
	29	10	45.486263
	29	11	73.02739
	29	12	58.463665
	29	13	82.8734
	29	14	98.49365
	29	15	17.117243
	29	16	99.724625
	29	17	91.591484
	29	18	58.5235
	29	19	35.341194
	29	20	96.17692
	29	21	10.049875
	29	22	18.384777
	29	23	45.221676
	29	24	65.76473
	29	25	100.22475
	29	26	64.00781
	29	27	83.21658
	29	28	50.289165
	29	29	0.0
	29	30	76.48529
	29	31	83.38465
	29	32	26.0
	29	33	88.20431
	29	34	47.434166
	29	35	39.824615
	29	36	100.304535
	29	37	97.144226
	29	38	30.265491
	29	39	85.61542
	29	40	76.55717
	29	41	97.015465
	29	42	40.311287
	29	43	51.47815
	29	44	8.602325
	29	45	52.554733
	29	46	63.89053
	29	47	36.221542
	29	48	71.867935
	29	49	24.186773
	30	0	75.272835
	30	1	70.256676
	30	2	72.8011
	30	3	74.404305
	30	4	17.117243
	30	5	92.84934
	30	6	70.724815
	30	7	78.64477
	30	8	42.190044
	30	9	76.48529
	30	10	65.76473
	30	11	31.257
	30	12	23.323807
	30	13	24.698177
	30	14	26.925823
	30	15	62.681736
	30	16	24.186773
	30	17	54.230988
	30	18	89.961105
	30	19	41.14608
	30	20	79.624115
	30	21	73.68175
	30	22	72.47068
	30	23	55.9017
	30	24	11.18034
	30	25	78.160095
	30	26	65.30697
	30	27	30.413813
	30	28	27.658634
	30	29	76.48529
	30	30	0.0
	30	31	65.490456
	30	32	62.241467
	30	33	81.154175
	30	34	67.08204
	30	35	38.832977
	30	36	72.44998
	30	37	70.5195
	30	38	65.06919
	30	39	10.0
	30	40	2.236068
	30	41	26.57066
	30	42	49.0408
	30	43	58.30952
	30	44	68.0294
	30	45	96.04166
	30	46	86.64872
	30	47	49.57822
	30	48	9.433981
	30	49	58.249462
	31	0	18.027756
	31	1	14.866069
	31	2	18.248287
	31	3	71.168816
	31	4	63.63961
	31	5	47.853943
	31	6	61.13101
	31	7	26.832815
	31	8	41.725292
	31	9	12.206555
	31	10	39.623226
	31	11	34.234486
	31	12	49.24429
	31	13	44.28318
	31	14	60.728905
	31	15	67.08204
	31	16	69.856995
	31	17	19.849434
	31	18	48.104053
	31	19	65.06919
	31	20	15.264338
	31	21	88.588936
	31	22	66.760765
	31	23	97.94897
	31	24	65.802734
	31	25	17.20465
	31	26	21.023796
	31	27	38.470768
	31	28	55.226807
	31	29	83.38465
	31	30	65.490456
	31	31	0.0
	31	32	57.384666
	31	33	16.27882
	31	34	38.327538
	31	35	73.24616
	31	36	17.262676
	31	37	14.142136
	31	38	95.77578
	31	39	65.03076
	31	40	63.387695
	31	41	58.5235
	31	42	87.965904
	31	43	31.95309
	31	44	79.17702
	31	45	60.440052
	31	46	39.812057
	31	47	49.648766
	31	48	71.80529
	31	49	83.86894
	32	0	75.39231
	32	1	47.434166
	32	2	75.272835
	32	3	15.033297
	32	4	74.330345
	32	5	44.14748
	32	6	8.485281
	32	7	44.687805
	32	8	24.04163
	32	9	68.0
	32	10	20.518284
	32	11	50.447994
	32	12	40.22437
	32	13	62.03225
	32	14	79.60528
	32	15	10.630146
	32	16	82.92768
	32	17	66.37017
	32	18	39.812057
	32	19	26.24881
	32	20	70.327805
	32	21	32.01562
	32	22	11.401754
	32	23	53.935146
	32	24	53.263496
	32	25	74.24958
	32	26	38.27532
	32	27	61.13101
	32	28	34.655445
	32	29	26.0
	32	30	62.241467
	32	31	57.384666
	32	32	0.0
	32	33	62.801273
	32	34	22.671568
	32	35	35.69314
	32	36	74.330345
	32	37	71.168816
	32	38	44.72136
	32	39	69.81404
	32	40	61.6198
	32	41	77.820305
	32	42	45.17743
	32	43	25.495098
	32	44	22.671568
	32	45	39.319206
	32	46	42.544094
	32	47	13.416408
	32	48	60.60528
	32	49	33.24154
	33	0	22.36068
	33	1	15.556349
	33	2	24.698177
	33	3	74.793045
	33	4	79.9062
	33	5	40.311287
	33	6	64.49806
	33	7	21.377558
	33	8	52.478565
	33	9	11.661903
	33	10	42.72002
	33	11	50.01
	33	12	63.324562
	33	13	60.530983
	33	14	76.922035
	33	15	73.24616
	33	16	86.12201
	33	17	34.88553
	33	18	42.0119
	33	19	75.716576
	33	20	11.401754
	33	21	94.81033
	33	22	70.327805
	33	23	109.0
	33	24	80.60397
	33	25	18.027756
	33	26	24.758837
	33	27	54.74486
	33	28	68.154236
	33	29	88.20431
	33	30	81.154175
	33	31	16.27882
	33	32	62.801273
	33	33	0.0
	33	34	40.81666
	33	35	84.723076
	33	36	23.853722
	33	37	22.022715
	33	38	104.80458
	33	39	81.154175
	33	40	79.101204
	33	41	74.726166
	33	42	99.0202
	33	43	38.183765
	33	44	85.42833
	33	45	55.00909
	33	46	33.01515
	33	47	58.137768
	33	48	86.977005
	33	49	92.76314
	34	0	56.089214
	34	1	26.0
	34	2	56.568542
	34	3	34.0
	34	4	74.65253
	34	5	26.476404
	34	6	23.70654
	34	7	22.022715
	34	8	25.298222
	34	9	47.434166
	34	10	2.236068
	34	11	44.687805
	34	12	43.863426
	34	13	58.0517
	34	14	77.10383
	34	15	33.30165
	34	16	82.9759
	34	17	51.971146
	34	18	23.086792
	34	19	42.579338
	34	20	49.396355
	34	21	54.48853
	34	22	29.529646
	34	23	74.330345
	34	24	61.03278
	34	25	54.120235
	34	26	17.464249
	34	27	55.0
	34	28	42.953465
	34	29	47.434166
	34	30	67.08204
	34	31	38.327538
	34	32	22.671568
	34	33	40.81666
	34	34	0.0
	34	35	52.611786
	34	36	55.578773
	34	37	52.46904
	34	38	66.88796
	34	39	72.11102
	34	40	65.76473
	34	41	75.00667
	34	42	64.84597
	34	43	10.0
	34	44	45.254833
	34	45	29.732138
	34	46	22.090721
	34	47	23.194826
	34	48	68.622154
	34	49	55.072678
	35	0	89.09545
	35	1	69.77106
	35	2	87.72685
	35	3	42.190044
	35	4	55.326305
	35	5	78.05767
	35	6	43.011627
	35	7	72.42237
	35	8	32.24903
	35	9	85.42833
	35	10	50.48762
	35	11	47.88528
	35	12	28.635643
	35	13	52.63079
	35	14	64.00781
	35	15	30.413813
	35	16	62.968246
	35	17	72.42237
	35	18	74.00676
	35	19	10.049875
	35	20	88.40814
	35	21	35.341194
	35	22	42.047592
	35	23	24.758837
	35	24	27.658634
	35	25	89.938866
	35	26	61.326992
	35	27	55.362442
	35	28	19.723083
	35	29	39.824615
	35	30	38.832977
	35	31	73.24616
	35	32	35.69314
	35	33	84.723076
	35	34	52.611786
	35	35	0.0
	35	36	87.0
	35	37	84.14868
	35	38	27.45906
	35	39	48.6621
	35	40	39.45884
	35	41	63.007935
	35	42	14.866069
	35	43	48.703182
	35	44	31.241
	35	45	74.96666
	35	46	74.672615
	35	47	29.427877
	35	48	32.695564
	35	49	19.416489
	36	0	3.0
	36	1	31.06445
	36	2	1.0
	36	3	88.32327
	36	4	66.48308
	36	5	62.641838
	36	6	78.339005
	36	7	41.976185
	36	8	56.859474
	36	9	12.206555
	36	10	56.88585
	36	11	42.544094
	36	12	60.60528
	36	13	48.507732
	36	14	61.008198
	36	15	83.773506
	36	16	71.00704
	36	17	18.439089
	36	18	63.560993
	36	19	79.64923
	36	20	13.453624
	36	21	105.11898
	36	22	83.9345
	36	23	111.73182
	36	24	75.17979
	36	25	7.615773
	36	26	38.209946
	36	27	42.44997
	36	28	67.941154
	36	29	100.304535
	36	30	72.44998
	36	31	17.262676
	36	32	74.330345
	36	33	23.853722
	36	34	55.578773
	36	35	87.0
	36	36	0.0
	36	37	3.1622777
	36	38	111.01801
	36	39	69.63476
	36	40	70.2282
	36	41	59.0
	36	42	101.862656
	36	43	49.0408
	36	44	95.7549
	36	45	76.29548
	36	46	54.81788
	36	47	65.76473
	36	48	80.11242
	36	49	99.29753
	37	0	5.0
	37	1	28.160255
	37	2	4.1231055
	37	3	85.16454
	37	4	65.192024
	37	5	60.083275
	37	6	75.18643
	37	7	39.293766
	37	8	53.823788
	37	9	10.630146
	37	10	53.75872
	37	11	40.24922
	37	12	58.00862
	37	13	46.872166
	37	14	60.133186
	37	15	80.622574
	37	16	70.028564
	37	17	17.029387
	37	18	60.876926
	37	19	76.6942
	37	20	12.529964
	37	21	101.98039
	37	22	80.77747
	37	23	108.89445
	37	24	72.89719
	37	25	8.0
	37	26	35.128338
	37	27	40.792156
	37	28	65.192024
	37	29	97.144226
	37	30	70.5195
	37	31	14.142136
	37	32	71.168816
	37	33	22.022715
	37	34	52.46904
	37	35	84.14868
	37	36	3.1622777
	37	37	0.0
	37	38	108.00463
	37	39	68.06615
	37	40	68.30813
	37	41	58.077534
	37	42	99.00505
	37	43	45.88028
	37	44	92.61209
	37	45	73.545906
	37	46	52.201534
	37	47	62.649822
	37	48	78.0
	37	49	96.26006
	38	0	112.80071
	38	1	89.27486
	38	2	111.83023
	38	3	41.303753
	38	4	82.006096
	38	5	88.25531
	38	6	48.08326
	38	7	88.752464
	38	8	54.20332
	38	9	107.62899
	38	10	64.66065
	38	11	74.46476
	38	12	55.65968
	38	13	80.04999
	38	14	91.08787
	38	15	34.539833
	38	16	89.20202
	38	17	98.005104
	38	18	83.81527
	38	19	31.764761
	38	20	110.39022
	38	21	20.615528
	38	22	43.931767
	38	23	16.40122
	38	24	54.00926
	38	25	112.929184
	38	26	80.1561
	38	27	82.565125
	38	28	46.486557
	38	29	30.265491
	38	30	65.06919
	38	31	95.77578
	38	32	44.72136
	38	33	104.80458
	38	34	66.88796
	38	35	27.45906
	38	36	111.01801
	38	37	108.00463
	38	38	0.0
	38	39	75.059975
	38	40	66.007576
	38	41	90.199776
	38	42	16.763054
	38	43	66.70832
	38	44	25.179358
	38	45	80.411446
	38	46	87.23531
	38	47	46.69047
	38	48	57.558666
	38	49	12.0415945
	39	0	72.56721
	39	1	71.80529
	39	2	69.856995
	39	3	82.68011
	39	4	7.28011
	39	5	97.06184
	39	6	78.24321
	39	7	81.27115
	39	8	48.166378
	39	9	75.16648
	39	10	71.02816
	39	11	31.575306
	39	12	29.732138
	39	13	21.213203
	39	14	17.464249
	39	15	71.19691
	39	16	14.3178215
	39	17	51.1957
	39	18	94.51455
	39	19	50.32892
	39	20	78.23043
	39	21	83.240616
	39	22	80.44874
	39	23	65.76473
	39	24	21.095022
	39	25	75.95393
	39	26	68.007355
	39	27	27.294687
	39	28	35.846897
	39	29	85.61542
	39	30	10.0
	39	31	65.03076
	39	32	69.81404
	39	33	81.154175
	39	34	72.11102
	39	35	48.6621
	39	36	69.63476
	39	37	68.06615
	39	38	75.059975
	39	39	0.0
	39	40	9.219544
	39	41	17.492855
	39	42	59.03389
	39	43	62.76942
	39	44	77.25283
	39	45	101.607086
	39	46	90.37699
	39	47	56.727417
	39	48	18.681541
	39	49	68.06615
	40	0	73.05477
	40	1	68.359344
	40	2	70.5762
	40	3	74.06078
	40	4	16.0
	40	5	91.389275
	40	6	70.0928
	40	7	76.902534
	40	8	41.04875
	40	9	74.330345
	40	10	64.49806
	40	11	29.15476
	40	12	22.203604
	40	13	22.472204
	40	14	25.495098
	40	15	62.433964
	40	16	23.537205
	40	17	52.0
	40	18	88.56636
	40	19	41.231056
	40	20	77.46612
	40	21	74.04053
	40	22	72.00694
	40	23	57.271286
	40	24	12.0
	40	25	75.96052
	40	26	63.560993
	40	27	28.178005
	40	28	27.202942
	40	29	76.55717
	40	30	2.236068
	40	31	63.387695
	40	32	61.6198
	40	33	79.101204
	40	34	65.76473
	40	35	39.45884
	40	36	70.2282
	40	37	68.30813
	40	38	66.007576
	40	39	9.219544
	40	40	0.0
	40	41	25.0
	40	42	50.159744
	40	43	56.859474
	40	44	68.154236
	40	45	94.873604
	40	46	85.09406
	40	47	48.79549
	40	48	11.401754
	40	49	58.855755
	41	0	62.0
	41	1	68.42514
	41	2	59.008472
	41	3	91.92388
	41	4	10.630146
	41	5	97.6166
	41	6	85.883644
	41	7	79.40403
	41	8	54.20332
	41	9	66.75328
	41	10	74.41102
	41	11	30.413813
	41	12	38.600517
	41	13	16.970562
	41	14	2.236068
	41	15	81.27115
	41	16	12.0415945
	41	17	41.19466
	41	18	95.77578
	41	19	62.649822
	41	20	69.58448
	41	21	96.02604
	41	22	89.050545
	41	23	82.2253
	41	24	36.67424
	41	25	66.068146
	41	26	66.85058
	41	27	21.095022
	41	28	46.872166
	41	29	97.015465
	41	30	26.57066
	41	31	58.5235
	41	32	77.820305
	41	33	74.726166
	41	34	75.00667
	41	35	63.007935
	41	36	59.0
	41	37	58.077534
	41	38	90.199776
	41	39	17.492855
	41	40	25.0
	41	41	0.0
	41	42	74.8131
	41	43	65.06919
	41	44	89.050545
	41	45	104.66136
	41	46	90.21086
	41	47	64.40497
	41	48	35.846897
	41	49	82.05486
	42	0	103.947105
	42	1	83.86298
	42	2	102.59142
	42	3	47.296936
	42	4	66.1211
	42	5	89.106674
	42	6	51.0392
	42	7	85.61542
	42	8	46.615448
	42	9	100.12492
	42	10	62.641838
	42	11	62.433964
	42	12	43.046486
	42	13	66.12866
	42	14	75.53807
	42	15	37.12142
	42	16	73.00685
	42	17	87.20092
	42	18	84.85281
	42	19	23.323807
	42	20	103.077644
	42	21	32.649654
	42	22	48.507732
	42	23	10.0
	42	24	38.209946
	42	25	104.73777
	42	26	75.17979
	42	27	69.354164
	42	28	34.4093
	42	29	40.311287
	42	30	49.0408
	42	31	87.965904
	42	32	45.17743
	42	33	99.0202
	42	34	64.84597
	42	35	14.866069
	42	36	101.862656
	42	37	99.00505
	42	38	16.763054
	42	39	59.03389
	42	40	50.159744
	42	41	74.8131
	42	42	0.0
	42	43	62.169125
	42	44	32.695564
	42	45	84.00595
	42	46	86.58522
	42	47	42.154476
	42	48	41.109608
	42	49	16.124516
	43	0	49.979996
	43	1	22.627417
	43	2	50.0
	43	3	39.293766
	43	4	65.0
	43	5	34.539833
	43	6	29.427877
	43	7	23.769728
	43	8	18.0
	43	9	42.544094
	43	10	9.848858
	43	11	34.713108
	43	12	35.44009
	43	13	48.104053
	43	14	67.17886
	43	15	35.510563
	43	16	73.24616
	43	17	43.185646
	43	18	31.764761
	43	19	39.0
	43	20	44.94441
	43	21	57.14018
	43	22	34.928497
	43	23	72.00694
	43	24	53.15073
	43	25	48.754486
	43	26	13.453624
	43	27	45.0
	43	28	36.013885
	43	29	51.47815
	43	30	58.30952
	43	31	31.95309
	43	32	25.495098
	43	33	38.183765
	43	34	10.0
	43	35	48.703182
	43	36	49.0408
	43	37	45.88028
	43	38	66.70832
	43	39	62.76942
	43	40	56.859474
	43	41	65.06919
	43	42	62.169125
	43	43	0.0
	43	44	47.707443
	43	45	39.59798
	43	46	28.635643
	43	47	20.248457
	43	48	60.63827
	43	49	54.67175
	44	0	97.04638
	44	1	70.0
	44	2	96.66437
	44	3	16.124516
	44	4	83.1685
	44	5	63.97656
	44	6	23.70654
	44	7	67.20863
	44	8	40.792156
	44	9	90.21086
	44	10	43.13931
	44	11	66.068146
	44	12	50.635956
	44	13	75.32596
	44	14	90.47099
	44	15	12.206555
	44	16	91.416626
	44	17	85.86617
	44	18	59.5063
	44	19	26.925823
	44	20	92.64988
	44	21	9.433981
	44	22	18.973665
	44	23	38.63936
	44	24	57.245087
	44	25	96.25487
	44	26	60.80296
	44	27	76.00658
	44	28	42.201897
	44	29	8.602325
	44	30	68.0294
	44	31	79.17702
	44	32	22.671568
	44	33	85.42833
	44	34	45.254833
	44	35	31.241
	44	36	95.7549
	44	37	92.61209
	44	38	25.179358
	44	39	77.25283
	44	40	68.154236
	44	41	89.050545
	44	42	32.695564
	44	43	47.707443
	44	44	0.0
	44	45	55.31727
	44	46	63.812225
	44	47	30.364452
	44	48	63.28507
	44	49	16.763054
	45	0	75.802376
	45	1	45.607018
	45	2	77.27872
	45	3	39.293766
	45	4	104.35037
	45	5	15.524175
	45	6	33.01515
	45	7	34.36568
	45	8	53.851646
	45	9	65.37584
	45	10	30.610456
	45	11	74.27651
	45	12	72.718636
	45	13	87.69264
	45	14	106.77547
	45	15	47.042534
	45	16	112.698715
	45	17	77.87811
	45	18	13.0
	45	19	65.30697
	45	20	66.1211
	45	21	62.297672
	45	22	36.496574
	45	23	92.13577
	45	24	89.0
	45	25	72.33948
	45	26	41.14608
	45	27	84.38602
	45	28	70.26379
	45	29	52.554733
	45	30	96.04166
	45	31	60.440052
	45	32	39.319206
	45	33	55.00909
	45	34	29.732138
	45	35	74.96666
	45	36	76.29548
	45	37	73.545906
	45	38	80.411446
	45	39	101.607086
	45	40	94.873604
	45	41	104.66136
	45	42	84.00595
	45	43	39.59798
	45	44	55.31727
	45	45	0.0
	45	46	22.0
	45	47	48.104053
	45	48	96.60745
	45	49	70.34913
	46	0	54.129475
	46	1	25.059929
	46	2	55.7853
	46	3	49.67897
	46	4	91.787796
	46	5	8.062258
	46	6	40.22437
	46	7	13.0
	46	8	46.389652
	46	9	43.56604
	46	10	24.186773
	46	11	60.207973
	46	12	64.03124
	46	13	73.4983
	46	14	92.417534
	46	15	52.773098
	46	16	99.64437
	46	17	58.5235
	46	18	9.0
	46	19	64.629715
	46	20	44.181442
	46	21	72.42237
	46	22	45.607018
	46	23	95.880135
	46	24	81.78631
	46	25	50.48762
	46	26	23.43075
	46	27	69.2026
	46	28	64.381676
	46	29	63.89053
	46	30	86.64872
	46	31	39.812057
	46	32	42.544094
	46	33	33.01515
	46	34	22.090721
	46	35	74.672615
	46	36	54.81788
	46	37	52.201534
	46	38	87.23531
	46	39	90.37699
	46	40	85.09406
	46	41	90.21086
	46	42	86.58522
	46	43	28.635643
	46	44	63.812225
	46	45	22.0
	46	46	0.0
	46	47	45.276924
	46	48	89.26926
	46	49	75.76939
	47	0	67.23094
	47	1	42.638012
	47	2	66.64833
	47	3	27.89265
	47	4	61.03278
	47	5	49.0408
	47	6	21.633308
	47	7	43.462627
	47	8	11.045361
	47	9	61.220913
	47	10	21.095022
	47	11	37.48333
	47	12	27.018513
	47	13	48.703182
	47	14	66.189125
	47	15	19.104973
	47	16	69.63476
	47	17	55.542778
	47	18	45.17743
	47	19	19.416489
	47	20	63.89053
	47	21	39.56008
	47	22	24.698177
	47	23	51.894123
	47	24	41.340054
	47	25	66.85058
	47	26	33.600594
	47	27	48.052055
	47	28	22.472204
	47	29	36.221542
	47	30	49.57822
	47	31	49.648766
	47	32	13.416408
	47	33	58.137768
	47	34	23.194826
	47	35	29.427877
	47	36	65.76473
	47	37	62.649822
	47	38	46.69047
	47	39	56.727417
	47	40	48.79549
	47	41	64.40497
	47	42	42.154476
	47	43	20.248457
	47	44	30.364452
	47	45	48.104053
	47	46	45.276924
	47	47	0.0
	47	48	48.8774
	47	49	34.655445
	48	0	82.85529
	48	1	75.026665
	48	2	80.529495
	48	3	71.44928
	48	4	25.96151
	48	5	94.92102
	48	6	69.02898
	48	7	82.38932
	48	8	43.32436
	48	9	83.240616
	48	10	67.06713
	48	11	37.94733
	48	12	25.317978
	48	13	33.42155
	48	14	36.05551
	48	15	59.464275
	48	16	32.06244
	48	17	62.177166
	48	18	91.706055
	48	19	37.01351
	48	20	86.40023
	48	21	68.0294
	48	22	70.035706
	48	23	47.26521
	48	24	7.615773
	48	25	85.44004
	48	26	69.18092
	48	27	38.832977
	48	28	26.41969
	48	29	71.867935
	48	30	9.433981
	48	31	71.80529
	48	32	60.60528
	48	33	86.977005
	48	34	68.622154
	48	35	32.695564
	48	36	80.11242
	48	37	78.0
	48	38	57.558666
	48	39	18.681541
	48	40	11.401754
	48	41	35.846897
	48	42	41.109608
	48	43	60.63827
	48	44	63.28507
	48	45	96.60745
	48	46	89.26926
	48	47	48.8774
	48	48	0.0
	48	49	51.86521
	49	0	101.0198
	49	1	77.23341
	49	2	100.12492
	49	3	32.140316
	49	4	74.672615
	49	5	77.201035
	49	6	37.48333
	49	7	76.8505
	49	8	42.43819
	49	9	95.67131
	49	10	52.83938
	49	11	63.89053
	49	12	45.705578
	49	13	70.5762
	49	14	83.15047
	49	15	23.537205
	49	16	82.37718
	49	17	86.764046
	49	18	72.8011
	49	19	20.880613
	49	20	98.4124
	49	21	17.029387
	49	22	34.0147
	49	23	22.090721
	49	24	47.07441
	49	25	101.04455
	49	26	68.117546
	49	27	72.56721
	49	28	36.496574
	49	29	24.186773
	49	30	58.249462
	49	31	83.86894
	49	32	33.24154
	49	33	92.76314
	49	34	55.072678
