data;

param n := 100;

param p := 10;

param m := 5;

param alpha := 10.226410865783691;

param r := 
	0	0
	1	1
	2	0
	3	3
	4	4
	5	2
	6	2
	7	3
	8	2
	9	3
	10	0
	11	2
	12	3
	13	2
	14	1
	15	4
	16	4
	17	1
	18	4
	19	1
	20	1
	21	4
	22	3
	23	2
	24	1
	25	0
	26	2
	27	1
	28	1
	29	4
	30	1
	31	2
	32	3
	33	1
	34	2
	35	0
	36	0
	37	0
	38	0
	39	0
	40	2
	41	2
	42	3
	43	0
	44	2
	45	3
	46	0
	47	3
	48	3
	49	2
	50	2
	51	0
	52	4
	53	2
	54	4
	55	0
	56	3
	57	4
	58	3
	59	3
	60	4
	61	1
	62	4
	63	4
	64	4
	65	0
	66	4
	67	4
	68	4
	69	4
	70	1
	71	4
	72	4
	73	3
	74	4
	75	1
	76	1
	77	2
	78	4
	79	2
	80	3
	81	0
	82	0
	83	3
	84	1
	85	3
	86	4
	87	0
	88	0
	89	2
	90	0
	91	0
	92	4
	93	3
	94	1
	95	1
	96	4
	97	2
	98	3
	99	3
;

param d := 
	0	3
	1	3
	2	0
	3	3
	4	4
	5	4
	6	3
	7	3
	8	2
	9	3
	10	2
	11	3
	12	3
	13	3
	14	1
	15	4
	16	4
	17	2
	18	4
	19	3
	20	2
	21	4
	22	3
	23	3
	24	4
	25	3
	26	3
	27	2
	28	4
	29	4
	30	3
	31	2
	32	4
	33	3
	34	2
	35	2
	36	1
	37	1
	38	1
	39	3
	40	3
	41	4
	42	3
	43	4
	44	4
	45	3
	46	1
	47	4
	48	3
	49	2
	50	3
	51	2
	52	4
	53	3
	54	4
	55	4
	56	3
	57	4
	58	3
	59	4
	60	4
	61	1
	62	4
	63	4
	64	4
	65	3
	66	4
	67	4
	68	4
	69	4
	70	2
	71	4
	72	4
	73	4
	74	4
	75	1
	76	4
	77	4
	78	4
	79	2
	80	4
	81	2
	82	2
	83	3
	84	1
	85	4
	86	4
	87	0
	88	1
	89	4
	90	1
	91	1
	92	4
	93	3
	94	3
	95	3
	96	4
	97	2
	98	3
	99	3
;

param c := 
	0	0	0.0
	0	1	62.008064
	0	2	28.42534
	0	3	30.528675
	0	4	67.26812
	0	5	28.01785
	0	6	46.09772
	0	7	36.138622
	0	8	43.382023
	0	9	44.418465
	0	10	75.153175
	0	11	67.18631
	0	12	41.761227
	0	13	83.25864
	0	14	5.3851647
	0	15	55.470715
	0	16	68.76772
	0	17	59.135437
	0	18	59.665737
	0	19	72.99315
	0	20	61.77378
	0	21	47.423622
	0	22	43.289722
	0	23	63.505905
	0	24	47.010635
	0	25	53.14132
	0	26	75.272835
	0	27	59.808025
	0	28	50.96077
	0	29	14.56022
	0	30	54.230988
	0	31	32.89377
	0	32	37.64306
	0	33	25.96151
	0	34	50.990196
	0	35	51.613953
	0	36	53.235325
	0	37	21.931713
	0	38	50.990196
	0	39	45.39824
	0	40	51.739735
	0	41	29.12044
	0	42	92.086914
	0	43	56.753853
	0	44	24.166092
	0	45	52.153618
	0	46	69.72087
	0	47	18.788294
	0	48	47.010635
	0	49	54.20332
	0	50	91.214035
	0	51	44.20407
	0	52	39.40812
	0	53	71.7844
	0	54	53.935146
	0	55	82.661964
	0	56	41.785164
	0	57	23.345236
	0	58	32.55764
	0	59	52.49762
	0	60	37.64306
	0	61	54.34151
	0	62	57.14018
	0	63	29.068884
	0	64	68.8767
	0	65	17.117243
	0	66	27.45906
	0	67	25.632011
	0	68	78.54935
	0	69	55.758408
	0	70	48.466484
	0	71	20.615528
	0	72	22.803509
	0	73	45.39824
	0	74	18.788294
	0	75	49.0408
	0	76	66.037865
	0	77	78.58753
	0	78	3.6055512
	0	79	29.698484
	0	80	25.942244
	0	81	43.011627
	0	82	57.384666
	0	83	64.07808
	0	84	43.931767
	0	85	21.470911
	0	86	51.662365
	0	87	45.607018
	0	88	66.64833
	0	89	28.01785
	0	90	16.155495
	0	91	21.213203
	0	92	45.607018
	0	93	7.28011
	0	94	19.416489
	0	95	30.528675
	0	96	24.083189
	0	97	60.166435
	0	98	21.023796
	0	99	63.812225
	1	0	62.008064
	1	1	0.0
	1	2	89.938866
	1	3	72.00694
	1	4	53.75872
	1	5	89.140335
	1	6	20.248457
	1	7	32.202484
	1	8	82.637764
	1	9	61.983868
	1	10	72.53275
	1	11	26.400757
	1	12	50.803543
	1	13	27.294687
	1	14	67.20119
	1	15	64.0
	1	16	14.56022
	1	17	20.248457
	1	18	52.773098
	1	19	55.03635
	1	20	24.839485
	1	21	71.38628
	1	22	43.416588
	1	23	66.48308
	1	24	17.0
	1	25	20.024984
	1	26	25.553865
	1	27	33.286633
	1	28	24.0
	1	29	58.18075
	1	30	71.021126
	1	31	32.449963
	1	32	65.14599
	1	33	43.965897
	1	34	28.160255
	1	35	10.630146
	1	36	33.24154
	1	37	43.863426
	1	38	16.27882
	1	39	43.56604
	1	40	10.770329
	1	41	77.698135
	1	42	30.413813
	1	43	52.34501
	1	44	84.14868
	1	45	34.132095
	1	46	52.0
	1	47	68.60029
	1	48	48.83646
	1	49	7.81025
	1	50	29.206163
	1	51	66.4906
	1	52	63.324562
	1	53	24.207438
	1	54	48.166378
	1	55	21.023796
	1	56	25.079872
	1	57	47.434166
	1	58	82.1523
	1	59	15.132746
	1	60	38.052597
	1	61	26.305893
	1	62	69.00725
	1	63	81.84131
	1	64	69.2315
	1	65	72.34639
	1	66	88.4138
	1	67	38.28838
	1	68	18.248287
	1	69	68.0294
	1	70	31.780497
	1	71	60.083275
	1	72	66.037865
	1	73	55.443665
	1	74	60.74537
	1	75	78.10249
	1	76	7.615773
	1	77	63.97656
	1	78	63.245552
	1	79	65.30697
	1	80	86.26703
	1	81	64.53681
	1	82	72.56721
	1	83	63.788715
	1	84	29.614185
	1	85	82.036575
	1	86	77.27872
	1	87	16.40122
	1	88	12.206555
	1	89	34.058773
	1	90	46.69047
	1	91	49.0408
	1	92	61.294373
	1	93	65.06919
	1	94	72.62231
	1	95	91.21951
	1	96	85.79627
	1	97	68.007355
	1	98	44.28318
	1	99	6.4031243
	2	0	28.42534
	2	1	89.938866
	2	2	0.0
	2	3	34.234486
	2	4	84.48077
	2	5	2.236068
	2	6	72.67049
	2	7	61.400326
	2	8	40.718548
	2	9	56.008926
	2	10	86.579445
	2	11	91.706055
	2	12	58.855755
	2	13	109.41663
	2	14	23.853722
	2	15	67.11929
	2	16	97.18539
	2	17	84.59905
	2	18	76.41989
	2	19	90.55385
	2	20	89.88882
	2	21	53.935146
	2	22	63.324562
	2	23	75.23962
	2	24	74.20242
	2	25	78.892334
	2	26	100.6479
	2	27	87.20665
	2	28	76.05919
	2	29	38.626415
	2	30	72.06247
	2	31	59.07622
	2	32	47.042534
	2	33	53.235325
	2	34	78.892334
	2	35	79.397736
	2	36	75.96052
	2	37	49.92995
	2	38	77.665955
	2	39	71.168816
	2	40	79.9062
	2	41	26.683329
	2	42	119.632774
	2	43	73.43705
	2	44	8.0
	2	45	74.672615
	2	46	87.823685
	2	47	26.476404
	2	48	71.568146
	2	49	82.13403
	2	50	119.096596
	2	51	53.235325
	2	52	50.01
	2	53	97.06184
	2	54	72.00694
	2	55	110.25879
	2	56	67.95587
	2	57	50.08992
	2	58	26.0
	2	59	80.919716
	2	60	64.84597
	2	61	78.72102
	2	62	66.61081
	2	63	21.189621
	2	64	80.399
	2	65	20.615528
	2	66	3.1622777
	2	67	52.201534
	2	68	105.801704
	2	69	65.490456
	2	70	76.05919
	2	71	42.201897
	2	72	32.24903
	2	73	68.06615
	2	74	40.261642
	2	75	51.546097
	2	76	93.40771
	2	77	94.02127
	2	78	28.301943
	2	79	39.012817
	2	80	6.0827627
	2	81	53.08484
	2	82	75.10659
	2	83	77.05842
	2	84	68.42514
	2	85	8.5440035
	2	86	55.362442
	2	87	73.593475
	2	88	93.47727
	2	89	55.9017
	2	90	43.27817
	2	91	47.853943
	2	92	66.27216
	2	93	25.0
	2	94	22.203604
	2	95	4.472136
	2	96	4.472136
	2	97	80.024994
	2	98	49.09175
	2	99	91.214035
	3	0	30.528675
	3	1	72.00694
	3	2	34.234486
	3	3	0.0
	3	4	51.662365
	3	5	32.140316
	3	6	51.971146
	3	7	39.824615
	3	8	13.341664
	3	9	22.203604
	3	10	52.34501
	3	11	65.192024
	3	12	27.784887
	3	13	84.85281
	3	14	31.890438
	3	15	33.0
	3	16	83.21658
	3	17	60.207973
	3	18	43.68066
	3	19	57.72348
	3	20	81.21576
	3	21	19.924858
	3	22	34.20526
	3	23	41.04875
	3	24	55.00909
	3	25	55.605755
	3	26	75.00667
	3	27	82.1523
	3	28	51.855568
	3	29	44.72136
	3	30	84.5281
	3	31	39.92493
	3	32	13.152946
	3	33	51.78803
	3	34	72.249565
	3	35	61.741398
	3	36	48.270073
	3	37	46.52956
	3	38	56.603886
	3	39	71.70077
	3	40	64.25729
	3	41	8.246211
	3	42	98.40732
	3	43	40.804413
	3	44	26.305893
	3	45	46.8615
	3	46	55.362442
	3	47	12.0415945
	3	48	74.52516
	3	49	64.884514
	3	50	99.29753
	3	51	19.026299
	3	52	16.27882
	3	53	71.44928
	3	54	40.311287
	3	55	89.62701
	3	56	47.010635
	3	57	50.447994
	3	58	11.661903
	3	59	68.41052
	3	60	62.201286
	3	61	53.037724
	3	62	32.38827
	3	63	14.3178215
	3	64	46.173584
	3	65	16.643316
	3	66	31.144823
	3	67	35.902645
	3	68	84.20214
	3	69	31.257
	3	70	71.02816
	3	71	51.0
	3	72	8.246211
	3	73	74.330345
	3	74	49.24429
	3	75	19.209373
	3	76	72.94518
	3	77	60.299255
	3	78	33.83785
	3	79	7.071068
	3	80	28.160255
	3	81	19.026299
	3	82	87.66413
	3	83	43.011627
	3	84	44.20407
	3	85	26.925823
	3	86	22.472204
	3	87	57.58472
	3	88	71.40028
	3	89	42.579338
	3	90	32.01562
	3	91	48.76474
	3	92	75.39231
	3	93	23.600847
	3	94	13.892444
	3	95	32.0
	3	96	32.984844
	3	97	89.88882
	3	98	45.54119
	3	99	71.021126
	4	0	67.26812
	4	1	53.75872
	4	2	84.48077
	4	3	51.662365
	4	4	0.0
	4	5	82.607506
	4	6	40.0
	4	7	38.013157
	4	8	53.712196
	4	9	29.732138
	4	10	19.104973
	4	11	30.016663
	4	12	26.019224
	4	13	48.052055
	4	14	71.84706
	4	15	21.400934
	4	16	68.30813
	4	17	33.526108
	4	18	8.062258
	4	19	6.0827627
	4	20	76.05919
	4	21	36.359318
	4	22	24.351591
	4	23	17.492855
	4	24	43.829212
	4	25	34.88553
	4	26	38.327538
	4	27	82.37718
	4	28	31.906113
	4	29	75.026665
	4	30	107.415085
	4	31	42.43819
	4	32	38.600517
	4	33	70.178345
	4	34	73.60027
	4	35	49.24429
	4	36	22.203604
	4	37	65.863495
	4	38	40.311287
	4	39	83.450584
	4	40	54.20332
	4	41	59.908264
	4	42	65.76473
	4	43	11.045361
	4	44	76.53104
	4	45	22.022715
	4	46	4.2426405
	4	47	58.137768
	4	48	88.45903
	4	49	51.42956
	4	50	69.260376
	4	51	34.0147
	4	52	35.44009
	4	53	36.05551
	4	54	13.341664
	4	55	60.033325
	4	56	38.8973
	4	57	71.693794
	4	58	62.936478
	4	59	61.91123
	4	60	73.661385
	4	61	28.178005
	4	62	25.455845
	4	63	65.96969
	4	64	17.464249
	4	65	64.12488
	4	66	81.61495
	4	67	47.41308
	4	68	54.00926
	4	69	25.495098
	4	70	75.28612
	4	71	80.622574
	4	72	52.23983
	4	73	92.45539
	4	74	79.84986
	4	75	43.011627
	4	76	49.0306
	4	77	12.206555
	4	78	70.61161
	4	79	45.705578
	4	80	78.63841
	4	81	33.24154
	4	82	110.0
	4	83	13.892444
	4	84	31.827662
	4	85	76.23647
	4	86	39.824615
	4	87	50.803543
	4	88	44.553337
	4	89	51.86521
	4	90	54.42426
	4	91	71.5891
	4	92	96.60745
	4	93	64.28063
	4	94	62.289646
	4	95	83.02409
	4	96	82.1523
	4	97	108.46658
	4	98	65.36819
	4	99	48.507732
	5	0	28.01785
	5	1	89.140335
	5	2	2.236068
	5	3	32.140316
	5	4	82.607506
	5	5	0.0
	5	6	71.610054
	5	7	60.207973
	5	8	38.483765
	5	9	54.0
	5	10	84.48077
	5	11	90.33826
	5	12	57.070133
	5	13	108.226616
	5	14	23.70654
	5	15	65.06919
	5	16	96.67471
	5	17	83.35467
	5	18	74.54529
	5	19	88.68484
	5	20	89.693924
	5	21	51.78803
	5	22	61.68468
	5	23	73.171036
	5	24	73.24616
	5	25	77.698135
	5	26	99.36297
	5	27	87.23531
	5	28	74.793045
	5	29	38.8973
	5	30	73.171036
	5	31	58.00862
	5	32	45.01111
	5	33	53.225933
	5	34	78.77182
	5	35	78.56844
	5	36	74.46476
	5	37	49.73932
	5	38	76.6094
	5	39	71.470276
	5	40	79.20859
	5	41	24.5153
	5	42	118.69709
	5	43	71.568146
	5	44	6.0827627
	5	45	73.1642
	5	46	85.98837
	5	47	24.738634
	5	48	72.03471
	5	49	81.34495
	5	50	118.258194
	5	51	51.156624
	5	52	48.0
	5	53	95.77056
	5	54	70.21396
	5	55	109.3435
	5	56	66.85058
	5	57	50.159744
	5	58	23.769728
	5	59	80.43009
	5	60	64.884514
	5	61	77.36925
	5	62	64.49806
	5	63	18.973665
	5	64	78.31347
	5	65	18.973665
	5	66	1.0
	5	67	51.224995
	5	68	104.80935
	5	69	63.387695
	5	70	76.02631
	5	71	42.755116
	5	72	30.413813
	5	73	68.73136
	5	74	40.792156
	5	75	49.335587
	5	76	92.45539
	5	77	92.0489
	5	78	28.178005
	5	79	37.054016
	5	80	4.0
	5	81	51.0392
	5	82	76.23647
	5	83	75.026665
	5	84	67.11929
	5	85	7.2111025
	5	86	53.160137
	5	87	72.835434
	5	88	92.417534
	5	89	55.154327
	5	90	42.44997
	5	91	47.92703
	5	92	67.11929
	5	93	24.083189
	5	94	20.396078
	5	95	3.0
	5	96	5.0
	5	97	81.0
	5	98	48.8774
	5	99	90.27181
	6	0	46.09772
	6	1	20.248457
	6	2	72.67049
	6	3	51.971146
	6	4	40.0
	6	5	71.610054
	6	6	0.0
	6	7	12.206555
	6	8	62.39391
	6	9	42.190044
	6	10	57.245087
	6	11	23.086792
	6	12	31.06445
	6	13	37.161808
	6	14	51.47815
	6	15	45.54119
	6	16	33.13608
	6	17	14.0
	6	18	36.67424
	6	19	43.13931
	6	20	37.0
	6	21	51.47815
	6	22	24.020824
	6	23	49.335587
	6	24	4.1231055
	6	25	8.062258
	6	26	29.614185
	6	27	42.544094
	6	28	8.602325
	6	29	46.270943
	6	30	70.21396
	6	31	13.601471
	6	32	44.922153
	6	33	35.510563
	6	34	33.600594
	6	35	11.0
	6	36	17.804493
	6	37	33.01515
	6	38	5.0
	6	39	44.407207
	6	40	15.297058
	6	41	58.00862
	6	42	47.38143
	6	43	35.468296
	6	44	66.21933
	6	45	18.027756
	6	46	39.623226
	6	47	49.517673
	6	48	49.648766
	6	49	14.035668
	6	50	47.63402
	6	51	46.52956
	6	52	43.174065
	6	53	26.305893
	6	54	31.016125
	6	55	38.209946
	6	56	5.0
	6	57	38.209946
	6	58	62.425957
	6	59	22.472204
	6	60	35.35534
	6	61	13.038404
	6	62	50.358715
	6	63	62.482
	6	64	52.924473
	6	65	53.814495
	6	66	70.80254
	6	67	20.59126
	6	68	33.30165
	6	69	49.25444
	6	70	35.383614
	6	71	50.0
	6	72	46.400433
	6	73	54.589375
	6	74	50.039986
	6	75	58.0517
	6	76	21.260292
	6	77	51.739735
	6	78	48.104053
	6	79	45.17743
	6	80	68.41052
	6	81	44.553337
	6	82	72.47068
	6	83	47.169907
	6	84	10.049875
	6	85	64.40497
	6	86	57.428215
	6	87	10.816654
	6	88	20.808653
	6	89	19.235384
	6	90	29.966648
	6	91	39.051247
	6	92	59.5063
	6	93	47.707443
	6	94	53.740116
	6	95	73.409805
	6	96	68.7968
	6	97	69.89278
	6	98	33.0
	6	99	19.209373
	7	0	36.138622
	7	1	32.202484
	7	2	61.400326
	7	3	39.824615
	7	4	38.013157
	7	5	60.207973
	7	6	12.206555
	7	7	0.0
	7	8	50.596443
	7	9	32.140316
	7	10	52.63079
	7	11	31.04835
	7	12	21.587032
	7	13	48.02083
	7	14	41.484936
	7	15	37.696156
	7	16	44.14748
	7	17	23.259407
	7	18	32.526913
	7	19	42.544094
	7	20	45.276924
	7	21	41.0
	7	22	16.124516
	7	23	43.046486
	7	24	15.231546
	7	25	17.492855
	7	26	39.39543
	7	27	49.0408
	7	28	14.866069
	7	29	39.319206
	7	30	69.40461
	7	31	4.472136
	7	32	33.54102
	7	33	32.24903
	7	34	39.217342
	7	35	22.135944
	7	36	18.439089
	7	37	28.231188
	7	38	17.029387
	7	39	46.227695
	7	40	25.317978
	7	41	45.80393
	7	42	59.413803
	7	43	30.479502
	7	44	54.644306
	7	45	17.720045
	7	46	38.948685
	7	47	37.48333
	7	48	50.990196
	7	49	25.298222
	7	50	59.816387
	7	51	36.0
	7	52	32.140316
	7	53	35.846897
	7	54	26.172504
	7	55	50.32892
	7	56	7.2111025
	7	57	34.0147
	7	58	50.219517
	7	59	31.016125
	7	60	36.124783
	7	61	18.248287
	7	62	42.059483
	7	63	50.32892
	7	64	47.434166
	7	65	42.0119
	7	66	59.36329
	7	67	11.0
	7	68	45.254833
	7	69	40.804413
	7	70	39.812057
	7	71	44.14748
	7	72	34.20526
	7	73	54.56189
	7	74	43.737854
	7	75	47.169907
	7	76	33.42155
	7	77	50.219517
	7	78	38.63936
	7	79	33.105892
	7	80	56.859474
	7	81	34.0
	7	82	72.00694
	7	83	41.617306
	7	84	8.0
	7	85	53.0
	7	86	47.0
	7	87	19.026299
	7	88	32.55764
	7	89	13.892444
	7	90	20.22375
	7	91	34.176014
	7	92	58.60034
	7	93	36.67424
	7	94	41.773197
	7	95	61.854668
	7	96	57.706154
	7	97	70.724815
	7	98	27.856777
	7	99	31.400637
	8	0	43.382023
	8	1	82.637764
	8	2	40.718548
	8	3	13.341664
	8	4	53.712196
	8	5	38.483765
	8	6	62.39391
	8	7	50.596443
	8	8	0.0
	8	9	24.839485
	8	10	49.497475
	8	11	72.47068
	8	12	34.20526
	8	13	92.61749
	8	14	44.102154
	8	15	32.695564
	8	16	94.641426
	8	17	68.7968
	8	18	46.32494
	8	19	59.48109
	8	20	93.64828
	8	21	17.464249
	8	22	41.617306
	8	23	39.56008
	8	24	65.78754
	8	25	64.884514
	8	26	82.46211
	8	27	95.02105
	8	28	60.90156
	8	29	57.77543
	8	30	97.575615
	8	31	51.41984
	8	32	18.027756
	8	33	65.11528
	8	34	85.052925
	8	35	72.73238
	8	36	55.605755
	8	37	59.841457
	8	38	66.70832
	8	39	85.0
	8	40	75.690155
	8	41	15.556349
	8	42	107.37784
	8	43	43.829212
	8	44	33.61547
	8	45	54.20332
	8	46	57.801384
	8	47	24.596748
	8	48	87.86353
	8	49	75.89466
	8	50	108.78419
	8	51	20.0
	8	52	20.615528
	8	53	79.025314
	8	54	44.687805
	8	55	98.9798
	8	56	57.58472
	8	57	63.788715
	8	58	14.764823
	8	59	80.411446
	8	60	75.42546
	8	61	61.294373
	8	62	30.083218
	8	63	19.723083
	8	64	43.931767
	8	65	27.802877
	8	66	37.576588
	8	67	48.259712
	8	68	93.29523
	8	69	29.410883
	8	70	84.00595
	8	71	63.97656
	8	72	21.587032
	8	73	87.64131
	8	74	62.169125
	8	75	12.0415945
	8	76	82.73451
	8	77	60.083275
	8	78	46.52956
	8	79	18.110771
	8	80	34.88553
	8	81	21.260292
	8	82	100.72239
	8	83	42.379242
	8	84	53.66563
	8	85	35.22783
	8	86	16.03122
	8	87	69.12308
	8	88	80.622574
	8	89	55.145264
	8	90	45.17743
	8	91	62.0967
	8	92	88.60023
	8	93	36.23534
	8	94	25.0
	8	95	37.336308
	8	96	40.81666
	8	97	103.121284
	8	98	58.855755
	8	99	80.95678
	9	0	44.418465
	9	1	61.983868
	9	2	56.008926
	9	3	22.203604
	9	4	29.732138
	9	5	54.0
	9	6	42.190044
	9	7	32.140316
	9	8	24.839485
	9	9	0.0
	9	10	31.320919
	9	11	48.259712
	9	12	11.18034
	9	13	68.50548
	9	14	47.853943
	9	15	11.401754
	9	16	75.32596
	9	17	45.694637
	9	18	21.931713
	9	19	35.735138
	9	20	77.41447
	9	21	9.486833
	9	22	18.681541
	9	23	19.646883
	9	24	46.09772
	9	25	42.72002
	9	26	58.249462
	9	27	80.80842
	9	28	38.600517
	9	29	55.97321
	9	30	93.8616
	9	31	34.713108
	9	32	9.055386
	9	33	57.14018
	9	34	70.83079
	9	35	53.15073
	9	36	31.764761
	9	37	51.86521
	9	38	45.705578
	9	39	75.153175
	9	40	57.00877
	9	41	30.413813
	9	42	84.07735
	9	43	19.235384
	9	44	48.010414
	9	45	30.413813
	9	46	33.61547
	9	47	30.594116
	9	48	79.17702
	9	49	56.22277
	9	50	86.00581
	9	51	5.0
	9	52	6.0
	9	53	54.91812
	9	54	19.849434
	9	55	76.15773
	9	56	38.013157
	9	57	57.201397
	9	58	33.24154
	9	59	63.126858
	9	60	64.884514
	9	61	38.078865
	9	62	12.806249
	9	63	36.496574
	9	64	25.0
	9	65	36.496574
	9	66	53.0
	9	67	34.928497
	9	68	70.26379
	9	69	11.401754
	9	70	70.88018
	9	71	62.289646
	9	72	24.5153
	9	73	80.99383
	9	74	60.959003
	9	75	16.552946
	9	76	60.728905
	9	77	38.118237
	9	78	48.02083
	9	79	17.117243
	9	80	50.0
	9	81	3.6055512
	9	82	96.82975
	9	83	21.095022
	9	84	32.38827
	9	85	48.166378
	9	86	15.297058
	9	87	51.0392
	9	88	57.939625
	9	89	41.785164
	9	90	37.01351
	9	91	56.22277
	9	92	83.60024
	9	93	39.39543
	9	94	34.234486
	9	95	54.08327
	9	96	54.230988
	9	97	97.349884
	9	98	51.0392
	9	99	59.20304
	10	0	75.153175
	10	1	72.53275
	10	2	86.579445
	10	3	52.34501
	10	4	19.104973
	10	5	84.48077
	10	6	57.245087
	10	7	52.63079
	10	8	49.497475
	10	9	31.320919
	10	10	0.0
	10	11	49.09175
	10	12	34.4093
	10	13	66.48308
	10	14	78.92401
	10	15	19.924858
	10	16	87.0919
	10	17	52.392746
	10	18	20.59126
	10	19	20.396078
	10	20	94.02127
	10	21	33.0
	10	22	36.796738
	10	23	11.7046995
	10	24	61.269894
	10	25	53.14132
	10	26	57.07889
	10	27	99.764725
	10	28	49.76947
	10	29	85.44004
	10	30	121.016525
	10	31	56.727417
	10	32	39.812057
	10	33	83.48653
	10	34	90.55385
	10	35	67.23094
	10	36	39.92493
	10	37	78.64477
	10	38	58.30952
	10	39	98.85848
	10	40	72.09022
	10	41	60.133186
	10	42	84.38009
	10	43	22.203604
	10	44	78.63841
	10	45	39.39543
	10	46	22.022715
	10	47	61.846584
	10	48	103.58572
	10	49	69.641945
	10	50	88.09086
	10	51	33.37664
	10	52	37.107952
	10	53	55.0
	10	54	26.627054
	10	55	79.0
	10	56	55.226807
	10	57	84.38602
	10	58	62.0
	10	59	79.624115
	10	60	88.72993
	10	61	46.486557
	10	62	20.024984
	10	63	66.068146
	10	64	6.3245554
	10	65	67.68308
	10	66	83.48653
	10	67	60.1415
	10	68	73.00685
	10	69	21.095022
	10	70	91.809586
	10	71	91.525955
	10	72	55.7853
	10	73	106.7942
	10	74	90.426765
	10	75	37.48333
	10	76	68.06615
	10	77	14.422205
	10	78	78.72102
	10	79	48.270073
	10	80	80.50466
	10	81	33.734257
	10	82	123.79418
	10	83	11.401754
	10	84	48.02083
	10	85	79.07591
	10	86	33.54102
	10	87	68.0
	10	88	63.63961
	10	89	65.795135
	10	90	65.21503
	10	91	83.86894
	10	92	110.34492
	10	93	70.5762
	10	94	65.30697
	10	95	84.21401
	10	96	85.158676
	10	97	123.10971
	10	98	77.987175
	10	99	67.46851
	11	0	67.18631
	11	1	26.400757
	11	2	91.706055
	11	3	65.192024
	11	4	30.016663
	11	5	90.33826
	11	6	23.086792
	11	7	31.04835
	11	8	72.47068
	11	9	48.259712
	11	10	49.09175
	11	11	0.0
	11	12	38.28838
	11	13	20.248457
	11	14	72.53275
	11	15	45.88028
	11	16	40.311287
	11	17	9.219544
	11	18	31.780497
	11	19	29.832869
	11	20	50.931328
	11	21	57.45433
	11	22	31.112698
	11	23	45.705578
	11	24	24.738634
	11	25	15.033297
	11	26	10.0
	11	27	58.796257
	11	28	16.27882
	11	29	69.065186
	11	30	92.11406
	11	31	34.525352
	11	32	54.56189
	11	33	58.549126
	11	34	51.86521
	11	35	26.41969
	11	36	16.970562
	11	37	56.0803
	11	38	19.646883
	11	39	65.30697
	11	40	31.06445
	11	41	72.62231
	11	42	36.687874
	11	43	32.572994
	11	44	84.53402
	11	45	18.384777
	11	46	27.294687
	11	47	66.37017
	11	48	70.68239
	11	49	27.202942
	11	50	39.623226
	11	51	53.25411
	11	52	51.855568
	11	53	6.708204
	11	54	29.546574
	11	55	30.149628
	11	56	26.076809
	11	57	61.294373
	11	58	76.6942
	11	59	38.600517
	11	60	57.245087
	11	61	13.0
	11	62	50.92151
	11	63	78.00641
	11	64	47.095646
	11	65	71.5891
	11	66	89.44272
	11	67	41.773197
	11	68	24.083189
	11	69	50.32892
	11	70	54.708317
	11	71	73.02739
	11	72	61.854668
	11	73	76.321686
	11	74	73.0
	11	75	64.66065
	11	76	20.12461
	11	77	38.600517
	11	78	69.63476
	11	79	58.137768
	11	80	86.76981
	11	81	51.613953
	11	82	94.15413
	11	83	42.426407
	11	84	23.409399
	11	85	83.19255
	11	86	62.649822
	11	87	31.016125
	11	88	15.231546
	11	89	42.0119
	11	90	51.1957
	11	91	62.1289
	11	92	81.596565
	11	93	67.41662
	11	94	70.83079
	11	95	91.706055
	11	96	88.23831
	11	97	90.78546
	11	98	56.0357
	11	99	20.248457
	12	0	41.761227
	12	1	50.803543
	12	2	58.855755
	12	3	27.784887
	12	4	26.019224
	12	5	57.070133
	12	6	31.06445
	12	7	21.587032
	12	8	34.20526
	12	9	11.18034
	12	10	34.4093
	12	11	38.28838
	12	12	0.0
	12	13	58.412327
	12	14	46.09772
	12	15	16.643316
	12	16	64.195015
	12	17	34.88553
	12	18	18.110771
	12	19	32.0
	12	20	66.75328
	12	21	20.615528
	12	22	7.615773
	12	23	23.345236
	12	24	35.014282
	12	25	31.622776
	12	26	48.270073
	12	27	70.60453
	12	28	27.513634
	12	29	51.10773
	12	30	86.977005
	12	31	24.698177
	12	32	16.27882
	12	33	49.57822
	12	34	60.728905
	12	35	42.047592
	12	36	21.400934
	12	37	44.553337
	12	38	34.525352
	12	39	66.37017
	12	40	46.010868
	12	41	35.77709
	12	42	73.43024
	12	43	15.132746
	12	44	50.990196
	12	45	20.0
	12	46	29.068884
	12	47	32.38827
	12	48	70.724815
	12	49	45.099888
	12	50	75.153175
	12	51	15.811388
	12	52	13.601471
	12	53	44.82187
	12	54	13.152946
	12	55	65.30697
	12	56	27.018513
	12	57	50.20956
	12	58	39.446167
	12	59	52.34501
	12	60	56.0803
	12	61	27.294687
	12	62	20.615528
	12	63	41.62932
	12	64	28.42534
	12	65	38.327538
	12	66	56.089214
	12	67	26.400757
	12	68	59.48109
	12	69	19.313208
	12	70	61.09828
	12	71	57.14018
	12	72	26.683329
	12	73	73.24616
	12	74	56.0803
	12	75	27.513634
	12	76	49.648766
	12	77	36.878178
	12	78	45.221676
	12	79	21.023796
	12	80	53.15073
	12	81	13.928389
	12	82	89.827614
	12	83	23.021729
	12	84	21.213203
	12	85	50.48762
	12	86	26.476404
	12	87	40.1995
	12	88	47.010635
	12	89	32.75668
	12	90	30.805843
	12	91	49.57822
	12	92	76.41989
	12	93	38.327538
	12	94	36.67424
	12	95	57.72348
	12	96	56.32051
	12	97	89.64374
	12	98	43.840622
	12	99	48.08326
	13	0	83.25864
	13	1	27.294687
	13	2	109.41663
	13	3	84.85281
	13	4	48.052055
	13	5	108.226616
	13	6	37.161808
	13	7	48.02083
	13	8	92.61749
	13	9	68.50548
	13	10	66.48308
	13	11	20.248457
	13	12	58.412327
	13	13	0.0
	13	14	88.63972
	13	15	65.795135
	13	16	35.846897
	13	17	25.0
	13	18	51.264023
	13	19	46.173584
	13	20	50.159744
	13	21	77.698135
	13	22	51.088158
	13	23	64.84597
	13	24	36.687874
	13	25	30.528675
	13	26	10.29563
	13	27	59.236813
	13	28	33.600594
	13	29	82.46211
	13	30	98.31073
	13	31	50.537113
	13	32	74.65253
	13	33	69.58448
	13	34	55.31727
	13	35	34.234486
	13	36	37.01351
	13	37	68.44706
	13	38	32.31099
	13	39	70.85902
	13	40	37.0
	13	41	92.021736
	13	42	18.0
	13	43	52.392746
	13	44	102.625534
	13	45	38.418747
	13	46	44.553337
	13	47	85.0
	13	48	76.11833
	13	49	33.01515
	13	50	22.36068
	13	51	73.4983
	13	52	72.00694
	13	53	13.601471
	13	54	49.648766
	13	55	15.264338
	13	56	41.59327
	13	57	72.835434
	13	58	96.20811
	13	59	42.426407
	13	60	65.03076
	13	61	31.827662
	13	62	70.77429
	13	63	97.18539
	13	64	65.51336
	13	65	89.87213
	13	66	107.37784
	13	67	57.697487
	13	68	11.401754
	13	69	70.26379
	13	70	59.03389
	13	71	85.32877
	13	72	80.919716
	13	73	82.73451
	13	74	85.70297
	13	75	84.90583
	13	76	20.024984
	13	77	54.0
	13	78	85.23497
	13	79	77.781746
	13	80	104.84751
	13	81	71.84706
	13	82	99.824844
	13	83	61.400326
	13	84	41.400482
	13	85	101.0198
	13	86	82.85529
	13	87	40.4475
	13	88	17.262676
	13	89	55.97321
	13	90	67.11929
	13	91	74.1485
	13	92	88.56636
	13	93	84.59905
	13	94	89.40358
	13	95	109.83624
	13	96	105.67876
	13	97	95.07891
	13	98	68.65858
	13	99	22.0
	14	0	5.3851647
	14	1	67.20119
	14	2	23.853722
	14	3	31.890438
	14	4	71.84706
	14	5	23.70654
	14	6	51.47815
	14	7	41.484936
	14	8	44.102154
	14	9	47.853943
	14	10	78.92401
	14	11	72.53275
	14	12	46.09772
	14	13	88.63972
	14	14	0.0
	14	15	59.093147
	14	16	73.593475
	14	17	64.513565
	14	18	64.132675
	14	19	77.64664
	14	20	66.037865
	14	21	50.0
	14	22	48.09366
	14	23	67.23094
	14	24	52.35456
	14	25	58.5235
	14	26	80.65358
	14	27	63.560993
	14	28	56.32051
	14	29	16.03122
	14	30	54.405884
	14	31	38.27532
	14	32	40.496914
	14	33	29.546574
	14	34	55.072678
	14	35	56.859474
	14	36	58.420887
	14	37	26.076809
	14	38	56.364883
	14	39	48.270073
	14	40	56.85068
	14	41	29.068884
	14	42	97.349884
	14	43	61.188232
	14	44	20.615528
	14	45	57.31492
	14	46	74.431175
	14	47	19.849434
	14	48	49.365982
	14	49	59.405388
	14	50	96.40021
	14	51	47.169907
	14	52	42.544094
	14	53	77.16217
	14	54	58.549126
	14	55	87.92042
	14	56	47.169907
	14	57	26.57066
	14	58	31.95309
	14	59	57.31492
	14	60	41.231056
	14	61	59.665737
	14	62	60.41523
	14	63	27.89265
	14	64	72.615425
	14	65	16.552946
	14	66	23.259407
	14	67	31.016125
	14	68	83.86298
	14	69	59.05929
	14	70	52.3259
	14	71	21.213203
	14	72	24.839485
	14	73	47.010635
	14	74	19.235384
	14	75	50.91169
	14	76	71.34424
	14	77	82.9759
	14	78	4.472136
	14	79	32.202484
	14	80	22.135944
	14	81	46.141087
	14	82	57.567352
	14	83	68.007355
	14	84	49.24429
	14	85	17.720045
	14	86	53.814495
	14	87	50.803543
	14	88	72.00694
	14	89	33.286633
	14	90	21.540659
	14	91	24.351591
	14	92	46.52956
	14	93	8.602325
	14	94	19.235384
	14	95	26.400757
	14	96	19.416489
	14	97	61.0
	14	98	25.23886
	14	99	69.115845
	15	0	55.470715
	15	1	64.0
	15	2	67.11929
	15	3	33.0
	15	4	21.400934
	15	5	65.06919
	15	6	45.54119
	15	7	37.696156
	15	8	32.695564
	15	9	11.401754
	15	10	19.924858
	15	11	45.88028
	15	12	16.643316
	15	13	65.795135
	15	14	59.093147
	15	15	0.0
	15	16	78.10249
	15	17	45.54119
	15	18	15.0
	15	19	26.925823
	15	20	82.2253
	15	21	15.231546
	15	22	21.84033
	15	23	8.246211
	15	24	49.648766
	15	25	44.011364
	15	26	55.542778
	15	27	86.64872
	15	28	40.0
	15	29	66.4003
	15	30	103.32473
	15	31	41.14608
	15	32	20.09975
	15	33	66.068146
	15	34	76.896034
	15	35	56.435802
	15	36	31.257
	15	37	60.959003
	15	38	48.09366
	15	39	83.00603
	15	40	60.827625
	15	41	41.04875
	15	42	82.5409
	15	43	13.416408
	15	44	59.135437
	15	45	30.149628
	15	46	25.612497
	15	47	41.976185
	15	48	87.36704
	15	49	59.3043
	15	50	85.16454
	15	51	14.035668
	15	52	17.262676
	15	53	52.554733
	15	54	16.492422
	15	55	75.43209
	15	56	42.201897
	15	57	66.52819
	15	58	43.416588
	15	59	67.68308
	15	60	72.718636
	15	61	38.209946
	15	62	5.0990195
	15	63	47.095646
	15	64	13.601471
	15	65	47.853943
	15	66	64.070274
	15	67	43.011627
	15	68	69.375786
	15	69	4.472136
	15	70	77.47257
	15	71	72.62231
	15	72	35.902645
	15	73	89.81091
	15	74	71.40028
	15	75	21.633308
	15	76	61.400326
	15	77	27.658634
	15	78	59.05929
	15	79	28.442924
	15	80	61.073727
	15	81	14.035668
	15	82	106.21676
	15	83	10.049875
	15	84	35.510563
	15	85	59.413803
	15	86	18.439089
	15	87	55.542778
	15	88	57.870544
	15	89	49.396355
	15	90	46.69047
	15	91	65.76473
	15	92	92.84934
	15	93	50.695168
	15	94	45.54119
	15	95	65.0
	15	96	65.490456
	15	97	106.21205
	15	98	60.207973
	15	99	60.207973
	16	0	68.76772
	16	1	14.56022
	16	2	97.18539
	16	3	83.21658
	16	4	68.30813
	16	5	96.67471
	16	6	33.13608
	16	7	44.14748
	16	8	94.641426
	16	9	75.32596
	16	10	87.0919
	16	11	40.311287
	16	12	64.195015
	16	13	35.846897
	16	14	73.593475
	16	15	78.10249
	16	16	0.0
	16	17	34.785053
	16	18	67.26812
	16	19	69.46222
	16	20	15.132746
	16	21	84.59315
	16	22	57.035076
	16	23	80.895
	16	24	29.274563
	16	25	34.36568
	16	26	37.48333
	16	27	24.33105
	16	28	38.209946
	16	29	62.008064
	16	30	66.0303
	16	31	43.32436
	16	32	77.665955
	16	33	46.615448
	16	34	23.769728
	16	35	22.203604
	16	36	47.67599
	16	37	48.166378
	16	38	30.016663
	16	39	39.623226
	16	40	18.973665
	16	41	88.14193
	16	42	31.0
	16	43	66.75328
	16	44	92.20087
	16	45	48.507732
	16	46	66.48308
	16	47	78.29432
	16	48	44.28318
	16	49	19.104973
	16	50	27.294687
	16	51	79.630394
	16	52	76.11833
	16	53	37.01351
	16	54	62.514
	16	55	23.537205
	16	56	37.48333
	16	57	50.219517
	16	58	92.61209
	16	59	16.27882
	16	60	37.576588
	16	61	40.792156
	16	62	83.0542
	16	63	91.706055
	16	64	83.74366
	16	65	81.3019
	16	66	96.04687
	16	67	47.853943
	16	68	24.596748
	16	69	82.02438
	16	70	27.89265
	16	71	62.433964
	16	72	76.55717
	16	73	51.47815
	16	74	63.51378
	16	75	91.08238
	16	76	20.248457
	16	77	78.39005
	16	78	69.31089
	16	79	76.843994
	16	80	94.20191
	16	81	77.64664
	16	82	67.00746
	16	83	78.26238
	16	84	43.046486
	16	85	89.81091
	16	86	90.55385
	16	87	25.632011
	16	88	25.23886
	16	89	42.190044
	16	90	54.91812
	16	91	52.201534
	16	92	57.558666
	16	93	73.00685
	16	94	81.9878
	16	95	99.0202
	16	96	92.84934
	16	97	61.294373
	16	98	48.83646
	16	99	20.12461
	17	0	59.135437
	17	1	20.248457
	17	2	84.59905
	17	3	60.207973
	17	4	33.526108
	17	5	83.35467
	17	6	14.0
	17	7	23.259407
	17	8	68.7968
	17	9	45.694637
	17	10	52.392746
	17	11	9.219544
	17	12	34.88553
	17	13	25.0
	17	14	64.513565
	17	15	45.54119
	17	16	34.785053
	17	17	0.0
	17	18	33.06055
	17	19	34.88553
	17	20	43.60046
	17	21	55.154327
	17	22	27.294687
	17	23	47.010635
	17	24	15.524175
	17	25	6.0827627
	17	26	16.155495
	17	27	50.931328
	17	28	8.602325
	17	29	60.207973
	17	30	83.00603
	17	31	26.24881
	17	32	50.77401
	17	33	49.365982
	17	34	43.416588
	17	35	17.804493
	17	36	14.3178215
	17	37	47.010635
	17	38	10.440307
	17	39	56.35601
	17	40	22.671568
	17	41	67.17886
	17	42	38.587563
	17	43	33.01515
	17	44	77.698135
	17	45	15.524175
	17	46	31.780497
	17	47	60.0
	17	48	61.7171
	17	49	19.104973
	17	50	40.311287
	17	51	50.566788
	17	52	48.373547
	17	53	12.649111
	17	54	29.15476
	17	55	30.463093
	17	56	17.464249
	17	57	52.153618
	17	58	71.42129
	17	59	30.413813
	17	60	48.104053
	17	61	7.615773
	17	62	50.635956
	17	63	72.249565
	17	64	49.365982
	17	65	64.899925
	17	66	82.492424
	17	67	33.526108
	17	68	24.596748
	17	69	49.819675
	17	70	46.043457
	17	71	64.0
	17	72	55.97321
	17	73	67.23094
	17	74	64.03124
	17	75	62.241467
	17	76	16.0
	17	77	43.829212
	17	78	61.400326
	17	79	53.15073
	17	80	79.924965
	17	81	48.754486
	17	82	85.08819
	17	83	44.102154
	17	84	16.40122
	17	85	76.15773
	17	86	60.74537
	17	87	21.931713
	17	88	12.369317
	17	89	33.13608
	17	90	43.011627
	17	91	53.037724
	17	92	72.44998
	17	93	59.933296
	17	94	64.40497
	17	95	84.90583
	17	96	80.9506
	17	97	81.88406
	17	98	47.0
	17	99	15.132746
	18	0	59.665737
	18	1	52.773098
	18	2	76.41989
	18	3	43.68066
	18	4	8.062258
	18	5	74.54529
	18	6	36.67424
	18	7	32.526913
	18	8	46.32494
	18	9	21.931713
	18	10	20.59126
	18	11	31.780497
	18	12	18.110771
	18	13	51.264023
	18	14	64.132675
	18	15	15.0
	18	16	67.26812
	18	17	33.06055
	18	18	0.0
	18	19	14.142136
	18	20	73.53911
	18	21	29.206163
	18	22	17.492855
	18	23	14.035668
	18	24	40.718548
	18	25	32.984844
	18	26	41.109608
	18	27	79.17702
	18	28	29.410883
	18	29	68.0294
	18	30	101.671036
	18	31	36.796738
	18	32	30.675724
	18	33	64.202805
	18	34	69.97142
	18	35	46.818798
	18	36	19.646883
	18	37	59.64059
	18	38	37.94733
	18	39	78.64477
	18	40	51.62364
	18	41	51.92302
	18	42	68.41052
	18	43	3.0
	18	44	68.46897
	18	45	18.973665
	18	46	11.7046995
	18	47	50.08992
	18	48	83.48653
	18	49	49.335587
	18	50	71.38628
	18	51	26.41969
	18	52	27.513634
	18	53	38.327538
	18	54	6.4031243
	18	55	61.81424
	18	56	34.669872
	18	57	65.459915
	18	58	55.027267
	18	59	59.093147
	18	60	68.622154
	18	61	26.476404
	18	62	19.723083
	18	63	57.974133
	18	64	16.492422
	18	65	56.0803
	18	66	73.552704
	18	67	41.04875
	18	68	55.7315
	18	69	19.416489
	18	70	71.281136
	18	71	73.790245
	18	72	44.181442
	18	73	87.04597
	18	74	72.91776
	18	75	36.124783
	18	76	49.0408
	18	77	18.973665
	18	78	63.06346
	18	79	37.65634
	18	80	70.5762
	18	81	25.495098
	18	82	104.35037
	18	83	11.045361
	18	84	27.45906
	18	85	68.18358
	18	86	33.24154
	18	87	47.41308
	18	88	45.01111
	18	89	46.09772
	18	90	47.423622
	18	91	65.192024
	18	92	90.90655
	18	93	56.435802
	18	94	54.230988
	18	95	74.96666
	18	96	74.10803
	18	97	103.24728
	18	98	59.07622
	18	99	48.166378
	19	0	72.99315
	19	1	55.03635
	19	2	90.55385
	19	3	57.72348
	19	4	6.0827627
	19	5	88.68484
	19	6	43.13931
	19	7	42.544094
	19	8	59.48109
	19	9	35.735138
	19	10	20.396078
	19	11	29.832869
	19	12	32.0
	19	13	46.173584
	19	14	77.64664
	19	15	26.925823
	19	16	69.46222
	19	17	34.88553
	19	18	14.142136
	19	19	0.0
	19	20	78.23043
	19	21	42.059483
	19	22	29.832869
	19	23	21.931713
	19	24	46.75468
	19	25	37.202152
	19	26	37.01351
	19	27	85.0
	19	28	34.713108
	19	29	80.32434
	19	30	111.77209
	19	31	47.010635
	19	32	44.64303
	19	33	74.793045
	19	34	76.57676
	19	35	51.613953
	19	36	25.495098
	19	37	70.66116
	19	38	42.80187
	19	39	87.20665
	19	40	56.61272
	19	41	65.96969
	19	42	64.12488
	19	43	17.117243
	19	44	82.607506
	19	45	25.612497
	19	46	3.6055512
	19	47	64.195015
	19	48	92.31468
	19	49	53.535034
	19	50	68.0
	19	51	39.92493
	19	52	41.484936
	19	53	35.22783
	19	54	19.104973
	19	55	59.135437
	19	56	42.638012
	19	57	76.47875
	19	58	68.96376
	19	59	64.40497
	19	60	77.62087
	19	61	30.610456
	19	62	30.610456
	19	63	72.03471
	19	64	20.59126
	19	65	70.178345
	19	66	87.69264
	19	67	52.392746
	19	68	53.235325
	19	69	30.805843
	19	70	78.51752
	19	71	85.79627
	19	72	58.30952
	19	73	96.60745
	19	74	85.09406
	19	75	48.548943
	19	76	49.648766
	19	77	8.944272
	19	78	76.29548
	19	79	51.78803
	19	80	84.71718
	19	81	39.217342
	19	82	114.28473
	19	83	18.384777
	19	84	35.805027
	19	85	82.29824
	19	86	45.221676
	19	87	53.814495
	19	88	44.922153
	19	89	56.435802
	19	90	59.77458
	19	91	76.48529
	19	92	100.95544
	19	93	70.178345
	19	94	68.359344
	19	95	89.106674
	19	96	88.20431
	19	97	112.44554
	19	98	70.21396
	19	99	49.396355
	20	0	61.77378
	20	1	24.839485
	20	2	89.88882
	20	3	81.21576
	20	4	76.05919
	20	5	89.693924
	20	6	37.0
	20	7	45.276924
	20	8	93.64828
	20	9	77.41447
	20	10	94.02127
	20	11	50.931328
	20	12	66.75328
	20	13	50.159744
	20	14	66.037865
	20	15	82.2253
	20	16	15.132746
	20	17	43.60046
	20	18	73.53911
	20	19	78.23043
	20	20	0.0
	20	21	86.145226
	20	22	60.41523
	20	23	86.33076
	20	24	32.89377
	20	25	41.18252
	20	26	50.219517
	20	27	9.219544
	20	28	44.28318
	20	29	52.49762
	20	30	51.156624
	20	31	43.011627
	20	32	78.00641
	20	33	37.01351
	20	34	11.313708
	20	35	26.832815
	20	36	54.129475
	20	37	39.962482
	20	38	35.77709
	20	39	25.632011
	20	40	21.931713
	20	41	84.89994
	20	42	46.043457
	20	43	72.44998
	20	44	85.883644
	20	45	54.626
	20	46	74.94665
	20	47	74.330345
	20	48	29.832869
	20	49	24.698177
	20	50	42.047592
	20	51	81.154175
	20	52	77.02597
	20	53	49.0408
	20	54	68.007355
	20	55	38.63936
	20	56	40.024994
	20	57	40.459858
	20	58	89.28606
	20	59	14.56022
	20	60	26.172504
	20	61	47.88528
	20	62	86.88498
	20	63	87.595665
	20	64	89.88882
	20	65	76.321686
	20	66	89.1852
	20	67	45.39824
	20	68	39.217342
	20	69	85.70297
	20	70	15.0
	20	71	51.662365
	20	72	73.756355
	20	73	37.107952
	20	74	53.037724
	20	75	92.00543
	20	76	32.202484
	20	77	87.13208
	20	78	61.587337
	20	79	75.53807
	20	80	87.70975
	20	81	79.15807
	20	82	52.009613
	20	83	84.15462
	20	84	46.840153
	20	85	83.240616
	20	86	92.13577
	20	87	26.683329
	20	88	37.01351
	20	89	38.63936
	20	90	50.289165
	20	91	42.638012
	20	92	43.174065
	20	93	67.11929
	20	94	77.491936
	20	95	92.28217
	20	96	85.44004
	20	97	46.173584
	20	98	40.81666
	20	99	31.241
	21	0	47.423622
	21	1	71.38628
	21	2	53.935146
	21	3	19.924858
	21	4	36.359318
	21	5	51.78803
	21	6	51.47815
	21	7	41.0
	21	8	17.464249
	21	9	9.486833
	21	10	33.0
	21	11	57.45433
	21	12	20.615528
	21	13	77.698135
	21	14	50.0
	21	15	15.231546
	21	16	84.59315
	21	17	55.154327
	21	18	29.206163
	21	19	42.059483
	21	20	86.145226
	21	21	0.0
	21	22	28.160255
	21	23	22.36068
	21	24	55.326305
	21	25	52.201534
	21	26	67.41662
	21	27	89.106674
	21	28	48.08326
	21	29	60.307545
	21	30	99.29753
	21	31	43.185646
	21	32	10.0
	21	33	63.505905
	21	34	79.07591
	21	35	62.39391
	21	36	41.14608
	21	37	58.137768
	21	38	55.108982
	21	39	82.28001
	21	40	66.1211
	21	41	27.294687
	21	42	93.471924
	21	43	26.907248
	21	44	46.09772
	21	45	39.812057
	21	46	40.496914
	21	47	30.88689
	21	48	86.00581
	21	49	65.490456
	21	50	95.462036
	21	51	5.0
	21	52	9.486833
	21	53	64.14047
	21	54	28.42534
	21	55	85.61542
	21	56	47.169907
	21	57	63.134777
	21	58	29.0
	21	59	72.00694
	21	60	72.11102
	21	61	47.539455
	21	62	13.038404
	21	63	33.13608
	21	64	27.073973
	21	65	36.249138
	21	66	50.803543
	21	67	42.44997
	21	68	79.70571
	21	69	12.165525
	21	70	78.854294
	21	71	66.70832
	21	72	25.23886
	21	73	87.23531
	21	74	65.192024
	21	75	7.2111025
	21	76	70.21396
	21	77	42.72002
	21	78	50.990196
	21	79	17.804493
	21	80	47.853943
	21	81	7.0
	21	82	102.34256
	21	83	25.0
	21	84	41.773197
	21	85	46.840153
	21	86	6.0
	21	87	60.00833
	21	88	67.41662
	21	89	49.47727
	21	90	42.941822
	21	91	61.91123
	21	92	89.358826
	21	93	41.400482
	21	94	33.61547
	21	95	51.351727
	21	96	52.886673
	21	97	103.44564
	21	98	57.245087
	21	99	68.68042
	22	0	43.289722
	22	1	43.416588
	22	2	63.324562
	22	3	34.20526
	22	4	24.351591
	22	5	61.68468
	22	6	24.020824
	22	7	16.124516
	22	8	41.617306
	22	9	18.681541
	22	10	36.796738
	22	11	31.112698
	22	12	7.615773
	22	13	51.088158
	22	14	48.09366
	22	15	21.84033
	22	16	57.035076
	22	17	27.294687
	22	18	17.492855
	22	19	29.832869
	22	20	60.41523
	22	21	28.160255
	22	22	0.0
	22	23	26.925823
	22	24	28.071337
	22	25	24.04163
	22	26	41.036568
	22	27	64.84597
	22	28	19.924858
	22	29	50.695168
	22	30	84.38602
	22	31	20.0
	22	32	23.600847
	22	33	46.8615
	22	34	55.154327
	22	35	35.014282
	22	36	14.142136
	22	37	42.201897
	22	38	27.166155
	22	39	62.201286
	22	40	39.20459
	22	41	41.880783
	22	42	65.863495
	22	43	15.0
	22	44	55.65968
	22	45	12.727922
	22	46	26.476404
	22	47	37.0
	22	48	66.8431
	22	49	38.0
	22	50	67.54258
	22	51	23.409399
	22	52	21.095022
	22	53	37.536648
	22	54	11.18034
	22	55	57.697487
	22	56	20.396078
	22	57	48.010414
	22	58	45.80393
	22	59	45.891174
	22	60	52.009613
	22	61	19.723083
	22	62	26.476404
	22	63	47.507893
	22	64	31.400637
	22	65	42.72002
	22	66	60.728905
	22	67	23.600847
	22	68	51.884487
	22	69	25.317978
	22	70	55.9017
	22	71	56.364883
	22	72	31.780497
	22	73	70.00714
	22	74	55.542778
	22	75	35.1141
	22	76	42.059483
	22	77	36.249138
	22	78	46.52956
	22	79	27.202942
	22	80	57.870544
	22	81	21.540659
	22	82	87.11487
	22	83	25.612497
	22	84	14.0
	22	85	54.81788
	22	86	33.955853
	22	87	33.734257
	22	88	39.39543
	22	89	29.0
	22	90	30.083218
	22	91	47.707443
	22	92	73.661385
	22	93	41.04875
	22	94	41.4367
	22	95	62.625874
	22	96	60.41523
	22	97	86.313385
	22	98	41.617306
	22	99	40.5216
	23	0	63.505905
	23	1	66.48308
	23	2	75.23962
	23	3	41.04875
	23	4	17.492855
	23	5	73.171036
	23	6	49.335587
	23	7	43.046486
	23	8	39.56008
	23	9	19.646883
	23	10	11.7046995
	23	11	45.705578
	23	12	23.345236
	23	13	64.84597
	23	14	67.23094
	23	15	8.246211
	23	16	80.895
	23	17	47.010635
	23	18	14.035668
	23	19	21.931713
	23	20	86.33076
	23	21	22.36068
	23	22	26.925823
	23	23	0.0
	23	24	53.450912
	23	25	46.52956
	23	26	54.81788
	23	27	91.389275
	23	28	42.755116
	23	29	74.06078
	23	30	110.308655
	23	31	46.872166
	23	32	28.284271
	23	33	72.862885
	23	34	81.859634
	23	35	59.908264
	23	36	33.24154
	23	37	67.88225
	23	38	51.1957
	23	39	89.050545
	23	40	64.56005
	23	41	49.0
	23	42	82.2253
	23	43	14.142136
	23	44	67.26812
	23	45	32.38827
	23	46	21.633308
	23	47	50.219517
	23	48	93.60021
	23	49	62.58594
	23	50	85.32877
	23	51	22.022715
	23	52	25.495098
	23	53	52.17279
	23	54	18.439089
	23	55	75.802376
	23	56	46.615448
	23	57	73.552704
	23	58	51.156624
	23	59	71.7844
	23	60	78.81624
	23	61	40.1995
	23	62	9.486833
	23	63	55.00909
	23	64	5.3851647
	23	65	56.089214
	23	66	72.1734
	23	67	49.57822
	23	68	69.72087
	23	69	10.198039
	23	70	82.764725
	23	71	80.21222
	23	72	44.14748
	23	73	96.42614
	23	74	79.05694
	23	75	27.856777
	23	76	63.007935
	23	77	20.615528
	23	78	67.08204
	23	79	36.67424
	23	80	69.18092
	23	81	22.203604
	23	82	113.14592
	23	83	3.6055512
	23	84	39.56008
	23	85	67.601776
	23	86	24.166092
	23	87	59.808025
	23	88	59.03389
	23	89	55.605755
	23	90	54.037025
	23	91	72.91776
	23	92	99.724625
	23	93	58.872746
	23	94	53.75872
	23	95	73.02739
	23	96	73.68175
	23	97	112.805145
	23	98	67.17886
	23	99	62.072536
	24	0	47.010635
	24	1	17.0
	24	2	74.20242
	24	3	55.00909
	24	4	43.829212
	24	5	73.24616
	24	6	4.1231055
	24	7	15.231546
	24	8	65.78754
	24	9	46.09772
	24	10	61.269894
	24	11	24.738634
	24	12	35.014282
	24	13	36.687874
	24	14	52.35456
	24	15	49.648766
	24	16	29.274563
	24	17	15.524175
	24	18	40.718548
	24	19	46.75468
	24	20	32.89377
	24	21	55.326305
	24	22	28.071337
	24	23	53.450912
	24	24	0.0
	24	25	10.29563
	24	26	30.066593
	24	27	38.587563
	24	28	12.0415945
	24	29	45.891174
	24	30	67.62396
	24	31	15.6205
	24	32	48.507732
	24	33	34.058773
	24	34	29.832869
	24	35	7.071068
	24	36	21.633308
	24	37	32.140316
	24	38	5.0990195
	24	39	41.340054
	24	40	11.18034
	24	41	60.74537
	24	42	45.453274
	24	43	39.56008
	24	44	68.0147
	24	45	21.954498
	24	46	43.27817
	24	47	51.855568
	24	48	46.647614
	24	49	10.198039
	24	50	45.276924
	24	51	50.358715
	24	52	46.872166
