data;

param n := 50;

param p := 5;

param m := 2;

param alpha := 10.007068634033203;

param r := 
	0	1
	1	1
	2	0
	3	0
	4	0
	5	1
	6	0
	7	0
	8	0
	9	0
	10	1
	11	1
	12	1
	13	1
	14	0
	15	0
	16	0
	17	1
	18	0
	19	0
	20	1
	21	1
	22	1
	23	1
	24	1
	25	1
	26	0
	27	0
	28	1
	29	1
	30	1
	31	0
	32	0
	33	0
	34	1
	35	0
	36	0
	37	0
	38	0
	39	0
	40	1
	41	0
	42	0
	43	0
	44	0
	45	1
	46	0
	47	1
	48	0
	49	0
;

param d := 
	0	1
	1	1
	2	1
	3	1
	4	1
	5	1
	6	1
	7	0
	8	0
	9	0
	10	1
	11	1
	12	1
	13	1
	14	0
	15	1
	16	0
	17	1
	18	1
	19	0
	20	1
	21	1
	22	1
	23	1
	24	1
	25	1
	26	1
	27	0
	28	1
	29	1
	30	1
	31	1
	32	0
	33	0
	34	1
	35	0
	36	1
	37	0
	38	0
	39	0
	40	1
	41	1
	42	0
	43	0
	44	0
	45	1
	46	1
	47	1
	48	0
	49	0
;

param c := 
	0	0	0.0
	0	1	78.40918
	0	2	56.142673
	0	3	58.872746
	0	4	9.0
	0	5	79.00633
	0	6	80.65358
	0	7	96.87621
	0	8	94.11163
	0	9	40.459858
	0	10	70.76723
	0	11	97.862144
	0	12	62.39391
	0	13	72.00694
	0	14	88.588936
	0	15	13.416408
	0	16	29.15476
	0	17	42.059483
	0	18	98.1835
	0	19	17.720045
	0	20	53.66563
	0	21	65.76473
	0	22	59.135437
	0	23	89.358826
	0	24	37.215588
	0	25	33.42155
	0	26	77.388626
	0	27	82.710335
	0	28	12.206555
	0	29	38.078865
	0	30	58.5235
	0	31	54.708317
	0	32	29.732138
	0	33	50.990196
	0	34	42.047592
	0	35	22.36068
	0	36	63.126858
	0	37	56.0357
	0	38	33.01515
	0	39	48.08326
	0	40	41.0
	0	41	19.313208
	0	42	105.0
	0	43	67.601776
	0	44	47.853943
	0	45	62.681736
	0	46	83.1685
	0	47	49.09175
	0	48	48.507732
	0	49	99.29753
	1	0	78.40918
	1	1	0.0
	1	2	66.48308
	1	3	83.294655
	1	4	71.50524
	1	5	68.42514
	1	6	47.801674
	1	7	89.04493
	1	8	57.384666
	1	9	38.013157
	1	10	14.56022
	1	11	50.24938
	1	12	41.0
	1	13	55.03635
	1	14	36.05551
	1	15	65.29931
	1	16	67.72001
	1	17	37.536648
	1	18	34.928497
	1	19	62.241467
	1	20	27.784887
	1	21	93.53609
	1	22	44.102154
	1	23	67.80118
	1	24	41.725292
	1	25	92.0489
	1	26	36.40055
	1	27	88.95505
	1	28	66.85058
	1	29	48.76474
	1	30	30.016663
	1	31	25.0
	1	32	88.54378
	1	33	30.528675
	1	34	60.299255
	1	35	63.560993
	1	36	15.652476
	1	37	60.530983
	1	38	45.453274
	1	39	48.04165
	1	40	53.600372
	1	41	60.1415
	1	42	36.013885
	1	43	31.016125
	1	44	71.00704
	1	45	27.294687
	1	46	93.30059
	1	47	46.840153
	1	48	50.01
	1	49	34.525352
	2	0	56.142673
	2	1	66.48308
	2	2	0.0
	2	3	17.029387
	2	4	57.48913
	2	5	23.537205
	2	6	35.0
	2	7	41.0
	2	8	44.82187
	2	9	46.09772
	2	10	52.153618
	2	11	53.15073
	2	12	82.20097
	2	13	21.931713
	2	14	50.990196
	2	15	52.49762
	2	16	27.018513
	2	17	54.56189
	2	18	63.560993
	2	19	55.154327
	2	20	61.05735
	2	21	27.073973
	2	22	81.68843
	2	23	35.1141
	2	24	51.62364
	2	25	41.340054
	2	26	39.56008
	2	27	29.410883
	2	28	47.296936
	2	29	28.319605
	2	30	36.67424
	2	31	58.18075
	2	32	40.24922
	2	33	60.464867
	2	34	15.231546
	2	35	34.928497
	2	36	54.120235
	2	37	6.0
	2	38	48.270073
	2	39	20.59126
	2	40	20.615528
	2	41	53.712196
	2	42	72.615425
	2	43	37.12142
	2	44	10.29563
	2	45	39.20459
	2	46	31.827662
	2	47	74.953316
	2	48	18.35756
	2	49	65.39113
	3	0	58.872746
	3	1	83.294655
	3	2	17.029387
	3	3	0.0
	3	4	62.649822
	3	5	32.55764
	3	6	50.08992
	3	7	41.773197
	3	8	57.628117
	3	9	59.5399
	3	10	69.065186
	3	11	67.41662
	3	12	95.880135
	3	13	36.67424
	3	14	67.06713
	3	15	59.07622
	3	16	31.622776
	3	17	67.74216
	3	18	79.71198
	3	19	62.801273
	3	20	75.643906
	3	21	10.440307
	3	22	94.873604
	3	23	44.687805
	3	24	64.070274
	3	25	34.36568
	3	26	56.044624
	3	27	25.0
	3	28	53.0
	3	29	41.18252
	3	30	53.338543
	3	31	73.1642
	3	32	35.014282
	3	33	74.68601
	3	34	26.41969
	3	35	41.400482
	3	36	70.40597
	3	37	23.021729
	3	38	60.0
	3	39	36.138622
	3	40	33.54102
	3	41	61.846584
	3	42	88.86507
	3	43	54.147945
	3	44	14.422205
	3	45	56.0803
	3	46	24.5153
	3	47	87.20092
	3	48	33.955853
	3	49	81.596565
	4	0	9.0
	4	1	71.50524
	4	2	57.48913
	4	3	62.649822
	4	4	0.0
	4	5	79.40403
	4	6	78.44743
	4	7	98.48858
	4	8	92.22798
	4	9	34.058773
	4	10	65.0
	4	11	94.92102
	4	12	53.460266
	4	13	71.063354
	4	14	84.693565
	4	15	6.708204
	4	16	31.38471
	4	17	34.4093
	4	18	93.53609
	4	19	9.433981
	4	20	45.79301
	4	21	70.45566
	4	22	50.159744
	4	23	89.005615
	4	24	29.832869
	4	25	40.81666
	4	26	74.0
	4	27	85.44004
	4	28	10.198039
	4	29	35.510563
	4	30	54.129475
	4	31	47.201694
	4	32	36.891735
	4	33	43.046486
	4	34	42.579338
	4	35	22.561028
	4	36	56.586216
	4	37	56.435802
	4	38	26.172504
	4	39	46.270943
	4	40	40.0
	4	41	11.401754
	4	42	99.8599
	4	43	63.694584
	4	44	50.32892
	4	45	58.137768
	4	46	86.40602
	4	47	40.112343
	4	48	47.095646
	4	49	94.51455
	5	0	79.00633
	5	1	68.42514
	5	2	23.537205
	5	3	32.55764
	5	4	79.40403
	5	5	0.0
	5	6	23.086792
	5	7	22.022715
	5	8	25.942244
	5	9	60.90156
	5	10	54.20332
	5	11	37.0
	5	12	94.36631
	5	13	13.601471
	5	14	41.01219
	5	15	73.82411
	5	16	50.159744
	5	17	69.115845
	5	18	53.08484
	5	19	75.70998
	5	20	72.34639
	5	21	38.27532
	5	22	94.81033
	5	23	12.206555
	5	24	67.53518
	5	25	63.97656
	5	26	33.24154
	5	27	22.022715
	5	28	69.260376
	5	29	46.173584
	5	30	43.13931
	5	31	68.68042
	5	32	63.324562
	5	33	72.62231
	5	34	37.01351
	5	35	57.07889
	5	36	60.440052
	5	37	23.021729
	5	38	65.39113
	5	39	35.468296
	5	40	39.812057
	5	41	73.97973
	5	42	62.201286
	5	43	37.735924
	5	44	33.526108
	5	45	43.416588
	5	46	27.0
	5	47	89.88882
	5	48	33.83785
	5	49	55.081757
	6	0	80.65358
	6	1	47.801674
	6	2	35.0
	6	3	50.08992
	6	4	78.44743
	6	5	23.086792
	6	6	0.0
	6	7	41.59327
	6	8	14.0
	6	9	51.47815
	6	10	34.655445
	6	11	18.439089
	6	12	79.64923
	6	13	13.416408
	6	14	18.027756
	6	15	72.00694
	6	16	55.072678
	6	17	58.463665
	6	18	30.413813
	6	19	72.33948
	6	20	58.18075
	6	21	58.189346
	6	22	80.95678
	6	23	20.0
	6	24	58.549126
	6	25	75.073296
	6	26	11.401754
	6	27	45.099888
	6	28	69.12308
	6	29	42.953465
	6	30	29.12044
	6	31	54.129475
	6	32	73.24616
	6	33	59.236813
	6	34	41.340054
	6	35	58.5235
	6	36	43.266617
	6	37	30.413813
	6	38	58.077534
	6	39	32.572994
	6	40	39.92493
	6	41	70.256676
	6	42	39.623226
	6	43	20.12461
	6	44	44.598206
	6	45	27.313
	6	46	50.039986
	6	47	78.1089
	6	48	32.31099
	6	49	32.38827
	7	0	96.87621
	7	1	89.04493
	7	2	41.0
	7	3	41.773197
	7	4	98.48858
	7	5	22.022715
	7	6	41.59327
	7	7	0.0
	7	8	37.336308
	7	9	82.68011
	7	10	75.21303
	7	11	49.25444
	7	12	116.38728
	7	13	35.35534
	7	14	57.870544
	7	15	93.40771
	7	16	67.74216
	7	17	90.97253
	7	18	68.44706
	7	19	95.817535
	7	20	94.36631
	7	21	42.047592
	7	22	116.82465
	7	23	22.135944
	7	24	89.1852
	7	25	76.11833
	7	26	52.83938
	7	27	17.888544
	7	28	88.29496
	7	29	67.11929
	7	30	65.06919
	7	31	90.68627
	7	32	76.53104
	7	33	94.641426
	7	34	56.044624
	7	35	75.9276
	7	36	82.13403
	7	37	42.72002
	7	38	86.76981
	7	39	56.82429
	7	40	60.166435
	7	41	94.24436
	7	42	76.941536
	7	43	59.03389
	7	44	49.162994
	7	45	65.11528
	7	46	21.400934
	7	47	111.77209
	7	48	55.00909
	7	49	70.40597
	8	0	94.11163
	8	1	57.384666
	8	2	44.82187
	8	3	57.628117
	8	4	92.22798
	8	5	25.942244
	8	6	14.0
	8	7	37.336308
	8	8	0.0
	8	9	65.37584
	8	10	45.79301
	8	11	12.0
	8	12	92.19544
	8	13	23.323807
	8	14	22.203604
	8	15	85.84288
	8	16	67.62396
	8	17	72.18033
	8	18	31.320919
	8	19	86.28442
	8	20	71.168816
	8	21	64.14047
	8	22	93.77633
	8	23	16.124516
	8	24	72.443085
	8	25	86.023254
	8	26	22.847319
	8	27	46.32494
	8	28	82.764725
	8	29	56.718605
	8	30	42.755116
	8	31	67.06713
	8	32	84.59905
	8	33	72.42237
	8	34	53.712196
	8	35	71.8401
	8	36	55.461697
	8	37	41.340054
	8	38	72.06247
	8	39	46.09772
	8	40	53.160137
	8	41	84.21401
	8	42	39.623226
	8	43	33.24154
	8	44	55.0
	8	45	40.5216
	8	46	51.41984
	8	47	91.48224
	8	48	45.607018
	8	49	33.24154
	9	0	40.459858
	9	1	38.013157
	9	2	46.09772
	9	3	59.5399
	9	4	34.058773
	9	5	60.90156
	9	6	51.47815
	9	7	82.68011
	9	8	65.37584
	9	9	0.0
	9	10	31.06445
	9	11	65.192024
	9	12	36.359318
	9	13	48.8467
	9	14	53.15073
	9	15	27.58623
	9	16	34.132095
	9	17	8.485281
	9	18	60.53924
	9	19	25.23886
	9	20	17.117243
	9	21	69.77106
	9	22	35.608986
	9	23	67.06713
	9	24	7.071068
	9	25	57.21888
	9	26	44.04543
	9	27	74.96666
	9	28	28.84441
	9	29	18.35756
	9	30	23.021729
	9	31	16.124516
	9	32	53.338543
	9	33	15.524175
	9	34	33.12099
	9	35	27.294687
	9	36	22.671568
	9	37	41.725292
	9	38	8.062258
	9	39	26.24881
	9	40	26.076809
	9	41	23.021729
	9	42	66.24198
	9	43	33.06055
	9	44	45.17743
	9	45	26.305893
	9	46	77.83315
	9	47	29.206163
	9	48	28.319605
	9	49	61.326992
	10	0	70.76723
	10	1	14.56022
	10	2	52.153618
	10	3	69.065186
	10	4	65.0
	10	5	54.20332
	10	6	34.655445
	10	7	75.21303
	10	8	45.79301
	10	9	31.06445
	10	10	0.0
	10	11	40.804413
	10	12	47.127487
	10	13	40.706264
	10	14	26.683329
	10	15	58.412327
	10	16	55.946404
	10	17	33.83785
	10	18	30.594116
	10	19	56.302753
	10	20	28.0
	10	21	79.22752
	10	22	49.24429
	10	23	54.48853
	10	24	36.67424
	10	25	80.23092
	10	26	23.43075
	10	27	74.46476
	10	28	58.694122
	10	29	37.12142
	10	30	16.27882
	10	31	24.020824
	10	32	76.96753
	10	33	30.066593
	10	34	47.07441
	10	35	53.25411
	10	36	11.0
	10	37	46.173584
	10	38	39.115215
	10	39	34.525352
	10	40	40.804413
	10	41	54.08327
	10	42	35.341194
	10	43	16.552946
	10	44	57.21888
	10	45	13.0
	10	46	78.77182
	10	47	49.010204
	10	48	36.345562
	10	49	31.04835
	11	0	97.862144
	11	1	50.24938
	11	2	53.15073
	11	3	67.41662
	11	4	94.92102
	11	5	37.0
	11	6	18.439089
	11	7	49.25444
	11	8	12.0
	11	9	65.192024
	11	10	40.804413
	11	11	0.0
	11	12	87.93179
	11	13	31.241
	11	14	14.3178215
	11	15	88.32327
	11	16	73.24616
	11	17	71.00704
	11	18	20.12461
	11	19	88.07383
	11	20	68.06615
	11	21	74.68601
	11	22	89.98889
	11	23	28.071337
	11	24	72.11102
	11	25	93.50936
	11	26	21.213203
	11	27	58.0517
	11	28	86.034874
	11	29	59.808025
	11	30	42.190044
	11	31	63.953106
	11	32	91.67879
	11	33	69.72087
	11	34	59.64059
	11	35	76.05919
	11	36	51.41984
	11	37	48.79549
	11	38	72.56032
	11	39	50.08992
	11	40	57.706154
	11	41	85.90693
	11	42	27.89265
	11	43	32.140316
	11	44	62.936478
	11	45	39.012817
	11	46	63.15061
	11	47	88.95505
	11	48	50.119858
	11	49	21.931713
	12	0	62.39391
	12	1	41.0
	12	2	82.20097
	12	3	95.880135
	12	4	53.460266
	12	5	94.36631
	12	6	79.64923
	12	7	116.38728
	12	8	92.19544
	12	9	36.359318
	12	10	47.127487
	12	11	87.93179
	12	12	0.0
	12	13	81.21576
	12	14	73.76314
	12	15	50.01
	12	16	68.622154
	12	17	28.178005
	12	18	75.42546
	12	19	45.044422
	12	20	22.022715
	12	21	106.06602
	12	22	4.2426405
	12	23	98.1835
	12	24	32.31099
	12	25	89.106674
	12	26	69.354164
	12	27	110.535065
	12	28	55.081757
	12	29	54.708317
	12	30	51.613953
	12	31	25.806976
	12	32	85.0
	12	33	21.931713
	12	34	69.46222
	12	35	59.908264
	12	36	36.769554
	12	37	77.46612
	12	38	37.0
	12	39	61.846584
	12	40	62.433964
	12	41	44.0
	12	42	77.00649
	12	43	59.5399
	12	44	81.49233
	12	45	52.478565
	12	46	113.70136
	12	47	13.601471
	12	48	64.03124
	12	49	75.23962
	13	0	72.00694
	13	1	55.03635
	13	2	21.931713
	13	3	36.67424
	13	4	71.063354
	13	5	13.601471
	13	6	13.416408
	13	7	35.35534
	13	8	23.323807
	13	9	48.8467
	13	10	40.706264
	13	11	31.241
	13	12	81.21576
	13	13	0.0
	13	14	30.805843
	13	15	65.0
	13	16	44.598206
	13	17	56.797886
	13	18	43.416588
	13	19	66.189125
	13	20	59.20304
	13	21	44.922153
	13	22	81.84131
	13	23	18.439089
	13	24	55.713554
	13	25	62.801273
	13	26	21.023796
	13	27	34.20526
	13	28	61.204575
	13	29	36.124783
	13	30	29.732138
	13	31	55.443665
	13	32	61.294373
	13	33	59.64059
	13	34	30.675724
	13	35	49.648766
	13	36	46.8615
	13	37	18.027756
	13	38	54.120235
	13	39	25.079872
	13	40	31.144823
	13	41	64.28063
	13	42	52.63079
	13	43	24.186773
	13	44	31.890438
	13	45	29.832869
	13	46	38.832977
	13	47	77.41447
	13	48	24.0
	13	49	45.35416
	14	0	88.588936
	14	1	36.05551
	14	2	50.990196
	14	3	67.06713
	14	4	84.693565
	14	5	41.01219
	14	6	18.027756
	14	7	57.870544
	14	8	22.203604
	14	9	53.15073
	14	10	26.683329
	14	11	14.3178215
	14	12	73.76314
	14	13	30.805843
	14	14	0.0
	14	15	78.0
	14	16	66.52819
	14	17	58.21512
	14	18	12.649111
	14	19	77.16217
	14	20	54.33231
	14	21	75.690155
	14	22	75.9276
	14	23	35.735138
	14	24	59.841457
	14	25	88.72993
	14	26	12.0415945
	14	27	63.03174
	14	28	76.47875
	14	29	50.77401
	14	30	30.675724
	14	31	50.24938
	14	32	86.37129
	14	33	56.142673
	14	34	53.814495
	14	35	67.6757
	14	36	37.48333
	14	37	45.65085
	14	38	60.876926
	14	39	42.520584
	14	40	50.32892
	14	41	74.94665
	14	42	21.84033
	14	43	21.023796
	14	44	59.682495
	14	45	26.925823
	14	46	68.007355
	14	47	75.32596
	14	48	43.13931
	14	49	14.56022
	15	0	13.416408
	15	1	65.29931
	15	2	52.49762
	15	3	59.07622
	15	4	6.708204
	15	5	73.82411
	15	6	72.00694
	15	7	93.40771
	15	8	85.84288
	15	9	27.58623
	15	10	58.412327
	15	11	88.32327
	15	12	50.01
	15	13	65.0
	15	14	78.0
	15	15	0.0
	15	16	27.45906
	15	17	28.653097
	15	18	86.833176
	15	19	5.0990195
	15	20	40.24922
	15	21	67.47592
	15	22	47.042534
	15	23	83.09633
	15	24	23.853722
	15	25	40.853397
	15	26	67.357254
	15	27	81.02469
	15	28	6.4031243
	15	29	29.15476
	15	30	47.423622
	15	31	41.340054
	15	32	36.769554
	15	33	37.576588
	15	34	37.363083
	15	35	17.888544
	15	36	50.20956
	15	37	50.990196
	15	38	19.849434
	15	39	40.04997
	15	40	34.132095
	15	41	6.0827627
	15	42	93.193344
	15	43	57.00877
	15	44	46.06517
	15	45	51.42956
	15	46	82.29824
	15	47	37.12142
	15	48	41.0
	15	49	87.81799
	16	0	29.15476
	16	1	67.72001
	16	2	27.018513
	16	3	31.622776
	16	4	31.38471
	16	5	50.159744
	16	6	55.072678
	16	7	67.74216
	16	8	67.62396
	16	9	34.132095
	16	10	55.946404
	16	11	73.24616
	16	12	68.622154
	16	13	44.598206
	16	14	66.52819
	16	15	27.45906
	16	16	0.0
	16	17	41.0
	16	18	77.83315
	16	19	31.241
	16	20	51.24451
	16	21	40.311287
	16	22	66.85058
	16	23	61.0
	16	24	36.40055
	16	25	24.351591
	16	26	54.56189
	16	27	54.08327
	16	28	21.470911
	16	29	18.973665
	16	30	40.311287
	16	31	50.01
	16	32	21.023796
	16	33	49.497475
	16	34	13.928389
	16	35	9.899495
	16	36	52.392746
	16	37	27.45906
	16	38	31.622776
	16	39	24.04163
	16	40	16.27882
	16	41	30.413813
	16	42	85.91275
	16	43	46.8615
	16	44	18.973665
	16	45	44.418465
	16	46	55.03635
	16	47	58.137768
	16	48	23.43075
	16	49	79.30952
	17	0	42.059483
	17	1	37.536648
	17	2	54.56189
	17	3	67.74216
	17	4	34.4093
	17	5	69.115845
	17	6	58.463665
	17	7	90.97253
	17	8	72.18033
	17	9	8.485281
	17	10	33.83785
	17	11	71.00704
	17	12	28.178005
	17	13	56.797886
	17	14	58.21512
	17	15	28.653097
	17	16	41.0
	17	17	0.0
	17	18	64.288414
	17	19	25.0
	17	20	11.7046995
	17	21	77.89737
	17	22	27.202942
	17	23	74.84651
	17	24	5.0990195
	17	25	63.007935
	17	26	50.159744
	17	27	83.450584
	17	28	31.622776
	17	29	26.627054
	17	30	29.427877
	17	31	12.806249
	17	32	59.0
	17	33	9.219544
	17	34	41.340054
	17	35	33.06055
	17	36	23.70654
	17	37	50.20956
	17	38	10.049875
	17	39	34.713108
	17	40	34.4093
	17	41	23.021729
	17	42	69.079666
	17	43	39.20459
	17	44	53.338543
	17	45	32.06244
	17	46	86.313385
	17	47	20.808653
	17	48	36.796738
	17	49	64.84597
	18	0	98.1835
	18	1	34.928497
	18	2	63.560993
	18	3	79.71198
	18	4	93.53609
	18	5	53.08484
	18	6	30.413813
	18	7	68.44706
	18	8	31.320919
	18	9	60.53924
	18	10	30.594116
	18	11	20.12461
	18	12	75.42546
	18	13	43.416588
	18	14	12.649111
	18	15	86.833176
	18	16	77.83315
	18	17	64.288414
	18	18	0.0
	18	19	85.42833
	18	20	58.30952
	18	21	88.32327
	18	22	78.160095
	18	23	46.52956
	18	24	66.730804
	18	25	100.60318
	18	26	24.186773
	18	27	75.026665
	18	28	85.98256
	18	29	61.073727
	18	30	39.661064
	18	31	54.451813
	18	32	98.0816
	18	33	60.530983
	18	34	65.60488
	18	35	78.10249
	18	36	41.4367
	18	37	58.137768
	18	38	68.54196
	18	39	53.814495
	18	40	61.554855
	18	41	83.19255
	18	42	9.219544
	18	43	31.144823
	18	44	72.06941
	18	45	35.510563
	18	46	80.05623
	18	47	79.15807
	18	48	54.67175
	18	49	2.0
	19	0	17.720045
	19	1	62.241467
	19	2	55.154327
	19	3	62.801273
	19	4	9.433981
	19	5	75.70998
	19	6	72.33948
	19	7	95.817535
	19	8	86.28442
	19	9	25.23886
	19	10	56.302753
	19	11	88.07383
	19	12	45.044422
	19	13	66.189125
	19	14	77.16217
	19	15	5.0990195
	19	16	31.241
	19	17	25.0
	19	18	85.42833
	19	19	0.0
	19	20	36.359318
	19	21	71.50524
	19	22	42.0119
	19	23	84.48077
	19	24	20.518284
	19	25	45.88028
	19	26	66.94027
	19	27	84.07735
	19	28	11.18034
	19	29	30.066593
	19	30	46.486557
	19	31	37.802116
	19	32	41.785164
	19	33	33.61547
	19	34	39.92493
	19	35	21.400934
	19	36	47.507893
	19	37	53.160137
	19	38	17.20465
	19	39	41.109608
	19	40	35.902645
	19	41	2.236068
	19	42	91.416626
	19	43	56.32051
	19	44	49.396355
	19	45	50.32892
	19	46	85.58621
	19	47	32.06244
	19	48	42.296574
	19	49	86.313385
	20	0	53.66563
	20	1	27.784887
	20	2	61.05735
	20	3	75.643906
	20	4	45.79301
	20	5	72.34639
	20	6	58.18075
	20	7	94.36631
	20	8	71.168816
	20	9	17.117243
	20	10	28.0
	20	11	68.06615
	20	12	22.022715
	20	13	59.20304
	20	14	54.33231
	20	15	40.24922
	20	16	51.24451
	20	17	11.7046995
	20	18	58.30952
	20	19	36.359318
	20	20	0.0
	20	21	86.00581
	20	22	22.825424
	20	23	76.321686
	20	24	16.763054
	20	25	74.06078
	20	26	48.38388
	20	27	88.86507
	20	28	43.32436
	20	29	34.785053
	20	30	29.681644
	20	31	4.1231055
	20	32	70.11419
	20	33	2.828427
	20	34	49.396355
	20	35	44.04543
	20	36	17.0
	20	37	56.0357
	20	38	21.587032
	20	39	40.496914
	20	40	42.154476
	20	41	34.48188
	20	42	61.846584
	20	43	38.078865
	20	44	61.46544
	20	45	30.870699
	20	46	92.20087
	20	47	21.023796
	20	48	42.72002
	20	49	58.549126
	21	0	65.76473
	21	1	93.53609
	21	2	27.073973
	21	3	10.440307
	21	4	70.45566
	21	5	38.27532
	21	6	58.189346
	21	7	42.047592
	21	8	64.14047
	21	9	69.77106
	21	10	79.22752
	21	11	74.68601
	21	12	106.06602
	21	13	44.922153
	21	14	75.690155
	21	15	67.47592
	21	16	40.311287
	21	17	77.89737
	21	18	88.32327
	21	19	71.50524
	21	20	86.00581
	21	21	0.0
	21	22	104.95713
	21	23	49.819675
	21	24	74.094536
	21	25	37.336308
	21	26	65.11528
	21	27	24.166092
	21	28	61.220913
	21	29	51.42956
	21	30	63.63961
	21	31	83.57033
	21	32	39.051247
	21	33	85.0
	21	34	36.67424
	21	35	50.20956
	21	36	80.80842
	21	37	33.06055
	21	38	69.89278
	21	39	46.572525
	21	40	43.863426
	21	41	70.724815
	21	42	97.52948
	21	43	64.00781
	21	44	24.596748
	21	45	66.27216
	21	46	21.587032
	21	47	97.082436
	21	48	44.38468
	21	49	90.24966
	22	0	59.135437
	22	1	44.102154
	22	2	81.68843
	22	3	94.873604
	22	4	50.159744
	22	5	94.81033
	22	6	80.95678
	22	7	116.82465
	22	8	93.77633
	22	9	35.608986
	22	10	49.24429
	22	11	89.98889
	22	12	4.2426405
	22	13	81.84131
	22	14	75.9276
	22	15	47.042534
	22	16	66.85058
	22	17	27.202942
	22	18	78.160095
	22	19	42.0119
	22	20	22.825424
	22	21	104.95713
	22	22	0.0
	22	23	99.12618
	22	24	30.88689
	22	25	86.683334
	22	26	70.93659
	22	27	110.34492
	22	28	52.34501
	22	29	53.823788
	22	30	52.478565
	22	31	26.832815
	22	32	82.565125
	22	33	22.203604
	22	34	68.50548
	22	35	57.870544
	22	36	38.600517
	22	37	77.155685
	22	38	35.341194
	22	39	61.554855
	22	40	61.611687
	22	41	41.109608
	22	42	80.09994
	22	43	60.835846
	22	44	80.454956
	22	45	53.66563
	22	46	113.35784
	22	47	10.049875
	22	48	63.702435
	22	49	78.05767
	23	0	89.358826
	23	1	67.80118
	23	2	35.1141
	23	3	44.687805
	23	4	89.005615
	23	5	12.206555
	23	6	20.0
	23	7	22.135944
	23	8	16.124516
	23	9	67.06713
	23	10	54.48853
	23	11	28.071337
	23	12	98.1835
	23	13	18.439089
	23	14	35.735138
	23	15	83.09633
	23	16	61.0
	23	17	74.84651
	23	18	46.52956
	23	19	84.48077
	23	20	76.321686
	23	21	49.819675
	23	22	99.12618
	23	23	0.0
	23	24	74.0
	23	25	76.02631
	23	26	31.400637
	23	27	30.364452
	23	28	79.00633
	23	29	54.451813
	23	30	46.647614
	23	31	72.40166
	23	32	75.23962
	23	33	77.02597
	23	34	47.38143
	23	35	67.11929
	23	36	62.482
	23	37	33.54102
	23	38	72.53275
	23	39	43.416588
	23	40	49.010204
	23	41	82.607506
	23	42	55.226807
	23	43	39.051247
	23	44	45.310043
	23	45	45.80393
	23	46	35.44009
	23	47	95.27329
	23	48	42.190044
	23	49	48.507732
	24	0	37.215588
	24	1	41.725292
	24	2	51.62364
	24	3	64.070274
	24	4	29.832869
	24	5	67.53518
	24	6	58.549126
	24	7	89.1852
	24	8	72.443085
	24	9	7.071068
	24	10	36.67424
	24	11	72.11102
	24	12	32.31099
	24	13	55.713554
	24	14	59.841457
	24	15	23.853722
	24	16	36.40055
	24	17	5.0990195
	24	18	66.730804
	24	19	20.518284
	24	20	16.763054
	24	21	74.094536
	24	22	30.88689
	24	23	74.0
	24	24	0.0
	24	25	58.034473
	24	26	51.009804
	24	27	80.80842
	24	28	26.57066
	24	29	23.345236
	24	30	30.0
	24	31	17.492855
	24	32	54.00926
	24	33	14.3178215
	24	34	37.802116
	24	35	28.160255
	24	36	27.202942
	24	37	47.63402
	24	38	5.0
	24	39	32.449963
	24	40	31.144823
	24	41	18.439089
	24	42	72.013885
	24	43	40.012497
	24	44	49.648766
	24	45	33.13608
	24	46	83.450584
	24	47	23.345236
	24	48	34.4093
	24	49	67.41662
	25	0	33.42155
	25	1	92.0489
	25	2	41.340054
	25	3	34.36568
	25	4	40.81666
	25	5	63.97656
	25	6	75.073296
	25	7	76.11833
	25	8	86.023254
	25	9	57.21888
	25	10	80.23092
	25	11	93.50936
	25	12	89.106674
	25	13	62.801273
	25	14	88.72993
	25	15	40.853397
	25	16	24.351591
	25	17	63.007935
	25	18	100.60318
	25	19	45.88028
	25	20	74.06078
	25	21	37.336308
	25	22	86.683334
	25	23	76.02631
	25	24	58.034473
	25	25	0.0
	25	26	76.6942
	25	27	59.211487
	25	28	34.785053
	25	29	43.32436
	25	30	64.40497
	25	31	73.33485
	25	32	4.1231055
	25	33	72.00694
	25	34	35.0
	25	35	30.016663
	25	36	76.655075
	25	37	44.82187
	25	38	53.037724
	25	39	47.169907
	25	40	39.824615
	25	41	46.173584
	25	42	109.041275
	25	43	70.178345
	25	44	31.06445
	25	45	68.42514
	25	46	58.0
	25	47	77.12976
	25	48	46.043457
	25	49	102.20078
	26	0	77.388626
	26	1	36.40055
	26	2	39.56008
	26	3	56.044624
	26	4	74.0
	26	5	33.24154
	26	6	11.401754
	26	7	52.83938
	26	8	22.847319
	26	9	44.04543
	26	10	23.43075
	26	11	21.213203
	26	12	69.354164
	26	13	21.023796
	26	14	12.0415945
	26	15	67.357254
	26	16	54.56189
	26	17	50.159744
	26	18	24.186773
	26	19	66.94027
	26	20	48.38388
	26	21	65.11528
	26	22	70.93659
	26	23	31.400637
	26	24	51.009804
	26	25	76.6942
	26	26	0.0
	26	27	54.91812
	26	28	65.39113
	26	29	39.357338
	26	30	21.023796
	26	31	44.27189
	26	32	74.330345
	26	33	49.729267
	26	34	41.773197
	26	35	56.0803
	26	36	32.649654
	26	37	34.0147
	26	38	51.351727
	26	39	30.610456
	26	40	38.418747
	26	41	64.7611
	26	42	33.105892
	26	43	11.0
	26	44	47.88528
	26	45	18.110771
	26	46	59.682495
	26	47	68.88396
	26	48	31.144823
	26	49	25.942244
	27	0	82.710335
	27	1	88.95505
	27	2	29.410883
	27	3	25.0
	27	4	85.44004
	27	5	22.022715
	27	6	45.099888
	27	7	17.888544
	27	8	46.32494
	27	9	74.96666
	27	10	74.46476
	27	11	58.0517
	27	12	110.535065
	27	13	34.20526
	27	14	63.03174
	27	15	81.02469
	27	16	54.08327
	27	17	83.450584
	27	18	75.026665
	27	19	84.07735
	27	20	88.86507
	27	21	24.166092
	27	22	110.34492
	27	23	30.364452
	27	24	80.80842
	27	25	59.211487
	27	26	54.91812
	27	27	0.0
	27	28	75.39231
	27	29	57.628117
	27	30	61.400326
	27	31	85.60374
	27	32	60.00833
	27	33	88.61716
	27	34	44.418465
	27	35	63.15853
	27	36	79.25907
	27	37	33.24154
	27	38	77.62087
	27	39	48.79549
	27	40	50.0
	27	41	82.764725
	27	42	84.095184
	27	43	57.939625
	27	44	35.1141
	27	45	62.609905
	27	46	5.0990195
	27	47	104.062485
	27	48	46.66905
	27	49	77.02597
	28	0	12.206555
	28	1	66.85058
	28	2	47.296936
	28	3	53.0
	28	4	10.198039
	28	5	69.260376
	28	6	69.12308
	28	7	88.29496
	28	8	82.764725
	28	9	28.84441
	28	10	58.694122
	28	11	86.034874
	28	12	55.081757
	28	13	61.204575
	28	14	76.47875
	28	15	6.4031243
	28	16	21.470911
	28	17	31.622776
	28	18	85.98256
	28	19	11.18034
	28	20	43.32436
	28	21	61.220913
	28	22	52.34501
	28	23	79.00633
	28	24	26.57066
	28	25	34.785053
	28	26	65.39113
	28	27	75.39231
	28	28	0.0
	28	29	26.24881
	28	30	46.32494
	28	31	43.863426
	28	32	30.675724
	28	33	40.804413
	28	34	32.38827
	28	35	12.369317
	28	36	51.40039
	28	37	46.270943
	28	38	21.931713
	28	39	36.67424
	28	40	30.066593
	28	41	11.401754
	28	42	92.800865
	28	43	55.470715
	28	44	40.311287
	28	45	50.47772
	28	46	76.48529
	28	47	42.579338
	28	48	37.336308
	28	49	87.0919
	29	0	38.078865
	29	1	48.76474
	29	2	28.319605
	29	3	41.18252
	29	4	35.510563
	29	5	46.173584
	29	6	42.953465
	29	7	67.11929
	29	8	56.718605
	29	9	18.35756
	29	10	37.12142
	29	11	59.808025
	29	12	54.708317
	29	13	36.124783
	29	14	50.77401
	29	15	29.15476
	29	16	18.973665
	29	17	26.627054
	29	18	61.073727
	29	19	30.066593
	29	20	34.785053
	29	21	51.42956
	29	22	53.823788
	29	23	54.451813
	29	24	23.345236
	29	25	43.32436
	29	26	39.357338
	29	27	57.628117
	29	28	26.24881
	29	29	0.0
	29	30	22.022715
	29	31	32.75668
	29	32	39.92493
	29	33	33.61547
	29	34	14.764823
	29	35	17.029387
	29	36	33.54102
	29	37	24.698177
	29	38	20.0
	29	39	11.045361
	29	40	7.81025
	29	41	28.160255
	29	42	68.593
	29	43	30.0
	29	44	26.832815
	29	45	26.24881
	29	46	60.1415
	29	47	46.69047
	29	48	12.369317
	29	49	62.369865
	30	0	58.5235
	30	1	30.016663
	30	2	36.67424
	30	3	53.338543
	30	4	54.129475
	30	5	43.13931
	30	6	29.12044
	30	7	65.06919
	30	8	42.755116
	30	9	23.021729
	30	10	16.27882
	30	11	42.190044
	30	12	51.613953
	30	13	29.732138
	30	14	30.675724
	30	15	47.423622
	30	16	40.311287
	30	17	29.427877
	30	18	39.661064
	30	19	46.486557
	30	20	29.681644
	30	21	63.63961
	30	22	52.478565
	30	23	46.647614
	30	24	30.0
	30	25	64.40497
	30	26	21.023796
	30	27	61.400326
	30	28	46.32494
	30	29	22.022715
	30	30	0.0
	30	31	25.806976
	30	32	61.294373
	30	33	30.413813
	30	34	30.805843
	30	35	38.8973
	30	36	17.888544
	30	37	30.805843
	30	38	30.413813
	30	39	18.248287
	30	40	24.698177
	30	41	44.27189
	30	42	46.75468
	30	43	10.049875
	30	44	41.04875
	30	45	4.2426405
	30	46	65.29931
	30	47	49.0408
	30	48	20.09975
	30	49	40.804413
	31	0	54.708317
	31	1	25.0
	31	2	58.18075
	31	3	73.1642
	31	4	47.201694
	31	5	68.68042
	31	6	54.129475
	31	7	90.68627
	31	8	67.06713
	31	9	16.124516
	31	10	24.020824
	31	11	63.953106
	31	12	25.806976
	31	13	55.443665
	31	14	50.24938
	31	15	41.340054
	31	16	50.01
	31	17	12.806249
	31	18	54.451813
	31	19	37.802116
	31	20	4.1231055
	31	21	83.57033
	31	22	26.832815
	31	23	72.40166
	31	24	17.492855
	31	25	73.33485
	31	26	44.27189
	31	27	85.60374
	31	28	43.863426
	31	29	32.75668
	31	30	25.806976
	31	31	0.0
	31	32	69.46222
	31	33	6.0827627
	31	34	47.127487
	31	35	43.416588
	31	36	13.038404
	31	37	53.0
	31	38	21.931713
	31	39	37.589893
	31	40	39.849716
	31	41	35.805027
	31	42	58.24088
	31	43	34.0147
	31	44	59.135437
	31	45	26.832815
	31	46	89.050545
	31	47	25.079872
	31	48	39.824615
	31	49	54.74486
	32	0	29.732138
	32	1	88.54378
	32	2	40.24922
	32	3	35.014282
	32	4	36.891735
	32	5	63.324562
	32	6	73.24616
	32	7	76.53104
	32	8	84.59905
	32	9	53.338543
	32	10	76.96753
	32	11	91.67879
	32	12	85.0
	32	13	61.294373
	32	14	86.37129
	32	15	36.769554
	32	16	21.023796
	32	17	59.0
	32	18	98.0816
	32	19	41.785164
	32	20	70.11419
	32	21	39.051247
	32	22	82.565125
	32	23	75.23962
	32	24	54.00926
	32	25	4.1231055
	32	26	74.330345
	32	27	60.00833
	32	28	30.675724
	32	29	39.92493
	32	30	61.294373
	32	31	69.46222
	32	32	0.0
	32	33	68.0294
	32	34	32.55764
	32	35	26.076809
	32	36	73.082146
	32	37	43.266617
	32	38	49.010204
	32	39	44.407207
	32	40	36.891735
	32	41	42.059483
	32	42	106.400185
	32	43	67.424034
	32	44	29.966648
	32	45	65.36819
	32	46	59.135437
	32	47	73.00685
	32	48	43.416588
	32	49	99.63935
	33	0	50.990196
	33	1	30.528675
	33	2	60.464867
	33	3	74.68601
	33	4	43.046486
	33	5	72.62231
	33	6	59.236813
	33	7	94.641426
	33	8	72.42237
	33	9	15.524175
	33	10	30.066593
	33	11	69.72087
	33	12	21.931713
	33	13	59.64059
	33	14	56.142673
	33	15	37.576588
	33	16	49.497475
	33	17	9.219544
	33	18	60.530983
	33	19	33.61547
	33	20	2.828427
	33	21	85.0
	33	22	22.203604
	33	23	77.02597
	33	24	14.3178215
	33	25	72.00694
	33	26	49.729267
	33	27	88.61716
	33	28	40.804413
	33	29	33.61547
	33	30	30.413813
	33	31	6.0827627
	33	32	68.0294
	33	33	0.0
	33	34	48.332184
	33	35	42.0
	33	36	19.104973
	33	37	55.605755
	33	38	19.235384
	33	39	40.0
	33	40	41.14608
	33	41	31.764761
	33	42	64.288414
	33	43	39.217342
	33	44	60.41523
	33	45	31.95309
	33	46	91.83137
	33	47	19.235384
	33	48	42.201897
	33	49	60.827625
	34	0	42.047592
	34	1	60.299255
	34	2	15.231546
	34	3	26.41969
	34	4	42.579338
	34	5	37.01351
	34	6	41.340054
	34	7	56.044624
	34	8	53.712196
	34	9	33.12099
	34	10	47.07441
	34	11	59.64059
	34	12	69.46222
	34	13	30.675724
	34	14	53.814495
	34	15	37.363083
	34	16	13.928389
	34	17	41.340054
	34	18	65.60488
	34	19	39.92493
	34	20	49.396355
	34	21	36.67424
	34	22	68.50548
	34	23	47.38143
	34	24	37.802116
	34	25	35.0
	34	26	41.773197
	34	27	44.418465
	34	28	32.38827
	34	29	14.764823
	34	30	30.805843
	34	31	47.127487
	34	32	32.55764
	34	33	48.332184
	34	34	0.0
	34	35	20.09975
	34	36	46.010868
	34	37	14.0
	34	38	33.970577
	34	39	12.649111
	34	40	7.28011
	34	41	38.483765
	34	42	74.06078
	34	43	35.35534
	34	44	12.083046
	34	45	34.48188
	34	46	46.400433
	34	47	61.073727
	34	48	11.18034
	34	49	67.20119
	35	0	22.36068
	35	1	63.560993
	35	2	34.928497
	35	3	41.400482
	35	4	22.561028
	35	5	57.07889
	35	6	58.5235
	35	7	75.9276
	35	8	71.8401
	35	9	27.294687
	35	10	53.25411
	35	11	76.05919
	35	12	59.908264
	35	13	49.648766
	35	14	67.6757
	35	15	17.888544
	35	16	9.899495
	35	17	33.06055
	35	18	78.10249
	35	19	21.400934
	35	20	44.04543
	35	21	50.20956
	35	22	57.870544
	35	23	67.11929
	35	24	28.160255
	35	25	30.016663
	35	26	56.0803
	35	27	63.15853
	35	28	12.369317
	35	29	17.029387
	35	30	38.8973
	35	31	43.416588
	35	32	26.076809
	35	33	42.0
	35	34	20.09975
	35	35	0.0
	35	36	47.92703
	35	37	34.058773
	35	38	23.194826
	35	39	26.0
	35	40	18.681541
	35	41	20.518284
	35	42	85.58621
	35	43	47.010635
	35	44	28.178005
	35	45	43.13931
	35	46	64.412735
	35	47	48.8467
	35	48	26.24881
	35	49	79.397736
	36	0	63.126858
	36	1	15.652476
	36	2	54.120235
	36	3	70.40597
	36	4	56.586216
	36	5	60.440052
	36	6	43.266617
	36	7	82.13403
	36	8	55.461697
	36	9	22.671568
	36	10	11.0
	36	11	51.41984
	36	12	36.769554
	36	13	46.8615
	36	14	37.48333
	36	15	50.20956
	36	16	52.392746
	36	17	23.70654
	36	18	41.4367
	36	19	47.507893
	36	20	17.0
	36	21	80.80842
	36	22	38.600517
	36	23	62.482
	36	24	27.202942
	36	25	76.655075
	36	26	32.649654
	36	27	79.25907
	36	28	51.40039
	36	29	33.54102
	36	30	17.888544
	36	31	13.038404
	36	32	73.082146
	36	33	19.104973
	36	34	46.010868
	36	35	47.92703
	36	36	0.0
	36	37	48.38388
	36	38	30.413813
	36	39	34.36568
	36	40	39.012817
	36	41	45.343136
	36	42	45.54119
	36	43	23.43075
	36	44	57.31492
	36	45	17.029387
	36	46	83.18654
	36	47	38.013157
	36	48	36.496574
	36	49	41.773197
	37	0	56.0357
	37	1	60.530983
	37	2	6.0
	37	3	23.021729
	37	4	56.435802
	37	5	23.021729
	37	6	30.413813
	37	7	42.72002
	37	8	41.340054
	37	9	41.725292
	37	10	46.173584
	37	11	48.79549
	37	12	77.46612
	37	13	18.027756
	37	14	45.65085
	37	15	50.990196
	37	16	27.45906
	37	17	50.20956
	37	18	58.137768
	37	19	53.160137
	37	20	56.0357
	37	21	33.06055
	37	22	77.155685
	37	23	33.54102
	37	24	47.63402
	37	25	44.82187
	37	26	34.0147
	37	27	33.24154
	37	28	46.270943
	37	29	24.698177
	37	30	30.805843
	37	31	53.0
	37	32	43.266617
	37	33	55.605755
	37	34	14.0
	37	35	34.058773
	37	36	48.38388
	37	37	0.0
	37	38	44.65423
	37	39	15.6205
	37	40	17.464249
	37	41	51.546097
	37	42	67.11929
	37	43	31.144823
	37	44	14.21267
	37	45	33.24154
	37	46	36.23534
	37	47	70.837845
	37	48	13.453624
	37	49	59.933296
	38	0	33.01515
	38	1	45.453274
	38	2	48.270073
	38	3	60.0
	38	4	26.172504
	38	5	65.39113
	38	6	58.077534
	38	7	86.76981
	38	8	72.06247
	38	9	8.062258
	38	10	39.115215
	38	11	72.56032
	38	12	37.0
	38	13	54.120235
	38	14	60.876926
	38	15	19.849434
	38	16	31.622776
	38	17	10.049875
	38	18	68.54196
	38	19	17.20465
	38	20	21.587032
	38	21	69.89278
	38	22	35.341194
	38	23	72.53275
	38	24	5.0
	38	25	53.037724
	38	26	51.351727
	38	27	77.62087
	38	28	21.931713
	38	29	20.0
	38	30	30.413813
	38	31	21.931713
	38	32	49.010204
	38	33	19.235384
	38	34	33.970577
	38	35	23.194826
	38	36	30.413813
	38	37	44.65423
	38	38	0.0
	38	39	29.966648
	38	40	27.658634
	38	41	15.0
	38	42	74.30343
	38	43	40.4475
	38	44	45.607018
	38	45	33.955853
	38	46	80.05623
	38	47	27.202942
	38	48	31.764761
	38	49	69.354164
	39	0	48.08326
	39	1	48.04165
	39	2	20.59126
	39	3	36.138622
	39	4	46.270943
	39	5	35.468296
	39	6	32.572994
	39	7	56.82429
	39	8	46.09772
	39	9	26.24881
	39	10	34.525352
	39	11	50.08992
	39	12	61.846584
	39	13	25.079872
	39	14	42.520584
	39	15	40.04997
	39	16	24.04163
	39	17	34.713108
	39	18	53.814495
	39	19	41.109608
	39	20	40.496914
	39	21	46.572525
	39	22	61.554855
	39	23	43.416588
	39	24	32.449963
	39	25	47.169907
	39	26	30.610456
	39	27	48.79549
	39	28	36.67424
	39	29	11.045361
	39	30	18.248287
	39	31	37.589893
	39	32	44.407207
	39	33	40.0
	39	34	12.649111
	39	35	26.0
	39	36	34.36568
	39	37	15.6205
	39	38	29.966648
	39	39	0.0
	39	40	7.81025
	39	41	39.20459
	39	42	62.008064
	39	43	23.021729
	39	44	23.021729
	39	45	21.84033
	39	46	51.855568
	39	47	55.443665
	39	48	2.236068
	39	49	55.31727
	40	0	41.0
	40	1	53.600372
	40	2	20.615528
	40	3	33.54102
	40	4	40.0
	40	5	39.812057
	40	6	39.92493
	40	7	60.166435
	40	8	53.160137
	40	9	26.076809
	40	10	40.804413
	40	11	57.706154
	40	12	62.433964
	40	13	31.144823
	40	14	50.32892
	40	15	34.132095
	40	16	16.27882
	40	17	34.4093
	40	18	61.554855
	40	19	35.902645
	40	20	42.154476
	40	21	43.863426
	40	22	61.611687
	40	23	49.010204
	40	24	31.144823
	40	25	39.824615
	40	26	38.418747
	40	27	50.0
	40	28	30.066593
	40	29	7.81025
	40	30	24.698177
	40	31	39.849716
	40	32	36.891735
	40	33	41.14608
	40	34	7.28011
	40	35	18.681541
	40	36	39.012817
	40	37	17.464249
	40	38	27.658634
	40	39	7.81025
	40	40	0.0
	40	41	34.20526
	40	42	69.656296
	40	43	30.610456
	40	44	19.313208
	40	45	28.635643
	40	46	52.40229
	40	47	54.48853
	40	48	7.615773
	40	49	63.03174
	41	0	19.313208
	41	1	60.1415
	41	2	53.712196
	41	3	61.846584
	41	4	11.401754
	41	5	73.97973
	41	6	70.256676
	41	7	94.24436
	41	8	84.21401
	41	9	23.021729
	41	10	54.08327
	41	11	85.90693
	41	12	44.0
	41	13	64.28063
	41	14	74.94665
	41	15	6.0827627
	41	16	30.413813
	41	17	23.021729
	41	18	83.19255
	41	19	2.236068
	41	20	34.48188
	41	21	70.724815
	41	22	41.109608
	41	23	82.607506
	41	24	18.439089
	41	25	46.173584
	41	26	64.7611
	41	27	82.764725
	41	28	11.401754
	41	29	28.160255
	41	30	44.27189
	41	31	35.805027
	41	32	42.059483
	41	33	31.764761
	41	34	38.483765
	41	35	20.518284
	41	36	45.343136
	41	37	51.546097
	41	38	15.0
	41	39	39.20459
	41	40	34.20526
	41	41	0.0
	41	42	89.1852
	41	43	54.120235
	41	44	48.259712
	41	45	48.104053
	41	46	84.38009
	41	47	31.257
	41	48	40.4475
	41	49	84.07735
	42	0	105.0
	42	1	36.013885
	42	2	72.615425
	42	3	88.86507
	42	4	99.8599
	42	5	62.201286
	42	6	39.623226
	42	7	76.941536
	42	8	39.623226
	42	9	66.24198
	42	10	35.341194
	42	11	27.89265
	42	12	77.00649
	42	13	52.63079
	42	14	21.84033
	42	15	93.193344
	42	16	85.91275
	42	17	69.079666
	42	18	9.219544
	42	19	91.416626
	42	20	61.846584
	42	21	97.52948
	42	22	80.09994
	42	23	55.226807
	42	24	72.013885
	42	25	109.041275
	42	26	33.105892
	42	27	84.095184
	42	28	92.800865
	42	29	68.593
	42	30	46.75468
	42	31	58.24088
	42	32	106.400185
	42	33	64.288414
	42	34	74.06078
	42	35	85.58621
	42	36	45.54119
	42	37	67.11929
	42	38	74.30343
	42	39	62.008064
	42	40	69.656296
	42	41	89.1852
	42	42	0.0
	42	43	39.051247
	42	44	80.9506
	42	45	42.520584
	42	46	89.140335
	42	47	82.20097
	42	48	63.007935
	42	49	7.28011
	43	0	67.601776
	43	1	31.016125
	43	2	37.12142
	43	3	54.147945
	43	4	63.694584
	43	5	37.735924
	43	6	20.12461
	43	7	59.03389
	43	8	33.24154
	43	9	33.06055
	43	10	16.552946
	43	11	32.140316
	43	12	59.5399
	43	13	24.186773
	43	14	21.023796
	43	15	57.00877
	43	16	46.8615
	43	17	39.20459
	43	18	31.144823
	43	19	56.32051
	43	20	38.078865
	43	21	64.00781
	43	22	60.835846
	43	23	39.051247
	43	24	40.012497
	43	25	70.178345
	43	26	11.0
	43	27	57.939625
	43	28	55.470715
	43	29	30.0
	43	30	10.049875
	43	31	34.0147
	43	32	67.424034
	43	33	39.217342
	43	34	35.35534
	43	35	47.010635
	43	36	23.43075
	43	37	31.144823
	43	38	40.4475
	43	39	23.021729
	43	40	30.610456
	43	41	54.120235
	43	42	39.051247
	43	43	0.0
	43	44	43.68066
	43	45	7.28011
	43	46	62.297672
	43	47	58.24088
	43	48	24.186773
	43	49	32.526913
	44	0	47.853943
	44	1	71.00704
	44	2	10.29563
	44	3	14.422205
	44	4	50.32892
	44	5	33.526108
	44	6	44.598206
	44	7	49.162994
	44	8	55.0
	44	9	45.17743
	44	10	57.21888
	44	11	62.936478
	44	12	81.49233
	44	13	31.890438
	44	14	59.682495
	44	15	46.06517
	44	16	18.973665
	44	17	53.338543
	44	18	72.06941
	44	19	49.396355
	44	20	61.46544
	44	21	24.596748
	44	22	80.454956
	44	23	45.310043
	44	24	49.648766
	44	25	31.06445
	44	26	47.88528
	44	27	35.1141
	44	28	40.311287
	44	29	26.832815
	44	30	41.04875
	44	31	59.135437
	44	32	29.966648
	44	33	60.41523
	44	34	12.083046
	44	35	28.178005
	44	36	57.31492
	44	37	14.21267
	44	38	45.607018
	44	39	23.021729
	44	40	19.313208
	44	41	48.259712
	44	42	80.9506
	44	43	43.68066
	44	44	0.0
	44	45	44.28318
	44	46	36.23534
	44	47	72.8011
	44	48	21.0
	44	49	73.82411
	45	0	62.681736
	45	1	27.294687
	45	2	39.20459
	45	3	56.0803
	45	4	58.137768
	45	5	43.416588
	45	6	27.313
	45	7	65.11528
	45	8	40.5216
	45	9	26.305893
	45	10	13.0
	45	11	39.012817
	45	12	52.478565
	45	13	29.832869
	45	14	26.925823
	45	15	51.42956
	45	16	44.418465
	45	17	32.06244
	45	18	35.510563
	45	19	50.32892
	45	20	30.870699
	45	21	66.27216
	45	22	53.66563
	45	23	45.80393
	45	24	33.13608
	45	25	68.42514
	45	26	18.110771
	45	27	62.609905
	45	28	50.47772
	45	29	26.24881
	45	30	4.2426405
	45	31	26.832815
	45	32	65.36819
	45	33	31.95309
	45	34	34.48188
	45	35	43.13931
	45	36	17.029387
	45	37	33.24154
	45	38	33.955853
	45	39	21.84033
	45	40	28.635643
	45	41	48.104053
	45	42	42.520584
	45	43	7.28011
	45	44	44.28318
	45	45	0.0
	45	46	66.70832
	45	47	50.96077
	45	48	23.537205
	45	49	36.619667
	46	0	83.1685
	46	1	93.30059
	46	2	31.827662
	46	3	24.5153
	46	4	86.40602
	46	5	27.0
	46	6	50.039986
	46	7	21.400934
	46	8	51.41984
	46	9	77.83315
	46	10	78.77182
	46	11	63.15061
	46	12	113.70136
	46	13	38.832977
	46	14	68.007355
	46	15	82.29824
	46	16	55.03635
	46	17	86.313385
	46	18	80.05623
	46	19	85.58621
	46	20	92.20087
	46	21	21.587032
	46	22	113.35784
	46	23	35.44009
	46	24	83.450584
	46	25	58.0
	46	26	59.682495
	46	27	5.0990195
	46	28	76.48529
	46	29	60.1415
	46	30	65.29931
	46	31	89.050545
	46	32	59.135437
	46	33	91.83137
	46	34	46.400433
	46	35	64.412735
	46	36	83.18654
	46	37	36.23534
	46	38	80.05623
	46	39	51.855568
	46	40	52.40229
	46	41	84.38009
	46	42	89.140335
	46	43	62.297672
	46	44	36.23534
	46	45	66.70832
	46	46	0.0
	46	47	106.77547
	46	48	49.67897
	46	49	82.05486
	47	0	49.09175
	47	1	46.840153
	47	2	74.953316
	47	3	87.20092
	47	4	40.112343
	47	5	89.88882
	47	6	78.1089
	47	7	111.77209
	47	8	91.48224
	47	9	29.206163
	47	10	49.010204
	47	11	88.95505
	47	12	13.601471
	47	13	77.41447
	47	14	75.32596
	47	15	37.12142
	47	16	58.137768
	47	17	20.808653
	47	18	79.15807
	47	19	32.06244
	47	20	21.023796
	47	21	97.082436
	47	22	10.049875
	47	23	95.27329
	47	24	23.345236
	47	25	77.12976
	47	26	68.88396
	47	27	104.062485
	47	28	42.579338
	47	29	46.69047
	47	30	49.0408
	47	31	25.079872
	47	32	73.00685
	47	33	19.235384
	47	34	61.073727
	47	35	48.8467
	47	36	38.013157
	47	37	70.837845
	47	38	27.202942
	47	39	55.443665
	47	40	54.48853
	47	41	31.257
	47	42	82.20097
	47	43	58.24088
	47	44	72.8011
	47	45	50.96077
	47	46	106.77547
	47	47	0.0
	47	48	57.48913
	47	49	79.30952
	48	0	48.507732
	48	1	50.01
	48	2	18.35756
	48	3	33.955853
	48	4	47.095646
	48	5	33.83785
	48	6	32.31099
	48	7	55.00909
	48	8	45.607018
	48	9	28.319605
	48	10	36.345562
	48	11	50.119858
	48	12	64.03124
	48	13	24.0
	48	14	43.13931
	48	15	41.0
	48	16	23.43075
	48	17	36.796738
	48	18	54.67175
	48	19	42.296574
	48	20	42.72002
	48	21	44.38468
	48	22	63.702435
	48	23	42.190044
	48	24	34.4093
	48	25	46.043457
	48	26	31.144823
	48	27	46.66905
	48	28	37.336308
	48	29	12.369317
	48	30	20.09975
	48	31	39.824615
	48	32	43.416588
	48	33	42.201897
	48	34	11.18034
	48	35	26.24881
	48	36	36.496574
	48	37	13.453624
	48	38	31.764761
	48	39	2.236068
	48	40	7.615773
	48	41	40.4475
	48	42	63.007935
	48	43	24.186773
	48	44	21.0
	48	45	23.537205
	48	46	49.67897
	48	47	57.48913
	48	48	0.0
	48	49	56.22277
	49	0	99.29753
	49	1	34.525352
	49	2	65.39113
	49	3	81.596565
	49	4	94.51455
	49	5	55.081757
	49	6	32.38827
	49	7	70.40597
	49	8	33.24154
	49	9	61.326992
	49	10	31.04835
	49	11	21.931713
	49	12	75.23962
	49	13	45.35416
	49	14	14.56022
	49	15	87.81799
	49	16	79.30952
	49	17	64.84597
	49	18	2.0
	49	19	86.313385
	49	20	58.549126
	49	21	90.24966
	49	22	78.05767
	49	23	48.507732
	49	24	67.41662
	49	25	102.20078
	49	26	25.942244
	49	27	77.02597
	49	28	87.0919
	49	29	62.369865
	49	30	40.804413
	49	31	54.74486
	49	32	99.63935
	49	33	60.827625
	49	34	67.20119
	49	35	79.397736
	49	36	41.773197
	49	37	59.933296
	49	38	69.354164
	49	39	55.31727
	49	40	63.03174
